title,model,field_published_stock_code,field_product_type,field_spring_type,field_product_category,field_original_publication_date,field_published_in_us,field_published_in_mexico,field_published_in_india,field_published_in_china,field_published_in_uk,field_published_in_germany,field_published_in_italy,field_published_in_spain,field_published_in_france,field_product_series,field_revision,field_material,field_material_short_description,field_material_specification,field_outside_dia_bd_spe_in,field_outside_dia_base_in,field_outside_dia_base_mm,field_outside_dia_base_cm,field_outside_dia_tole_bd_spe_in,field_outside_dia_tole_in,field_outside_dia_tole_mm,field_outside_dia_tole_cm,field_free_len_bd_spe_in,field_free_len_in,field_free_len_mm,field_free_len_cm,field_free_len_tole_bd_spe_in,field_free_len_tole_in,field_free_len_tole_mm,field_free_len_tole_cm,field_rate_bd_spe_lb_in,field_rate_lb_in,field_rate_n_mm,field_rate_n_cm,field_rate_kg_mm,field_rate_kg_cm,field_rate_gm_mm,field_rate_gm_cm,field_rate_tole_bd_spe_lb_in,field_rate_tole_lb_in,field_rate_tole_n_mm,field_rate_tole_n_cm,field_rate_tole_kg_mm,field_rate_tole_kg_cm,field_rate_tole_gm_mm,field_rate_tole_gm_cm,field_inside_dia_bd_spe_in,field_inside_dia_in,field_inside_dia_mm,field_inside_dia_cm,field_ins_dia_tol_bld_spec_in,field_field_inside_dia_tol_in,field_field_inside_dia_tol_mm,field_field_inside_dia_tol_cm,field_total_coils_bd_spe,field_total_coils,field_wire_dia_bd_spe_in,field_wire_dia_in,field_wire_dia_mm,field_wire_dia_cm,field_end,field_initial_ten_bud_spec_lb,field_initial_tension_lb,field_initial_tension_n,field_initial_tension_kg,field_initial_tension_gm,field_initial_ten_tol_bud_spc_lb,field_initial_ten_tol_lb,field_initial_ten_tol_n,field_initial_ten_tol_kg,field_initial_ten_tol_gm,field_max_load_build_spec_lb,field_max_load_lb,field_max_load_n,field_max_load_kg,field_max_load_gm,field_max_extend_len_bd_spe_in,field_max_extended_length_in,field_max_extended_length_mm,field_max_extended_length_cm,field_body_length_build_spec_in,field_body_length_in,field_body_length_mm,field_body_length_cm,field_direction_of_wind,field_finish,field_weight_per_item_lb,field_loop_insid_dia_bd_spec_in,field_loop_inside_diameter_in,field_loop_inside_diameter_mm,field_loop_inside_diameter_cm,field_loop_position,field_loop_opening_build_spec_in,field_loop_opening_in,field_loop_opening_mm,field_loop_opening_cm
LE 045D 16 S,LE 045D 16 S,LE045D16S,Extension Spring,11,Stock,,Yes,Yes,Yes,Yes,Yes,Yes,Yes,Yes,Yes,Standard Extension Series (inch),NR,Stainless Steel,SS,ASTM A313,0.375,0.375,9.53,0.953,0.01,0.01,0.25,0.025,5.5,5.5,139.7,13.97,0.093,0.093,2.36,0.236,1.317,1.317,0.231,2.31,0.0235,0.235,23.5,235,0.132,0.132,0.0231,0.231,0.00236,0.0236,2.36,23.6,0.285,0.285,7.24,0.724,REF,Reference,Reference,Reference,108.3,108.3,0.045,0.045,1.14,0.114,Standard Loops,0.9996,0.9996,4.446,0.4534,453.4,0.19992,0.19992,0.8893,0.09068,90.68,8.333,8.333,37.067,3.7798,3779.8,11.068,11.068,281.13,28.113,4.93,4.93,125.22,12.522,Factory Option,Passivate per ASTM A967,0.055,0.285,0.285,7.24,0.724,Random,0.045,0.045,1.14,0.114
LE 045D 16 S316,LE 045D 16 S316,LE045D16S316,Extension Spring,11,Stock,,Yes,Yes,Yes,Yes,Yes,Yes,Yes,Yes,Yes,Standard Extension Series (inch),NR,Stainless Steel Type 316,SS 316,ASTM A313,0.375,0.375,9.53,0.953,0.01,0.01,0.25,0.025,5.5,5.5,139.7,13.97,0.093,0.093,2.36,0.236,1.317,1.317,0.231,2.31,0.0235,0.235,23.5,235,0.132,0.132,0.0231,0.231,0.00236,0.0236,2.36,23.6,0.285,0.285,7.24,0.724,REF,Reference,Reference,Reference,108.3,108.3,0.045,0.045,1.14,0.114,Standard Loops,0.9996,0.9996,4.446,0.4534,453.4,0.19992,0.19992,0.8893,0.09068,90.68,6.249,6.249,27.797,2.8345,2834.5,9.485,9.485,240.92,24.092,4.93,4.93,125.22,12.522,Factory Option,Ultrasonically Passivate with Citric Acid for 10 mins At 131 Deg F,0.055,0.285,0.285,7.24,0.724,Random,0.045,0.045,1.14,0.114
LE 045D 17 M,LE 045D 17 M,LE045D17M,Extension Spring,11,Stock,,Yes,Yes,Yes,Yes,Yes,Yes,Yes,Yes,Yes,Standard Extension Series (inch),NR,Music Wire,MW,ASTM A228,0.375,0.375,9.53,0.953,0.01,0.01,0.25,0.025,6,6,152.4,15.24,0.093,0.093,2.36,0.236,1.43,1.43,0.25,2.5,0.0255,0.255,25.5,255,0.143,0.143,0.025,0.25,0.00255,0.0255,2.55,25.5,0.285,0.285,7.24,0.724,REF,Reference,Reference,Reference,119.69,119.7,0.045,0.045,1.14,0.114,Standard Loops,1.2,1.2,5.338,0.5443,544.3,0.24,0.24,1.0676,0.10886,108.86,10,10,44.482,4.536,4536,12.154,12.154,308.71,30.871,5.43,5.43,137.92,13.792,Factory Option,Zinc Plate and Bake per ASTM B633,0.06,0.285,0.285,7.24,0.724,Random,0.045,0.045,1.14,0.114
LE 045D 17 S,LE 045D 17 S,LE045D17S,Extension Spring,11,Stock,,Yes,Yes,Yes,Yes,Yes,Yes,Yes,Yes,Yes,Standard Extension Series (inch),NR,Stainless Steel,SS,ASTM A313,0.375,0.375,9.53,0.953,0.01,0.01,0.25,0.025,6,6,152.4,15.24,0.12,0.12,3.05,0.305,1.1919,1.192,0.209,2.09,0.0213,0.213,21.3,213,0.119,0.119,0.0208,0.208,0.00213,0.0213,2.13,21.3,0.285,0.285,7.24,0.724,REF,Reference,Reference,Reference,119.67,119.7,0.045,0.045,1.14,0.114,Standard Loops,0.9996,0.9996,4.446,0.4534,453.4,0.19992,0.19992,0.8893,0.09068,90.68,8.333,8.333,37.067,3.7798,3779.8,12.15,12.15,308.61,30.861,5.43,5.43,137.92,13.792,Factory Option,Passivate per ASTM A967,0.061,0.285,0.285,7.24,0.724,Random,0.045,0.045,1.14,0.114
LE 045D 17 S316,LE 045D 17 S316,LE045D17S316,Extension Spring,11,Stock,,Yes,Yes,Yes,Yes,Yes,Yes,Yes,Yes,Yes,Standard Extension Series (inch),NR,Stainless Steel Type 316,SS 316,ASTM A313,0.375,0.375,9.53,0.953,0.01,0.01,0.25,0.025,6,6,152.4,15.24,0.12,0.12,3.05,0.305,1.1919,1.192,0.209,2.09,0.0213,0.213,21.3,213,0.119,0.119,0.0208,0.208,0.00213,0.0213,2.13,21.3,0.285,0.285,7.24,0.724,REF,Reference,Reference,Reference,119.67,119.7,0.045,0.045,1.14,0.114,Standard Loops,0.9996,0.9996,4.446,0.4534,453.4,0.19992,0.19992,0.8893,0.09068,90.68,6.249,6.249,27.797,2.8345,2834.5,10.404,10.404,264.26,26.426,5.43,5.43,137.92,13.792,Factory Option,Ultrasonically Passivate with Citric Acid for 10 mins At 131 Deg F,0.061,0.285,0.285,7.24,0.724,Random,0.045,0.045,1.14,0.114
LE 045DD 01M,LE 045DD 01M,LE045DD01M,Extension Spring,11,Stock,,Yes,Yes,Yes,Yes,Yes,Yes,Yes,Yes,Yes,Standard Extension Series (inch),NR,Music Wire,MW,ASTM A228,0.42,0.42,10.67,1.067,0.01,0.01,0.25,0.025,1,1,25.4,2.54,0.03,0.03,0.76,0.076,17.79,17.79,3.116,31.16,0.3177,3.177,317.7,3177,1.779,1.779,0.3116,3.116,0.03177,0.3177,31.77,317.7,0.33,0.33,8.38,0.838,REF,Reference,Reference,Reference,6.56,6.6,0.045,0.045,1.14,0.114,Standard Loops,0.9,0.9,4.003,0.4082,408.2,0.18,0.18,0.8007,0.08165,81.65,8.8,8.8,39.144,3.9917,3991.7,1.444,1.444,36.68,3.668,0.34,0.34,8.64,0.864,Factory Option,Zinc Plate and Bake per ASTM B633,0.00478,0.33,0.33,8.38,0.838,Random,0.045,0.045,1.14,0.114
LE 045DD 01S,LE 045DD 01S,LE045DD01S,Extension Spring,11,Stock,,Yes,Yes,Yes,Yes,Yes,Yes,Yes,Yes,Yes,Standard Extension Series (inch),NR,Stainless Steel,SS,ASTM A313,0.42,0.42,10.67,1.067,0.01,0.01,0.25,0.025,1,1,25.4,2.54,0.03,0.03,0.76,0.076,14.825,14.825,2.596,25.96,0.2647,2.647,264.7,2647,1.4825,1.4825,0.2596,2.596,0.02647,0.2647,26.47,264.7,0.33,0.33,8.38,0.838,REF,Reference,Reference,Reference,6.56,6.6,0.045,0.045,1.14,0.114,Standard Loops,0.75,0.75,3.336,0.3402,340.2,0.15,0.15,0.6672,0.06804,68.04,7.333,7.333,32.619,3.3262,3326.2,1.444,1.444,36.68,3.668,0.34,0.34,8.64,0.864,Factory Option,Passivate per ASTM A967,0.00481,0.33,0.33,8.38,0.838,Random,0.045,0.045,1.14,0.114
LE 045DD 01S316,LE 045DD 01S316,LE045DD01S316,Extension Spring,11,Stock,,Yes,Yes,Yes,Yes,Yes,Yes,Yes,Yes,Yes,Standard Extension Series (inch),NR,Stainless Steel Type 316,SS 316,ASTM A313,0.42,0.42,10.67,1.067,0.01,0.01,0.25,0.025,1,1,25.4,2.54,0.03,0.03,0.76,0.076,14.825,14.825,2.596,25.96,0.2647,2.647,264.7,2647,1.4825,1.4825,0.2596,2.596,0.02647,0.2647,26.47,264.7,0.33,0.33,8.38,0.838,REF,Reference,Reference,Reference,6.56,6.6,0.045,0.045,1.14,0.114,Standard Loops,0.75,0.75,3.336,0.3402,340.2,0.15,0.15,0.6672,0.06804,68.04,5.499,5.499,24.461,2.4943,2494.3,1.32,1.32,33.53,3.353,0.34,0.34,8.64,0.864,Factory Option,Ultrasonically Passivate with Citric Acid for 10 mins At 131 Deg F,0.00481,0.33,0.33,8.38,0.838,Random,0.045,0.045,1.14,0.114
LE 045DD 02M,LE 045DD 02M,LE045DD02M,Extension Spring,11,Stock,,Yes,Yes,Yes,Yes,Yes,Yes,Yes,Yes,Yes,Standard Extension Series (inch),NR,Music Wire,MW,ASTM A228,0.42,0.42,10.67,1.067,0.01,0.01,0.25,0.025,1.125,1.125,28.58,2.858,0.04,0.04,1.02,0.102,12.5,12.5,2.189,21.89,0.2232,2.232,223.2,2232,1.25,1.25,0.2189,2.189,0.02232,0.2232,22.32,223.2,0.33,0.33,8.38,0.838,REF,Reference,Reference,Reference,9.33,9.3,0.045,0.045,1.14,0.114,Standard Loops,0.9,0.9,4.003,0.4082,408.2,0.18,0.18,0.8007,0.08165,81.65,8.8,8.8,39.144,3.9917,3991.7,1.757,1.757,44.63,4.463,0.465,0.465,11.81,1.181,Factory Option,Zinc Plate and Bake per ASTM B633,0.00633,0.33,0.33,8.38,0.838,Random,0.045,0.045,1.14,0.114
LE 045DD 02S,LE 045DD 02S,LE045DD02S,Extension Spring,11,Stock,,Yes,Yes,Yes,Yes,Yes,Yes,Yes,Yes,Yes,Standard Extension Series (inch),NR,Stainless Steel,SS,ASTM A313,0.42,0.42,10.67,1.067,0.01,0.01,0.25,0.025,1.125,1.125,28.58,2.858,0.04,0.04,1.02,0.102,10.417,10.417,1.824,18.24,0.186,1.86,186,1860,1.0417,1.0417,0.1824,1.824,0.0186,0.186,18.6,186,0.33,0.33,8.38,0.838,REF,Reference,Reference,Reference,9.33,9.3,0.045,0.045,1.14,0.114,Standard Loops,0.75,0.75,3.336,0.3402,340.2,0.15,0.15,0.6672,0.06804,68.04,7.333,7.333,32.619,3.3262,3326.2,1.757,1.757,44.63,4.463,0.465,0.465,11.81,1.181,Factory Option,Passivate per ASTM A967,0.00638,0.33,0.33,8.38,0.838,Random,0.045,0.045,1.14,0.114
LE 045DD 02S316,LE 045DD 02S316,LE045DD02S316,Extension Spring,11,Stock,,Yes,Yes,Yes,Yes,Yes,Yes,Yes,Yes,Yes,Standard Extension Series (inch),NR,Stainless Steel Type 316,SS 316,ASTM A313,0.42,0.42,10.67,1.067,0.01,0.01,0.25,0.025,1.125,1.125,28.58,2.858,0.04,0.04,1.02,0.102,10.417,10.417,1.824,18.24,0.186,1.86,186,1860,1.0417,1.0417,0.1824,1.824,0.0186,0.186,18.6,186,0.33,0.33,8.38,0.838,REF,Reference,Reference,Reference,9.33,9.3,0.045,0.045,1.14,0.114,Standard Loops,0.75,0.75,3.336,0.3402,340.2,0.15,0.15,0.6672,0.06804,68.04,5.499,5.499,24.461,2.4943,2494.3,1.58,1.58,40.13,4.013,0.465,0.465,11.81,1.181,Factory Option,Ultrasonically Passivate with Citric Acid for 10 mins At 131 Deg F,0.00638,0.33,0.33,8.38,0.838,Random,0.045,0.045,1.14,0.114
LE 045DD 03M,LE 045DD 03M,LE045DD03M,Extension Spring,11,Stock,,Yes,Yes,Yes,Yes,Yes,Yes,Yes,Yes,Yes,Standard Extension Series (inch),NR,Music Wire,MW,ASTM A228,0.42,0.42,10.67,1.067,0.01,0.01,0.25,0.025,1.25,1.25,31.75,3.175,0.04,0.04,1.02,0.102,9.63,9.63,1.687,16.87,0.172,1.72,172,1720,0.963,0.963,0.1687,1.687,0.0172,0.172,17.2,172,0.33,0.33,8.38,0.838,REF,Reference,Reference,Reference,12.11,12.1,0.045,0.045,1.14,0.114,Standard Loops,0.9,0.9,4.003,0.4082,408.2,0.18,0.18,0.8007,0.08165,81.65,8.8,8.8,39.144,3.9917,3991.7,2.07,2.07,52.58,5.258,0.59,0.59,14.99,1.499,Factory Option,Zinc Plate and Bake per ASTM B633,0.00788,0.33,0.33,8.38,0.838,Random,0.045,0.045,1.14,0.114
LE 045DD 03S,LE 045DD 03S,LE045DD03S,Extension Spring,11,Stock,,Yes,Yes,Yes,Yes,Yes,Yes,Yes,Yes,Yes,Standard Extension Series (inch),NR,Stainless Steel,SS,ASTM A313,0.42,0.42,10.67,1.067,0.01,0.01,0.25,0.025,1.25,1.25,31.75,3.175,0.04,0.04,1.02,0.102,8.025,8.025,1.405,14.05,0.1433,1.433,143.3,1433,0.8025,0.8025,0.1405,1.405,0.01433,0.1433,14.33,143.3,0.33,0.33,8.38,0.838,REF,Reference,Reference,Reference,12.11,12.1,0.045,0.045,1.14,0.114,Standard Loops,0.75,0.75,3.336,0.3402,340.2,0.15,0.15,0.6672,0.06804,68.04,7.333,7.333,32.619,3.3262,3326.2,2.07,2.07,52.58,5.258,0.59,0.59,14.99,1.499,Factory Option,Passivate per ASTM A967,0.00794,0.33,0.33,8.38,0.838,Random,0.045,0.045,1.14,0.114
LE 045DD 03S316,LE 045DD 03S316,LE045DD03S316,Extension Spring,11,Stock,,Yes,Yes,Yes,Yes,Yes,Yes,Yes,Yes,Yes,Standard Extension Series (inch),NR,Stainless Steel Type 316,SS 316,ASTM A313,0.42,0.42,10.67,1.067,0.01,0.01,0.25,0.025,1.25,1.25,31.75,3.175,0.04,0.04,1.02,0.102,8.025,8.025,1.405,14.05,0.1433,1.433,143.3,1433,0.8025,0.8025,0.1405,1.405,0.01433,0.1433,14.33,143.3,0.33,0.33,8.38,0.838,REF,Reference,Reference,Reference,12.11,12.1,0.045,0.045,1.14,0.114,Standard Loops,0.75,0.75,3.336,0.3402,340.2,0.15,0.15,0.6672,0.06804,68.04,5.499,5.499,24.461,2.4943,2494.3,1.841,1.841,46.76,4.676,0.59,0.59,14.99,1.499,Factory Option,Ultrasonically Passivate with Citric Acid for 10 mins At 131 Deg F,0.00794,0.33,0.33,8.38,0.838,Random,0.045,0.045,1.14,0.114
LE 045DD 04M,LE 045DD 04M,LE045DD04M,Extension Spring,11,Stock,,Yes,Yes,Yes,Yes,Yes,Yes,Yes,Yes,Yes,Standard Extension Series (inch),NR,Music Wire,MW,ASTM A228,0.42,0.42,10.67,1.067,0.01,0.01,0.25,0.025,1.375,1.375,34.93,3.493,0.04,0.04,1.02,0.102,7.83,7.83,1.371,13.71,0.1398,1.398,139.8,1398,0.783,0.783,0.1371,1.371,0.01398,0.1398,13.98,139.8,0.33,0.33,8.38,0.838,REF,Reference,Reference,Reference,14.89,14.9,0.045,0.045,1.14,0.114,Standard Loops,0.9,0.9,4.003,0.4082,408.2,0.18,0.18,0.8007,0.08165,81.65,8.8,8.8,39.144,3.9917,3991.7,2.384,2.384,60.55,6.055,0.715,0.715,18.16,1.816,Factory Option,Zinc Plate and Bake per ASTM B633,0.00944,0.33,0.33,8.38,0.838,Random,0.045,0.045,1.14,0.114
LE 045DD 04S,LE 045DD 04S,LE045DD04S,Extension Spring,11,Stock,,Yes,Yes,Yes,Yes,Yes,Yes,Yes,Yes,Yes,Standard Extension Series (inch),NR,Stainless Steel,SS,ASTM A313,0.42,0.42,10.67,1.067,0.01,0.01,0.25,0.025,1.375,1.375,34.93,3.493,0.04,0.04,1.02,0.102,6.525,6.525,1.143,11.43,0.1165,1.165,116.5,1165,0.6525,0.6525,0.1143,1.143,0.01165,0.1165,11.65,116.5,0.33,0.33,8.38,0.838,REF,Reference,Reference,Reference,14.89,14.9,0.045,0.045,1.14,0.114,Standard Loops,0.75,0.75,3.336,0.3402,340.2,0.15,0.15,0.6672,0.06804,68.04,7.333,7.333,32.619,3.3262,3326.2,2.384,2.384,60.55,6.055,0.715,0.715,18.16,1.816,Factory Option,Passivate per ASTM A967,0.0095,0.33,0.33,8.38,0.838,Random,0.045,0.045,1.14,0.114
LE 045DD 04S316,LE 045DD 04S316,LE045DD04S316,Extension Spring,11,Stock,,Yes,Yes,Yes,Yes,Yes,Yes,Yes,Yes,Yes,Standard Extension Series (inch),NR,Stainless Steel Type 316,SS 316,ASTM A313,0.42,0.42,10.67,1.067,0.01,0.01,0.25,0.025,1.375,1.375,34.93,3.493,0.04,0.04,1.02,0.102,6.525,6.525,1.143,11.43,0.1165,1.165,116.5,1165,0.6525,0.6525,0.1143,1.143,0.01165,0.1165,11.65,116.5,0.33,0.33,8.38,0.838,REF,Reference,Reference,Reference,14.89,14.9,0.045,0.045,1.14,0.114,Standard Loops,0.75,0.75,3.336,0.3402,340.2,0.15,0.15,0.6672,0.06804,68.04,5.499,5.499,24.461,2.4943,2494.3,2.102,2.102,53.39,5.339,0.715,0.715,18.16,1.816,Factory Option,Ultrasonically Passivate with Citric Acid for 10 mins At 131 Deg F,0.0095,0.33,0.33,8.38,0.838,Random,0.045,0.045,1.14,0.114
LE 045DD 05M,LE 045DD 05M,LE045DD05M,Extension Spring,11,Stock,,Yes,Yes,Yes,Yes,Yes,Yes,Yes,Yes,Yes,Standard Extension Series (inch),NR,Music Wire,MW,ASTM A228,0.42,0.42,10.67,1.067,0.01,0.01,0.25,0.025,1.5,1.5,38.1,3.81,0.04,0.04,1.02,0.102,6.6,6.6,1.156,11.56,0.1179,1.179,117.9,1179,0.66,0.66,0.1156,1.156,0.01179,0.1179,11.79,117.9,0.33,0.33,8.38,0.838,REF,Reference,Reference,Reference,17.67,17.7,0.045,0.045,1.14,0.114,Standard Loops,0.9,0.9,4.003,0.4082,408.2,0.18,0.18,0.8007,0.08165,81.65,8.8,8.8,39.144,3.9917,3991.7,2.697,2.697,68.5,6.85,0.84,0.84,21.34,2.134,Factory Option,Zinc Plate and Bake per ASTM B633,0.01099,0.33,0.33,8.38,0.838,Random,0.045,0.045,1.14,0.114
LE 045DD 05S,LE 045DD 05S,LE045DD05S,Extension Spring,11,Stock,,Yes,Yes,Yes,Yes,Yes,Yes,Yes,Yes,Yes,Standard Extension Series (inch),NR,Stainless Steel,SS,ASTM A313,0.42,0.42,10.67,1.067,0.01,0.01,0.25,0.025,1.5,1.5,38.1,3.81,0.04,0.04,1.02,0.102,5.5,5.5,0.963,9.63,0.0982,0.982,98.2,982,0.55,0.55,0.0963,0.963,0.00982,0.0982,9.82,98.2,0.33,0.33,8.38,0.838,REF,Reference,Reference,Reference,17.67,17.7,0.045,0.045,1.14,0.114,Standard Loops,0.75,0.75,3.336,0.3402,340.2,0.15,0.15,0.6672,0.06804,68.04,7.333,7.333,32.619,3.3262,3326.2,2.697,2.697,68.5,6.85,0.84,0.84,21.34,2.134,Factory Option,Passivate per ASTM A967,0.01107,0.33,0.33,8.38,0.838,Random,0.045,0.045,1.14,0.114
LE 045DD 05S316,LE 045DD 05S316,LE045DD05S316,Extension Spring,11,Stock,,Yes,Yes,Yes,Yes,Yes,Yes,Yes,Yes,Yes,Standard Extension Series (inch),NR,Stainless Steel Type 316,SS 316,ASTM A313,0.42,0.42,10.67,1.067,0.01,0.01,0.25,0.025,1.5,1.5,38.1,3.81,0.04,0.04,1.02,0.102,5.5,5.5,0.963,9.63,0.0982,0.982,98.2,982,0.55,0.55,0.0963,0.963,0.00982,0.0982,9.82,98.2,0.33,0.33,8.38,0.838,REF,Reference,Reference,Reference,17.67,17.7,0.045,0.045,1.14,0.114,Standard Loops,0.75,0.75,3.336,0.3402,340.2,0.15,0.15,0.6672,0.06804,68.04,5.499,5.499,24.461,2.4943,2494.3,2.363,2.363,60.02,6.002,0.84,0.84,21.34,2.134,Factory Option,Ultrasonically Passivate with Citric Acid for 10 mins At 131 Deg F,0.01107,0.33,0.33,8.38,0.838,Random,0.045,0.045,1.14,0.114
LE 045DD 06M,LE 045DD 06M,LE045DD06M,Extension Spring,11,Stock,,Yes,Yes,Yes,Yes,Yes,Yes,Yes,Yes,Yes,Standard Extension Series (inch),NR,Music Wire,MW,ASTM A228,0.42,0.42,10.67,1.067,0.01,0.01,0.25,0.025,1.75,1.75,44.45,4.445,0.04,0.04,1.02,0.102,5.02,5.02,0.879,8.79,0.0896,0.896,89.6,896,0.502,0.502,0.0879,0.879,0.00896,0.0896,8.96,89.6,0.33,0.33,8.38,0.838,REF,Reference,Reference,Reference,23.22,23.2,0.045,0.045,1.14,0.114,Standard Loops,0.9,0.9,4.003,0.4082,408.2,0.18,0.18,0.8007,0.08165,81.65,8.8,8.8,39.144,3.9917,3991.7,3.324,3.324,84.43,8.443,1.09,1.09,27.69,2.769,Factory Option,Zinc Plate and Bake per ASTM B633,0.01409,0.33,0.33,8.38,0.838,Random,0.045,0.045,1.14,0.114
LE 045DD 06S,LE 045DD 06S,LE045DD06S,Extension Spring,11,Stock,,Yes,Yes,Yes,Yes,Yes,Yes,Yes,Yes,Yes,Standard Extension Series (inch),NR,Stainless Steel,SS,ASTM A313,0.42,0.42,10.67,1.067,0.01,0.01,0.25,0.025,1.75,1.75,44.45,4.445,0.04,0.04,1.02,0.102,4.183,4.183,0.733,7.33,0.0747,0.747,74.7,747,0.4183,0.4183,0.0733,0.733,0.00747,0.0747,7.47,74.7,0.33,0.33,8.38,0.838,REF,Reference,Reference,Reference,23.22,23.2,0.045,0.045,1.14,0.114,Standard Loops,0.75,0.75,3.336,0.3402,340.2,0.15,0.15,0.6672,0.06804,68.04,7.333,7.333,32.619,3.3262,3326.2,3.324,3.324,84.43,8.443,1.09,1.09,27.69,2.769,Factory Option,Passivate per ASTM A967,0.01419,0.33,0.33,8.38,0.838,Random,0.045,0.045,1.14,0.114
LE 045DD 06S316,LE 045DD 06S316,LE045DD06S316,Extension Spring,11,Stock,,Yes,Yes,Yes,Yes,Yes,Yes,Yes,Yes,Yes,Standard Extension Series (inch),NR,Stainless Steel Type 316,SS 316,ASTM A313,0.42,0.42,10.67,1.067,0.01,0.01,0.25,0.025,1.75,1.75,44.45,4.445,0.04,0.04,1.02,0.102,4.183,4.183,0.733,7.33,0.0747,0.747,74.7,747,0.4183,0.4183,0.0733,0.733,0.00747,0.0747,7.47,74.7,0.33,0.33,8.38,0.838,REF,Reference,Reference,Reference,23.22,23.2,0.045,0.045,1.14,0.114,Standard Loops,0.75,0.75,3.336,0.3402,340.2,0.15,0.15,0.6672,0.06804,68.04,5.499,5.499,24.461,2.4943,2494.3,2.885,2.885,73.28,7.328,1.09,1.09,27.69,2.769,Factory Option,Ultrasonically Passivate with Citric Acid for 10 mins At 131 Deg F,0.01419,0.33,0.33,8.38,0.838,Random,0.045,0.045,1.14,0.114
LE 045DD 07M,LE 045DD 07M,LE045DD07M,Extension Spring,11,Stock,,Yes,Yes,Yes,Yes,Yes,Yes,Yes,Yes,Yes,Standard Extension Series (inch),NR,Music Wire,MW,ASTM A228,0.42,0.42,10.67,1.067,0.01,0.01,0.25,0.025,2,2,50.8,5.08,0.04,0.04,1.02,0.102,4.05,4.05,0.709,7.09,0.0723,0.723,72.3,723,0.405,0.405,0.0709,0.709,0.00723,0.0723,7.23,72.3,0.33,0.33,8.38,0.838,REF,Reference,Reference,Reference,28.78,28.8,0.045,0.045,1.14,0.114,Standard Loops,0.9,0.9,4.003,0.4082,408.2,0.18,0.18,0.8007,0.08165,81.65,8.8,8.8,39.144,3.9917,3991.7,3.951,3.951,100.36,10.036,1.34,1.34,34.04,3.404,Factory Option,Zinc Plate and Bake per ASTM B633,0.0172,0.33,0.33,8.38,0.838,Random,0.045,0.045,1.14,0.114
LE 045DD 07S,LE 045DD 07S,LE045DD07S,Extension Spring,11,Stock,,Yes,Yes,Yes,Yes,Yes,Yes,Yes,Yes,Yes,Standard Extension Series (inch),NR,Stainless Steel,SS,ASTM A313,0.42,0.42,10.67,1.067,0.01,0.01,0.25,0.025,2,2,50.8,5.08,0.04,0.04,1.02,0.102,3.375,3.375,0.591,5.91,0.0603,0.603,60.3,603,0.3375,0.3375,0.0591,0.591,0.00603,0.0603,6.03,60.3,0.33,0.33,8.38,0.838,REF,Reference,Reference,Reference,28.78,28.8,0.045,0.045,1.14,0.114,Standard Loops,0.75,0.75,3.336,0.3402,340.2,0.15,0.15,0.6672,0.06804,68.04,7.333,7.333,32.619,3.3262,3326.2,3.951,3.951,100.36,10.036,1.34,1.34,34.04,3.404,Factory Option,Passivate per ASTM A967,0.01732,0.33,0.33,8.38,0.838,Random,0.045,0.045,1.14,0.114
LE 045DD 07S316,LE 045DD 07S316,LE045DD07S316,Extension Spring,11,Stock,,Yes,Yes,Yes,Yes,Yes,Yes,Yes,Yes,Yes,Standard Extension Series (inch),NR,Stainless Steel Type 316,SS 316,ASTM A313,0.42,0.42,10.67,1.067,0.01,0.01,0.25,0.025,2,2,50.8,5.08,0.04,0.04,1.02,0.102,3.375,3.375,0.591,5.91,0.0603,0.603,60.3,603,0.3375,0.3375,0.0591,0.591,0.00603,0.0603,6.03,60.3,0.33,0.33,8.38,0.838,REF,Reference,Reference,Reference,28.78,28.8,0.045,0.045,1.14,0.114,Standard Loops,0.75,0.75,3.336,0.3402,340.2,0.15,0.15,0.6672,0.06804,68.04,5.499,5.499,24.461,2.4943,2494.3,3.407,3.407,86.54,8.654,1.34,1.34,34.04,3.404,Factory Option,Ultrasonically Passivate with Citric Acid for 10 mins At 131 Deg F,0.01732,0.33,0.33,8.38,0.838,Random,0.045,0.045,1.14,0.114
LE 045DD 08M,LE 045DD 08M,LE045DD08M,Extension Spring,11,Stock,,Yes,Yes,Yes,Yes,Yes,Yes,Yes,Yes,Yes,Standard Extension Series (inch),NR,Music Wire,MW,ASTM A228,0.42,0.42,10.67,1.067,0.01,0.01,0.25,0.025,2.25,2.25,57.15,5.715,0.06,0.06,1.52,0.152,3.4,3.4,0.595,5.95,0.0607,0.607,60.7,607,0.34,0.34,0.0595,0.595,0.00607,0.0607,6.07,60.7,0.33,0.33,8.38,0.838,REF,Reference,Reference,Reference,34.33,34.3,0.045,0.045,1.14,0.114,Standard Loops,0.9,0.9,4.003,0.4082,408.2,0.18,0.18,0.8007,0.08165,81.65,8.8,8.8,39.144,3.9917,3991.7,4.574,4.574,116.18,11.618,1.59,1.59,40.39,4.039,Factory Option,Zinc Plate and Bake per ASTM B633,0.0203,0.33,0.33,8.38,0.838,Random,0.045,0.045,1.14,0.114
LE 045DD 08S,LE 045DD 08S,LE045DD08S,Extension Spring,11,Stock,,Yes,Yes,Yes,Yes,Yes,Yes,Yes,Yes,Yes,Standard Extension Series (inch),NR,Stainless Steel,SS,ASTM A313,0.42,0.42,10.67,1.067,0.01,0.01,0.25,0.025,2.25,2.25,57.15,5.715,0.06,0.06,1.52,0.152,2.833,2.833,0.496,4.96,0.0506,0.506,50.6,506,0.2833,0.2833,0.0496,0.496,0.00506,0.0506,5.06,50.6,0.33,0.33,8.38,0.838,REF,Reference,Reference,Reference,34.33,34.3,0.045,0.045,1.14,0.114,Standard Loops,0.75,0.75,3.336,0.3402,340.2,0.15,0.15,0.6672,0.06804,68.04,7.333,7.333,32.619,3.3262,3326.2,4.574,4.574,116.18,11.618,1.59,1.59,40.39,4.039,Factory Option,Passivate per ASTM A967,0.02044,0.33,0.33,8.38,0.838,Random,0.045,0.045,1.14,0.114
LE 045DD 08S316,LE 045DD 08S316,LE045DD08S316,Extension Spring,11,Stock,,Yes,Yes,Yes,Yes,Yes,Yes,Yes,Yes,Yes,Standard Extension Series (inch),NR,Stainless Steel Type 316,SS 316,ASTM A313,0.42,0.42,10.67,1.067,0.01,0.01,0.25,0.025,2.25,2.25,57.15,5.715,0.06,0.06,1.52,0.152,2.833,2.833,0.496,4.96,0.0506,0.506,50.6,506,0.2833,0.2833,0.0496,0.496,0.00506,0.0506,5.06,50.6,0.33,0.33,8.38,0.838,REF,Reference,Reference,Reference,34.33,34.3,0.045,0.045,1.14,0.114,Standard Loops,0.75,0.75,3.336,0.3402,340.2,0.15,0.15,0.6672,0.06804,68.04,5.499,5.499,24.461,2.4943,2494.3,3.926,3.926,99.72,9.972,1.59,1.59,40.39,4.039,Factory Option,Ultrasonically Passivate with Citric Acid for 10 mins At 131 Deg F,0.02044,0.33,0.33,8.38,0.838,Random,0.045,0.045,1.14,0.114
LE 045DD 09M,LE 045DD 09M,LE045DD09M,Extension Spring,11,Stock,,Yes,Yes,Yes,Yes,Yes,Yes,Yes,Yes,Yes,Standard Extension Series (inch),NR,Music Wire,MW,ASTM A228,0.42,0.42,10.67,1.067,0.01,0.01,0.25,0.025,2.5,2.5,63.5,6.35,0.06,0.06,1.52,0.152,2.92,2.92,0.511,5.11,0.0521,0.521,52.1,521,0.292,0.292,0.0511,0.511,0.00521,0.0521,5.21,52.1,0.33,0.33,8.38,0.838,REF,Reference,Reference,Reference,39.89,39.9,0.045,0.045,1.14,0.114,Standard Loops,0.9,0.9,4.003,0.4082,408.2,0.18,0.18,0.8007,0.08165,81.65,8.8,8.8,39.144,3.9917,3991.7,5.205,5.205,132.21,13.221,1.84,1.84,46.74,4.674,Factory Option,Zinc Plate and Bake per ASTM B633,0.02341,0.33,0.33,8.38,0.838,Random,0.045,0.045,1.14,0.114
LE 045DD 09S,LE 045DD 09S,LE045DD09S,Extension Spring,11,Stock,,Yes,Yes,Yes,Yes,Yes,Yes,Yes,Yes,Yes,Standard Extension Series (inch),NR,Stainless Steel,SS,ASTM A313,0.42,0.42,10.67,1.067,0.01,0.01,0.25,0.025,2.5,2.5,63.5,6.35,0.06,0.06,1.52,0.152,2.433,2.433,0.426,4.26,0.0434,0.434,43.4,434,0.2433,0.2433,0.0426,0.426,0.00434,0.0434,4.34,43.4,0.33,0.33,8.38,0.838,REF,Reference,Reference,Reference,39.89,39.9,0.045,0.045,1.14,0.114,Standard Loops,0.75,0.75,3.336,0.3402,340.2,0.15,0.15,0.6672,0.06804,68.04,7.333,7.333,32.619,3.3262,3326.2,5.205,5.205,132.21,13.221,1.84,1.84,46.74,4.674,Factory Option,Passivate per ASTM A967,0.02357,0.33,0.33,8.38,0.838,Random,0.045,0.045,1.14,0.114
LE 045DD 09S316,LE 045DD 09S316,LE045DD09S316,Extension Spring,11,Stock,,Yes,Yes,Yes,Yes,Yes,Yes,Yes,Yes,Yes,Standard Extension Series (inch),NR,Stainless Steel Type 316,SS 316,ASTM A313,0.42,0.42,10.67,1.067,0.01,0.01,0.25,0.025,2.5,2.5,63.5,6.35,0.06,0.06,1.52,0.152,2.433,2.433,0.426,4.26,0.0434,0.434,43.4,434,0.2433,0.2433,0.0426,0.426,0.00434,0.0434,4.34,43.4,0.33,0.33,8.38,0.838,REF,Reference,Reference,Reference,39.89,39.9,0.045,0.045,1.14,0.114,Standard Loops,0.75,0.75,3.336,0.3402,340.2,0.15,0.15,0.6672,0.06804,68.04,5.499,5.499,24.461,2.4943,2494.3,4.451,4.451,113.06,11.306,1.84,1.84,46.74,4.674,Factory Option,Ultrasonically Passivate with Citric Acid for 10 mins At 131 Deg F,0.02357,0.33,0.33,8.38,0.838,Random,0.045,0.045,1.14,0.114
LE 045DD 10M,LE 045DD 10M,LE045DD10M,Extension Spring,11,Stock,,Yes,Yes,Yes,Yes,Yes,Yes,Yes,Yes,Yes,Standard Extension Series (inch),NR,Music Wire,MW,ASTM A228,0.42,0.42,10.67,1.067,0.01,0.01,0.25,0.025,2.75,2.75,69.85,6.985,0.06,0.06,1.52,0.152,2.57,2.57,0.45,4.5,0.0459,0.459,45.9,459,0.257,0.257,0.045,0.45,0.00459,0.0459,4.59,45.9,0.33,0.33,8.38,0.838,REF,Reference,Reference,Reference,45.44,45.4,0.045,0.045,1.14,0.114,Standard Loops,0.9,0.9,4.003,0.4082,408.2,0.18,0.18,0.8007,0.08165,81.65,8.8,8.8,39.144,3.9917,3991.7,5.824,5.824,147.93,14.793,2.09,2.09,53.09,5.309,Factory Option,Zinc Plate and Bake per ASTM B633,0.02651,0.33,0.33,8.38,0.838,Random,0.045,0.045,1.14,0.114
LE 045DD 10S,LE 045DD 10S,LE045DD10S,Extension Spring,11,Stock,,Yes,Yes,Yes,Yes,Yes,Yes,Yes,Yes,Yes,Standard Extension Series (inch),NR,Stainless Steel,SS,ASTM A313,0.42,0.42,10.67,1.067,0.01,0.01,0.25,0.025,2.75,2.75,69.85,6.985,0.06,0.06,1.52,0.152,2.142,2.142,0.375,3.75,0.0383,0.383,38.3,383,0.2142,0.2142,0.0375,0.375,0.00383,0.0383,3.83,38.3,0.33,0.33,8.38,0.838,REF,Reference,Reference,Reference,45.44,45.4,0.045,0.045,1.14,0.114,Standard Loops,0.75,0.75,3.336,0.3402,340.2,0.15,0.15,0.6672,0.06804,68.04,7.333,7.333,32.619,3.3262,3326.2,5.824,5.824,147.93,14.793,2.09,2.09,53.09,5.309,Factory Option,Passivate per ASTM A967,0.0267,0.33,0.33,8.38,0.838,Random,0.045,0.045,1.14,0.114
LE 045DD 10S316,LE 045DD 10S316,LE045DD10S316,Extension Spring,11,Stock,,Yes,Yes,Yes,Yes,Yes,Yes,Yes,Yes,Yes,Standard Extension Series (inch),NR,Stainless Steel Type 316,SS 316,ASTM A313,0.42,0.42,10.67,1.067,0.01,0.01,0.25,0.025,2.75,2.75,69.85,6.985,0.06,0.06,1.52,0.152,2.142,2.142,0.375,3.75,0.0383,0.383,38.3,383,0.2142,0.2142,0.0375,0.375,0.00383,0.0383,3.83,38.3,0.33,0.33,8.38,0.838,REF,Reference,Reference,Reference,45.44,45.4,0.045,0.045,1.14,0.114,Standard Loops,0.75,0.75,3.336,0.3402,340.2,0.15,0.15,0.6672,0.06804,68.04,5.499,5.499,24.461,2.4943,2494.3,4.967,4.967,126.16,12.616,2.09,2.09,53.09,5.309,Factory Option,Ultrasonically Passivate with Citric Acid for 10 mins At 131 Deg F,0.0267,0.33,0.33,8.38,0.838,Random,0.045,0.045,1.14,0.114
LE 045DD 11M,LE 045DD 11M,LE045DD11M,Extension Spring,11,Stock,,Yes,Yes,Yes,Yes,Yes,Yes,Yes,Yes,Yes,Standard Extension Series (inch),NR,Music Wire,MW,ASTM A228,0.42,0.42,10.67,1.067,0.01,0.01,0.25,0.025,3,3,76.2,7.62,0.06,0.06,1.52,0.152,2.29,2.29,0.401,4.01,0.0409,0.409,40.9,409,0.229,0.229,0.0401,0.401,0.00409,0.0409,4.09,40.9,0.33,0.33,8.38,0.838,REF,Reference,Reference,Reference,51,51,0.045,0.045,1.14,0.114,Standard Loops,0.9,0.9,4.003,0.4082,408.2,0.18,0.18,0.8007,0.08165,81.65,8.8,8.8,39.144,3.9917,3991.7,6.45,6.45,163.83,16.383,2.34,2.34,59.44,5.944,Factory Option,Zinc Plate and Bake per ASTM B633,0.02961,0.33,0.33,8.38,0.838,Random,0.045,0.045,1.14,0.114
LE 045DD 11S,LE 045DD 11S,LE045DD11S,Extension Spring,11,Stock,,Yes,Yes,Yes,Yes,Yes,Yes,Yes,Yes,Yes,Standard Extension Series (inch),NR,Stainless Steel,SS,ASTM A313,0.42,0.42,10.67,1.067,0.01,0.01,0.25,0.025,3,3,76.2,7.62,0.06,0.06,1.52,0.152,1.908,1.908,0.334,3.34,0.0341,0.341,34.1,341,0.1908,0.1908,0.0334,0.334,0.00341,0.0341,3.41,34.1,0.33,0.33,8.38,0.838,REF,Reference,Reference,Reference,51,51,0.045,0.045,1.14,0.114,Standard Loops,0.75,0.75,3.336,0.3402,340.2,0.15,0.15,0.6672,0.06804,68.04,7.333,7.333,32.619,3.3262,3326.2,6.45,6.45,163.83,16.383,2.34,2.34,59.44,5.944,Factory Option,Passivate per ASTM A967,0.02982,0.33,0.33,8.38,0.838,Random,0.045,0.045,1.14,0.114
LE 045DD 11S316,LE 045DD 11S316,LE045DD11S316,Extension Spring,11,Stock,,Yes,Yes,Yes,Yes,Yes,Yes,Yes,Yes,Yes,Standard Extension Series (inch),NR,Stainless Steel Type 316,SS 316,ASTM A313,0.42,0.42,10.67,1.067,0.01,0.01,0.25,0.025,3,3,76.2,7.62,0.06,0.06,1.52,0.152,1.908,1.908,0.334,3.34,0.0341,0.341,34.1,341,0.1908,0.1908,0.0334,0.334,0.00341,0.0341,3.41,34.1,0.33,0.33,8.38,0.838,REF,Reference,Reference,Reference,51,51,0.045,0.045,1.14,0.114,Standard Loops,0.75,0.75,3.336,0.3402,340.2,0.15,0.15,0.6672,0.06804,68.04,5.499,5.499,24.461,2.4943,2494.3,5.488,5.488,139.4,13.94,2.34,2.34,59.44,5.944,Factory Option,Ultrasonically Passivate with Citric Acid for 10 mins At 131 Deg F,0.02982,0.33,0.33,8.38,0.838,Random,0.045,0.045,1.14,0.114
LE 045E 0 M,LE 045E 0 M,LE045E0M,Extension Spring,11,Stock,,Yes,Yes,Yes,Yes,Yes,Yes,Yes,Yes,Yes,Standard Extension Series (inch),NR,Music Wire,MW,ASTM A228,0.5,0.5,12.7,1.27,0.01,0.01,0.25,0.025,1.25,1.25,31.75,3.175,0.035,0.035,0.89,0.089,7.7,7.7,1.349,13.49,0.1375,1.375,137.5,1375,0.77,0.77,0.1349,1.349,0.01375,0.1375,13.75,137.5,0.41,0.41,10.41,1.041,REF,Reference,Reference,Reference,8.4804,8.5,0.045,0.045,1.14,0.114,Standard Loops,0.7,0.7,3.114,0.3175,317.5,0.14,0.14,0.6228,0.0635,63.5,7.5,7.5,33.362,3.402,3402,2.13,2.13,54.1,5.41,0.43,0.43,10.92,1.092,Factory Option,Zinc Plate and Bake per ASTM B633,0.00712,0.41,0.41,10.41,1.041,Random,0.045,0.045,1.14,0.114
LE 045E 0 S,LE 045E 0 S,LE045E0S,Extension Spring,11,Stock,,Yes,Yes,Yes,Yes,Yes,Yes,Yes,Yes,Yes,Standard Extension Series (inch),NR,Stainless Steel,SS,ASTM A313,0.5,0.5,12.7,1.27,0.01,0.01,0.25,0.025,1.25,1.25,31.75,3.175,0.035,0.035,0.89,0.089,6.41,6.41,1.123,11.23,0.1145,1.145,114.5,1145,0.641,0.641,0.1123,1.123,0.01145,0.1145,11.45,114.5,0.41,0.41,10.41,1.041,REF,Reference,Reference,Reference,8.4892,8.5,0.045,0.045,1.14,0.114,Standard Loops,0.5831,0.5831,2.594,0.2645,264.5,0.11662,0.11662,0.5188,0.0529,52.9,6.2475,6.2475,27.79,2.8339,2833.9,2.13,2.13,54.1,5.41,0.43,0.43,10.92,1.092,Factory Option,Passivate per ASTM A967,0.00726,0.41,0.41,10.41,1.041,Random,0.045,0.045,1.14,0.114
LE 045E 0 S316,LE 045E 0 S316,LE045E0S316,Extension Spring,11,Stock,,Yes,Yes,Yes,Yes,Yes,Yes,Yes,Yes,Yes,Standard Extension Series (inch),NR,Stainless Steel Type 316,SS 316,ASTM A313,0.5,0.5,12.7,1.27,0.01,0.01,0.25,0.025,1.25,1.25,31.75,3.175,0.035,0.035,0.89,0.089,6.41,6.41,1.123,11.23,0.1145,1.145,114.5,1145,0.641,0.641,0.1123,1.123,0.01145,0.1145,11.45,114.5,0.41,0.41,10.41,1.041,REF,Reference,Reference,Reference,8.4892,8.5,0.045,0.045,1.14,0.114,Standard Loops,0.5831,0.5831,2.594,0.2645,264.5,0.11662,0.11662,0.5188,0.0529,52.9,4.685,4.685,20.84,2.1251,2125.1,1.889,1.889,47.98,4.798,0.43,0.43,10.92,1.092,Factory Option,Ultrasonically Passivate with Citric Acid for 10 mins At 131 Deg F,0.00726,0.41,0.41,10.41,1.041,Random,0.045,0.045,1.14,0.114
LE 045E 00 M,LE 045E 00 M,LE045E00M,Extension Spring,11,Stock,,Yes,Yes,Yes,Yes,Yes,Yes,Yes,Yes,Yes,Standard Extension Series (inch),NR,Music Wire,MW,ASTM A228,0.5,0.5,12.7,1.27,0.01,0.01,0.25,0.025,1,1,25.4,2.54,0.03,0.03,0.76,0.076,21.8,21.8,3.818,38.18,0.3893,3.893,389.3,3893,2.18,2.18,0.3818,3.818,0.03893,0.3893,38.93,389.3,0.41,0.41,10.41,1.041,REF,Reference,Reference,Reference,2.9953,3,0.045,0.045,1.14,0.114,Standard Loops,0.7,0.7,3.114,0.3175,317.5,0.14,0.14,0.6228,0.0635,63.5,7.5,7.5,33.362,3.402,3402,1.31,1.31,33.27,3.327,0.18,0.18,4.57,0.457,Factory Option,Zinc Plate and Bake per ASTM B633,0.00339,0.41,0.41,10.41,1.041,Random,0.045,0.045,1.14,0.114
LE 045E 00 S,LE 045E 00 S,LE045E00S,Extension Spring,11,Stock,,Yes,Yes,Yes,Yes,Yes,Yes,Yes,Yes,Yes,Standard Extension Series (inch),NR,Stainless Steel,SS,ASTM A313,0.5,0.5,12.7,1.27,0.01,0.01,0.25,0.025,1,1,25.4,2.54,0.03,0.03,0.76,0.076,18.16,18.16,3.18,31.8,0.3243,3.243,324.3,3243,1.816,1.816,0.318,3.18,0.03243,0.3243,32.43,324.3,0.41,0.41,10.41,1.041,REF,Reference,Reference,Reference,2.9964,3,0.045,0.045,1.14,0.114,Standard Loops,0.5831,0.5831,2.594,0.2645,264.5,0.11662,0.11662,0.5188,0.0529,52.9,6.2475,6.2475,27.79,2.8339,2833.9,1.31,1.31,33.27,3.327,0.18,0.18,4.57,0.457,Factory Option,Passivate per ASTM A967,0.00346,0.41,0.41,10.41,1.041,Random,0.045,0.045,1.14,0.114
LE 045E 00 S316,LE 045E 00 S316,LE045E00S316,Extension Spring,11,Stock,,Yes,Yes,Yes,Yes,Yes,Yes,Yes,Yes,Yes,Standard Extension Series (inch),NR,Stainless Steel Type 316,SS 316,ASTM A313,0.5,0.5,12.7,1.27,0.01,0.01,0.25,0.025,1,1,25.4,2.54,0.03,0.03,0.76,0.076,18.16,18.16,3.18,31.8,0.3243,3.243,324.3,3243,1.816,1.816,0.318,3.18,0.03243,0.3243,32.43,324.3,0.41,0.41,10.41,1.041,REF,Reference,Reference,Reference,2.9964,3,0.045,0.045,1.14,0.114,Standard Loops,0.5831,0.5831,2.594,0.2645,264.5,0.11662,0.11662,0.5188,0.0529,52.9,4.685,4.685,20.84,2.1251,2125.1,1.225,1.225,31.12,3.112,0.18,0.18,4.57,0.457,Factory Option,Ultrasonically Passivate with Citric Acid for 10 mins At 131 Deg F,0.00346,0.41,0.41,10.41,1.041,Random,0.045,0.045,1.14,0.114
LE 045E 01 M,LE 045E 01 M,LE045E01M,Extension Spring,11,Stock,,Yes,Yes,Yes,Yes,Yes,Yes,Yes,Yes,Yes,Standard Extension Series (inch),NR,Music Wire,MW,ASTM A228,0.5,0.5,12.7,1.27,0.01,0.01,0.25,0.025,1.375,1.375,34.93,3.493,0.035,0.035,0.89,0.089,5.7,5.7,0.998,9.98,0.1018,1.018,101.8,1018,0.57,0.57,0.0998,0.998,0.01018,0.1018,10.18,101.8,0.41,0.41,10.41,1.041,REF,Reference,Reference,Reference,11.4559,11.5,0.045,0.045,1.14,0.114,Standard Loops,0.7,0.7,3.114,0.3175,317.5,0.14,0.14,0.6228,0.0635,63.5,7.5,7.5,33.362,3.402,3402,2.565,2.565,65.15,6.515,0.555,0.555,14.1,1.41,Factory Option,Zinc Plate and Bake per ASTM B633,0.00914,0.41,0.41,10.41,1.041,Random,0.045,0.045,1.14,0.114
LE 045E 01 S,LE 045E 01 S,LE045E01S,Extension Spring,11,Stock,,Yes,Yes,Yes,Yes,Yes,Yes,Yes,Yes,Yes,Standard Extension Series (inch),NR,Stainless Steel,SS,ASTM A313,0.5,0.5,12.7,1.27,0.01,0.01,0.25,0.025,1.375,1.375,34.93,3.493,0.035,0.035,0.89,0.089,4.75,4.75,0.832,8.32,0.0848,0.848,84.8,848,0.475,0.475,0.0832,0.832,0.00848,0.0848,8.48,84.8,0.41,0.41,10.41,1.041,REF,Reference,Reference,Reference,11.4559,11.5,0.045,0.045,1.14,0.114,Standard Loops,0.5831,0.5831,2.594,0.2645,264.5,0.11662,0.11662,0.5188,0.0529,52.9,6.2475,6.2475,27.79,2.8339,2833.9,2.565,2.565,65.15,6.515,0.555,0.555,14.1,1.41,Factory Option,Passivate per ASTM A967,0.00931,0.41,0.41,10.41,1.041,Random,0.045,0.045,1.14,0.114
LE 045E 01 S316,LE 045E 01 S316,LE045E01S316,Extension Spring,11,Stock,,Yes,Yes,Yes,Yes,Yes,Yes,Yes,Yes,Yes,Standard Extension Series (inch),NR,Stainless Steel Type 316,SS 316,ASTM A313,0.5,0.5,12.7,1.27,0.01,0.01,0.25,0.025,1.375,1.375,34.93,3.493,0.035,0.035,0.89,0.089,4.75,4.75,0.832,8.32,0.0848,0.848,84.8,848,0.475,0.475,0.0832,0.832,0.00848,0.0848,8.48,84.8,0.41,0.41,10.41,1.041,REF,Reference,Reference,Reference,11.4559,11.5,0.045,0.045,1.14,0.114,Standard Loops,0.5831,0.5831,2.594,0.2645,264.5,0.11662,0.11662,0.5188,0.0529,52.9,4.685,4.685,20.84,2.1251,2125.1,2.238,2.238,56.85,5.685,0.555,0.555,14.1,1.41,Factory Option,Ultrasonically Passivate with Citric Acid for 10 mins At 131 Deg F,0.00931,0.41,0.41,10.41,1.041,Random,0.045,0.045,1.14,0.114
LE 045E 02 M,LE 045E 02 M,LE045E02M,Extension Spring,11,Stock,,Yes,Yes,Yes,Yes,Yes,Yes,Yes,Yes,Yes,Standard Extension Series (inch),NR,Music Wire,MW,ASTM A228,0.5,0.5,12.7,1.27,0.01,0.01,0.25,0.025,1.5,1.5,38.1,3.81,0.035,0.035,0.89,0.089,4.7,4.7,0.823,8.23,0.0839,0.839,83.9,839,0.47,0.47,0.0823,0.823,0.00839,0.0839,8.39,83.9,0.41,0.41,10.41,1.041,REF,Reference,Reference,Reference,13.8934,13.9,0.045,0.045,1.14,0.114,Standard Loops,0.7,0.7,3.114,0.3175,317.5,0.14,0.14,0.6228,0.0635,63.5,7.5,7.5,33.362,3.402,3402,2.95,2.95,74.93,7.493,0.68,0.68,17.27,1.727,Factory Option,Zinc Plate and Bake per ASTM B633,0.01079,0.41,0.41,10.41,1.041,Random,0.045,0.045,1.14,0.114
LE 045E 02 S,LE 045E 02 S,LE045E02S,Extension Spring,11,Stock,,Yes,Yes,Yes,Yes,Yes,Yes,Yes,Yes,Yes,Standard Extension Series (inch),NR,Stainless Steel,SS,ASTM A313,0.5,0.5,12.7,1.27,0.01,0.01,0.25,0.025,1.5,1.5,38.1,3.81,0.035,0.035,0.89,0.089,3.92,3.92,0.687,6.87,0.07,0.7,70,700,0.392,0.392,0.0687,0.687,0.007,0.07,7,70,0.41,0.41,10.41,1.041,REF,Reference,Reference,Reference,13.8816,13.9,0.045,0.045,1.14,0.114,Standard Loops,0.5831,0.5831,2.594,0.2645,264.5,0.11662,0.11662,0.5188,0.0529,52.9,6.2475,6.2475,27.79,2.8339,2833.9,2.95,2.95,74.93,7.493,0.68,0.68,17.27,1.727,Factory Option,Passivate per ASTM A967,0.01099,0.41,0.41,10.41,1.041,Random,0.045,0.045,1.14,0.114
LE 045E 02 S316,LE 045E 02 S316,LE045E02S316,Extension Spring,11,Stock,,Yes,Yes,Yes,Yes,Yes,Yes,Yes,Yes,Yes,Standard Extension Series (inch),NR,Stainless Steel Type 316,SS 316,ASTM A313,0.5,0.5,12.7,1.27,0.01,0.01,0.25,0.025,1.5,1.5,38.1,3.81,0.035,0.035,0.89,0.089,3.92,3.92,0.687,6.87,0.07,0.7,70,700,0.392,0.392,0.0687,0.687,0.007,0.07,7,70,0.41,0.41,10.41,1.041,REF,Reference,Reference,Reference,13.8816,13.9,0.045,0.045,1.14,0.114,Standard Loops,0.5831,0.5831,2.594,0.2645,264.5,0.11662,0.11662,0.5188,0.0529,52.9,4.685,4.685,20.84,2.1251,2125.1,2.546,2.546,64.67,6.467,0.68,0.68,17.27,1.727,Factory Option,Ultrasonically Passivate with Citric Acid for 10 mins At 131 Deg F,0.01099,0.41,0.41,10.41,1.041,Random,0.045,0.045,1.14,0.114
LE 045E 03 M,LE 045E 03 M,LE045E03M,Extension Spring,11,Stock,,Yes,Yes,Yes,Yes,Yes,Yes,Yes,Yes,Yes,Standard Extension Series (inch),NR,Music Wire,MW,ASTM A228,0.5,0.5,12.7,1.27,0.01,0.01,0.25,0.025,1.75,1.75,44.45,4.445,0.04,0.04,1.02,0.102,3.4,3.4,0.595,5.95,0.0607,0.607,60.7,607,0.34,0.34,0.0595,0.595,0.00607,0.0607,6.07,60.7,0.41,0.41,10.41,1.041,REF,Reference,Reference,Reference,19.2056,19.2,0.045,0.045,1.14,0.114,Standard Loops,0.7,0.7,3.114,0.3175,317.5,0.14,0.14,0.6228,0.0635,63.5,7.5,7.5,33.362,3.402,3402,3.75,3.75,95.25,9.525,0.93,0.93,23.62,2.362,Factory Option,Zinc Plate and Bake per ASTM B633,0.0144,0.41,0.41,10.41,1.041,Random,0.045,0.045,1.14,0.114
LE 045E 03 S,LE 045E 03 S,LE045E03S,Extension Spring,11,Stock,,Yes,Yes,Yes,Yes,Yes,Yes,Yes,Yes,Yes,Standard Extension Series (inch),NR,Stainless Steel,SS,ASTM A313,0.5,0.5,12.7,1.27,0.01,0.01,0.25,0.025,1.75,1.75,44.45,4.445,0.04,0.04,1.02,0.102,2.83,2.83,0.496,4.96,0.0505,0.505,50.5,505,0.283,0.283,0.0496,0.496,0.00505,0.0505,5.05,50.5,0.41,0.41,10.41,1.041,REF,Reference,Reference,Reference,19.2282,19.2,0.045,0.045,1.14,0.114,Standard Loops,0.5831,0.5831,2.594,0.2645,264.5,0.11662,0.11662,0.5188,0.0529,52.9,6.2475,6.2475,27.79,2.8339,2833.9,3.75,3.75,95.25,9.525,0.93,0.93,23.62,2.362,Factory Option,Passivate per ASTM A967,0.01469,0.41,0.41,10.41,1.041,Random,0.045,0.045,1.14,0.114
LE 045E 03 S316,LE 045E 03 S316,LE045E03S316,Extension Spring,11,Stock,,Yes,Yes,Yes,Yes,Yes,Yes,Yes,Yes,Yes,Standard Extension Series (inch),NR,Stainless Steel Type 316,SS 316,ASTM A313,0.5,0.5,12.7,1.27,0.01,0.01,0.25,0.025,1.75,1.75,44.45,4.445,0.04,0.04,1.02,0.102,2.83,2.83,0.496,4.96,0.0505,0.505,50.5,505,0.283,0.283,0.0496,0.496,0.00505,0.0505,5.05,50.5,0.41,0.41,10.41,1.041,REF,Reference,Reference,Reference,19.2282,19.2,0.045,0.045,1.14,0.114,Standard Loops,0.5831,0.5831,2.594,0.2645,264.5,0.11662,0.11662,0.5188,0.0529,52.9,4.685,4.685,20.84,2.1251,2125.1,3.199,3.199,81.25,8.125,0.93,0.93,23.62,2.362,Factory Option,Ultrasonically Passivate with Citric Acid for 10 mins At 131 Deg F,0.01469,0.41,0.41,10.41,1.041,Random,0.045,0.045,1.14,0.114
LE 045E 04 M,LE 045E 04 M,LE045E04M,Extension Spring,11,Stock,,Yes,Yes,Yes,Yes,Yes,Yes,Yes,Yes,Yes,Standard Extension Series (inch),NR,Music Wire,MW,ASTM A228,0.5,0.5,12.7,1.27,0.01,0.01,0.25,0.025,2,2,50.8,5.08,0.04,0.04,1.02,0.102,2.6,2.6,0.455,4.55,0.0464,0.464,46.4,464,0.26,0.26,0.0455,0.455,0.00464,0.0464,4.64,46.4,0.41,0.41,10.41,1.041,REF,Reference,Reference,Reference,25.115,25.1,0.045,0.045,1.14,0.114,Standard Loops,0.7,0.7,3.114,0.3175,317.5,0.14,0.14,0.6228,0.0635,63.5,7.5,7.5,33.362,3.402,3402,4.62,4.62,117.35,11.735,1.18,1.18,29.97,2.997,Factory Option,Zinc Plate and Bake per ASTM B633,0.01842,0.41,0.41,10.41,1.041,Random,0.045,0.045,1.14,0.114
LE 045E 04 S,LE 045E 04 S,LE045E04S,Extension Spring,11,Stock,,Yes,Yes,Yes,Yes,Yes,Yes,Yes,Yes,Yes,Standard Extension Series (inch),NR,Stainless Steel,SS,ASTM A313,0.5,0.5,12.7,1.27,0.01,0.01,0.25,0.025,2,2,50.8,5.08,0.04,0.04,1.02,0.102,2.17,2.17,0.38,3.8,0.0388,0.388,38.8,388,0.217,0.217,0.038,0.38,0.00388,0.0388,3.88,38.8,0.41,0.41,10.41,1.041,REF,Reference,Reference,Reference,25.0764,25.1,0.045,0.045,1.14,0.114,Standard Loops,0.5831,0.5831,2.594,0.2645,264.5,0.11662,0.11662,0.5188,0.0529,52.9,6.2475,6.2475,27.79,2.8339,2833.9,4.62,4.62,117.35,11.735,1.18,1.18,29.97,2.997,Factory Option,Passivate per ASTM A967,0.01874,0.41,0.41,10.41,1.041,Random,0.045,0.045,1.14,0.114
LE 045E 04 S316,LE 045E 04 S316,LE045E04S316,Extension Spring,11,Stock,,Yes,Yes,Yes,Yes,Yes,Yes,Yes,Yes,Yes,Standard Extension Series (inch),NR,Stainless Steel Type 316,SS 316,ASTM A313,0.5,0.5,12.7,1.27,0.01,0.01,0.25,0.025,2,2,50.8,5.08,0.04,0.04,1.02,0.102,2.17,2.17,0.38,3.8,0.0388,0.388,38.8,388,0.217,0.217,0.038,0.38,0.00388,0.0388,3.88,38.8,0.41,0.41,10.41,1.041,REF,Reference,Reference,Reference,25.0764,25.1,0.045,0.045,1.14,0.114,Standard Loops,0.5831,0.5831,2.594,0.2645,264.5,0.11662,0.11662,0.5188,0.0529,52.9,4.685,4.685,20.84,2.1251,2125.1,3.89,3.89,98.81,9.881,1.18,1.18,29.97,2.997,Factory Option,Ultrasonically Passivate with Citric Acid for 10 mins At 131 Deg F,0.01874,0.41,0.41,10.41,1.041,Random,0.045,0.045,1.14,0.114
LE 045E 05 M,LE 045E 05 M,LE045E05M,Extension Spring,11,Stock,,Yes,Yes,Yes,Yes,Yes,Yes,Yes,Yes,Yes,Standard Extension Series (inch),NR,Music Wire,MW,ASTM A228,0.5,0.5,12.7,1.27,0.01,0.01,0.25,0.025,2.25,2.25,57.15,5.715,0.05,0.05,1.27,0.127,2.1,2.1,0.368,3.68,0.0375,0.375,37.5,375,0.21,0.21,0.0368,0.368,0.00375,0.0375,3.75,37.5,0.41,0.41,10.41,1.041,REF,Reference,Reference,Reference,31.0948,31.1,0.045,0.045,1.14,0.114,Standard Loops,0.7,0.7,3.114,0.3175,317.5,0.14,0.14,0.6228,0.0635,63.5,7.5,7.5,33.362,3.402,3402,5.49,5.49,139.45,13.945,1.43,1.43,36.32,3.632,Factory Option,Zinc Plate and Bake per ASTM B633,0.02248,0.41,0.41,10.41,1.041,Random,0.045,0.045,1.14,0.114
LE 045E 05 S,LE 045E 05 S,LE045E05S,Extension Spring,11,Stock,,Yes,Yes,Yes,Yes,Yes,Yes,Yes,Yes,Yes,Standard Extension Series (inch),NR,Stainless Steel,SS,ASTM A313,0.5,0.5,12.7,1.27,0.01,0.01,0.25,0.025,2.25,2.25,57.15,5.715,0.05,0.05,1.27,0.127,1.75,1.75,0.306,3.06,0.0313,0.313,31.3,313,0.175,0.175,0.0306,0.306,0.00313,0.0313,3.13,31.3,0.41,0.41,10.41,1.041,REF,Reference,Reference,Reference,31.0948,31.1,0.045,0.045,1.14,0.114,Standard Loops,0.5831,0.5831,2.594,0.2645,264.5,0.11662,0.11662,0.5188,0.0529,52.9,6.2475,6.2475,27.79,2.8339,2833.9,5.49,5.49,139.45,13.945,1.43,1.43,36.32,3.632,Factory Option,Passivate per ASTM A967,0.0229,0.41,0.41,10.41,1.041,Random,0.045,0.045,1.14,0.114
LE 045E 05 S316,LE 045E 05 S316,LE045E05S316,Extension Spring,11,Stock,,Yes,Yes,Yes,Yes,Yes,Yes,Yes,Yes,Yes,Standard Extension Series (inch),NR,Stainless Steel Type 316,SS 316,ASTM A313,0.5,0.5,12.7,1.27,0.01,0.01,0.25,0.025,2.25,2.25,57.15,5.715,0.05,0.05,1.27,0.127,1.75,1.75,0.306,3.06,0.0313,0.313,31.3,313,0.175,0.175,0.0306,0.306,0.00313,0.0313,3.13,31.3,0.41,0.41,10.41,1.041,REF,Reference,Reference,Reference,31.0948,31.1,0.045,0.045,1.14,0.114,Standard Loops,0.5831,0.5831,2.594,0.2645,264.5,0.11662,0.11662,0.5188,0.0529,52.9,4.685,4.685,20.84,2.1251,2125.1,4.593,4.593,116.66,11.666,1.43,1.43,36.32,3.632,Factory Option,Ultrasonically Passivate with Citric Acid for 10 mins At 131 Deg F,0.0229,0.41,0.41,10.41,1.041,Random,0.045,0.045,1.14,0.114
LE 045E 06 M,LE 045E 06 M,LE045E06M,Extension Spring,11,Stock,,Yes,Yes,Yes,Yes,Yes,Yes,Yes,Yes,Yes,Standard Extension Series (inch),NR,Music Wire,MW,ASTM A228,0.5,0.5,12.7,1.27,0.01,0.01,0.25,0.025,2.5,2.5,63.5,6.35,0.05,0.05,1.27,0.127,1.8,1.8,0.315,3.15,0.0321,0.321,32.1,321,0.18,0.18,0.0315,0.315,0.00321,0.0321,3.21,32.1,0.41,0.41,10.41,1.041,REF,Reference,Reference,Reference,36.2772,36.3,0.045,0.045,1.14,0.114,Standard Loops,0.7,0.7,3.114,0.3175,317.5,0.14,0.14,0.6228,0.0635,63.5,7.5,7.5,33.362,3.402,3402,6.28,6.28,159.51,15.951,1.68,1.68,42.67,4.267,Factory Option,Zinc Plate and Bake per ASTM B633,0.026,0.41,0.41,10.41,1.041,Random,0.045,0.045,1.14,0.114
LE 045E 06 S,LE 045E 06 S,LE045E06S,Extension Spring,11,Stock,,Yes,Yes,Yes,Yes,Yes,Yes,Yes,Yes,Yes,Standard Extension Series (inch),NR,Stainless Steel,SS,ASTM A313,0.5,0.5,12.7,1.27,0.01,0.01,0.25,0.025,2.5,2.5,63.5,6.35,0.05,0.05,1.27,0.127,1.5,1.5,0.263,2.63,0.0268,0.268,26.8,268,0.15,0.15,0.0263,0.263,0.00268,0.0268,2.68,26.8,0.41,0.41,10.41,1.041,REF,Reference,Reference,Reference,36.2772,36.3,0.045,0.045,1.14,0.114,Standard Loops,0.5831,0.5831,2.594,0.2645,264.5,0.11662,0.11662,0.5188,0.0529,52.9,6.2475,6.2475,27.79,2.8339,2833.9,6.28,6.28,159.51,15.951,1.68,1.68,42.67,4.267,Factory Option,Passivate per ASTM A967,0.02649,0.41,0.41,10.41,1.041,Random,0.045,0.045,1.14,0.114
LE 045E 06 S316,LE 045E 06 S316,LE045E06S316,Extension Spring,11,Stock,,Yes,Yes,Yes,Yes,Yes,Yes,Yes,Yes,Yes,Standard Extension Series (inch),NR,Stainless Steel Type 316,SS 316,ASTM A313,0.5,0.5,12.7,1.27,0.01,0.01,0.25,0.025,2.5,2.5,63.5,6.35,0.05,0.05,1.27,0.127,1.5,1.5,0.263,2.63,0.0268,0.268,26.8,268,0.15,0.15,0.0263,0.263,0.00268,0.0268,2.68,26.8,0.41,0.41,10.41,1.041,REF,Reference,Reference,Reference,36.2772,36.3,0.045,0.045,1.14,0.114,Standard Loops,0.5831,0.5831,2.594,0.2645,264.5,0.11662,0.11662,0.5188,0.0529,52.9,4.685,4.685,20.84,2.1251,2125.1,5.234,5.234,132.94,13.294,1.68,1.68,42.67,4.267,Factory Option,Ultrasonically Passivate with Citric Acid for 10 mins At 131 Deg F,0.02649,0.41,0.41,10.41,1.041,Random,0.045,0.045,1.14,0.114
LE 045E 07 M,LE 045E 07 M,LE045E07M,Extension Spring,11,Stock,,Yes,Yes,Yes,Yes,Yes,Yes,Yes,Yes,Yes,Standard Extension Series (inch),NR,Music Wire,MW,ASTM A228,0.5,0.5,12.7,1.27,0.01,0.01,0.25,0.025,2.75,2.75,69.85,6.985,0.05,0.05,1.27,0.127,1.55,1.55,0.271,2.71,0.0277,0.277,27.7,277,0.155,0.155,0.0271,0.271,0.00277,0.0277,2.77,27.7,0.41,0.41,10.41,1.041,REF,Reference,Reference,Reference,42.1284,42.1,0.045,0.045,1.14,0.114,Standard Loops,0.7,0.7,3.114,0.3175,317.5,0.14,0.14,0.6228,0.0635,63.5,7.5,7.5,33.362,3.402,3402,7.14,7.14,181.36,18.136,1.93,1.93,49.02,4.902,Factory Option,Zinc Plate and Bake per ASTM B633,0.02997,0.41,0.41,10.41,1.041,Random,0.045,0.045,1.14,0.114
LE 045E 07 S,LE 045E 07 S,LE045E07S,Extension Spring,11,Stock,,Yes,Yes,Yes,Yes,Yes,Yes,Yes,Yes,Yes,Standard Extension Series (inch),NR,Stainless Steel,SS,ASTM A313,0.5,0.5,12.7,1.27,0.01,0.01,0.25,0.025,2.75,2.75,69.85,6.985,0.05,0.05,1.27,0.127,1.29,1.29,0.226,2.26,0.023,0.23,23,230,0.129,0.129,0.0226,0.226,0.0023,0.023,2.3,23,0.41,0.41,10.41,1.041,REF,Reference,Reference,Reference,42.1828,42.2,0.045,0.045,1.14,0.114,Standard Loops,0.5831,0.5831,2.594,0.2645,264.5,0.11662,0.11662,0.5188,0.0529,52.9,6.2475,6.2475,27.79,2.8339,2833.9,7.14,7.14,181.36,18.136,1.93,1.93,49.02,4.902,Factory Option,Passivate per ASTM A967,0.03058,0.41,0.41,10.41,1.041,Random,0.045,0.045,1.14,0.114
LE 045E 07 S316,LE 045E 07 S316,LE045E07S316,Extension Spring,11,Stock,,Yes,Yes,Yes,Yes,Yes,Yes,Yes,Yes,Yes,Standard Extension Series (inch),NR,Stainless Steel Type 316,SS 316,ASTM A313,0.5,0.5,12.7,1.27,0.01,0.01,0.25,0.025,2.75,2.75,69.85,6.985,0.05,0.05,1.27,0.127,1.29,1.29,0.226,2.26,0.023,0.23,23,230,0.129,0.129,0.0226,0.226,0.0023,0.023,2.3,23,0.41,0.41,10.41,1.041,REF,Reference,Reference,Reference,42.1828,42.2,0.045,0.045,1.14,0.114,Standard Loops,0.5831,0.5831,2.594,0.2645,264.5,0.11662,0.11662,0.5188,0.0529,52.9,4.685,4.685,20.84,2.1251,2125.1,5.929,5.929,150.6,15.06,1.93,1.93,49.02,4.902,Factory Option,Ultrasonically Passivate with Citric Acid for 10 mins At 131 Deg F,0.03058,0.41,0.41,10.41,1.041,Random,0.045,0.045,1.14,0.114
LE 045E 08 M,LE 045E 08 M,LE045E08M,Extension Spring,11,Stock,,Yes,Yes,Yes,Yes,Yes,Yes,Yes,Yes,Yes,Standard Extension Series (inch),NR,Music Wire,MW,ASTM A228,0.5,0.5,12.7,1.27,0.01,0.01,0.25,0.025,3,3,76.2,7.62,0.05,0.05,1.27,0.127,1.37,1.37,0.24,2.4,0.0245,0.245,24.5,245,0.137,0.137,0.024,0.24,0.00245,0.0245,2.45,24.5,0.41,0.41,10.41,1.041,REF,Reference,Reference,Reference,47.6635,47.7,0.045,0.045,1.14,0.114,Standard Loops,0.7,0.7,3.114,0.3175,317.5,0.14,0.14,0.6228,0.0635,63.5,7.5,7.5,33.362,3.402,3402,7.96,7.96,202.18,20.218,2.18,2.18,55.37,5.537,Factory Option,Zinc Plate and Bake per ASTM B633,0.03373,0.41,0.41,10.41,1.041,Random,0.045,0.045,1.14,0.114
LE 045E 08 S,LE 045E 08 S,LE045E08S,Extension Spring,11,Stock,,Yes,Yes,Yes,Yes,Yes,Yes,Yes,Yes,Yes,Standard Extension Series (inch),NR,Stainless Steel,SS,ASTM A313,0.5,0.5,12.7,1.27,0.01,0.01,0.25,0.025,3,3,76.2,7.62,0.05,0.05,1.27,0.127,1.14,1.14,0.2,2,0.0204,0.204,20.4,204,0.114,0.114,0.02,0.2,0.00204,0.0204,2.04,20.4,0.41,0.41,10.41,1.041,REF,Reference,Reference,Reference,47.7332,47.7,0.045,0.045,1.14,0.114,Standard Loops,0.5831,0.5831,2.594,0.2645,264.5,0.11662,0.11662,0.5188,0.0529,52.9,6.2475,6.2475,27.79,2.8339,2833.9,7.96,7.96,202.18,20.218,2.18,2.18,55.37,5.537,Factory Option,Passivate per ASTM A967,0.03442,0.41,0.41,10.41,1.041,Random,0.045,0.045,1.14,0.114
LE 045E 08 S316,LE 045E 08 S316,LE045E08S316,Extension Spring,11,Stock,,Yes,Yes,Yes,Yes,Yes,Yes,Yes,Yes,Yes,Standard Extension Series (inch),NR,Stainless Steel Type 316,SS 316,ASTM A313,0.5,0.5,12.7,1.27,0.01,0.01,0.25,0.025,3,3,76.2,7.62,0.05,0.05,1.27,0.127,1.14,1.14,0.2,2,0.0204,0.204,20.4,204,0.114,0.114,0.02,0.2,0.00204,0.0204,2.04,20.4,0.41,0.41,10.41,1.041,REF,Reference,Reference,Reference,47.7332,47.7,0.045,0.045,1.14,0.114,Standard Loops,0.5831,0.5831,2.594,0.2645,264.5,0.11662,0.11662,0.5188,0.0529,52.9,4.685,4.685,20.84,2.1251,2125.1,6.598,6.598,167.59,16.759,2.18,2.18,55.37,5.537,Factory Option,Ultrasonically Passivate with Citric Acid for 10 mins At 131 Deg F,0.03442,0.41,0.41,10.41,1.041,Random,0.045,0.045,1.14,0.114
LE 045E 09 M,LE 045E 09 M,LE045E09M,Extension Spring,11,Stock,,Yes,Yes,Yes,Yes,Yes,Yes,Yes,Yes,Yes,Standard Extension Series (inch),NR,Music Wire,MW,ASTM A228,0.5,0.5,12.7,1.27,0.01,0.01,0.25,0.025,3.5,3.5,88.9,8.89,0.06,0.06,1.52,0.152,1.1,1.1,0.193,1.93,0.0196,0.196,19.6,196,0.11,0.11,0.0193,0.193,0.00196,0.0196,1.96,19.6,0.41,0.41,10.41,1.041,REF,Reference,Reference,Reference,59.34,59.3,0.045,0.045,1.14,0.114,Standard Loops,0.7,0.7,3.114,0.3175,317.5,0.14,0.14,0.6228,0.0635,63.5,7.5,7.5,33.362,3.402,3402,9.679,9.679,245.85,24.585,2.68,2.68,68.07,6.807,Factory Option,Zinc Plate and Bake per ASTM B633,0.0417,0.41,0.41,10.41,1.041,Random,0.045,0.045,1.14,0.114
LE 045E 09 S,LE 045E 09 S,LE045E09S,Extension Spring,11,Stock,,Yes,Yes,Yes,Yes,Yes,Yes,Yes,Yes,Yes,Standard Extension Series (inch),NR,Stainless Steel,SS,ASTM A313,0.5,0.5,12.7,1.27,0.01,0.01,0.25,0.025,3.5,3.5,88.9,8.89,0.06,0.06,1.52,0.152,0.9173,0.917,0.161,1.61,0.0164,0.164,16.4,164,0.092,0.092,0.0161,0.161,0.00164,0.0164,1.64,16.4,0.41,0.41,10.41,1.041,REF,Reference,Reference,Reference,59.32,59.3,0.045,0.045,1.14,0.114,Standard Loops,0.5831,0.5831,2.594,0.2645,264.5,0.11662,0.11662,0.5188,0.0529,52.9,6.2475,6.2475,27.79,2.8339,2833.9,9.678,9.678,245.82,24.582,2.68,2.68,68.07,6.807,Factory Option,Passivate per ASTM A967,0.0424,0.41,0.41,10.41,1.041,Random,0.045,0.045,1.14,0.114
LE 045E 09 S316,LE 045E 09 S316,LE045E09S316,Extension Spring,11,Stock,,Yes,Yes,Yes,Yes,Yes,Yes,Yes,Yes,Yes,Standard Extension Series (inch),NR,Stainless Steel Type 316,SS 316,ASTM A313,0.5,0.5,12.7,1.27,0.01,0.01,0.25,0.025,3.5,3.5,88.9,8.89,0.06,0.06,1.52,0.152,0.9173,0.917,0.161,1.61,0.0164,0.164,16.4,164,0.092,0.092,0.0161,0.161,0.00164,0.0164,1.64,16.4,0.41,0.41,10.41,1.041,REF,Reference,Reference,Reference,59.32,59.3,0.045,0.045,1.14,0.114,Standard Loops,0.5831,0.5831,2.594,0.2645,264.5,0.11662,0.11662,0.5188,0.0529,52.9,4.685,4.685,20.84,2.1251,2125.1,7.971,7.971,202.46,20.246,2.68,2.68,68.07,6.807,Factory Option,Ultrasonically Passivate with Citric Acid for 10 mins At 131 Deg F,0.0424,0.41,0.41,10.41,1.041,Random,0.045,0.045,1.14,0.114
LE 045E 10 M,LE 045E 10 M,LE045E10M,Extension Spring,11,Stock,,Yes,Yes,Yes,Yes,Yes,Yes,Yes,Yes,Yes,Standard Extension Series (inch),NR,Music Wire,MW,ASTM A228,0.5,0.5,12.7,1.27,0.01,0.01,0.25,0.025,4,4,101.6,10.16,0.06,0.06,1.52,0.152,0.9,0.9,0.158,1.58,0.0161,0.161,16.1,161,0.09,0.09,0.0158,0.158,0.00161,0.0161,1.61,16.1,0.41,0.41,10.41,1.041,REF,Reference,Reference,Reference,72.55,72.6,0.045,0.045,1.14,0.114,Standard Loops,0.7,0.7,3.114,0.3175,317.5,0.14,0.14,0.6228,0.0635,63.5,7.5,7.5,33.362,3.402,3402,11.555,11.555,293.5,29.35,3.18,3.18,80.77,8.077,Factory Option,Zinc Plate and Bake per ASTM B633,0.05063,0.41,0.41,10.41,1.041,Random,0.045,0.045,1.14,0.114
LE 045E 10 S,LE 045E 10 S,LE045E10S,Extension Spring,11,Stock,,Yes,Yes,Yes,Yes,Yes,Yes,Yes,Yes,Yes,Standard Extension Series (inch),NR,Stainless Steel,SS,ASTM A313,0.5,0.5,12.7,1.27,0.01,0.01,0.25,0.025,4,4,101.6,10.16,0.06,0.06,1.52,0.152,0.75,0.75,0.131,1.31,0.0134,0.134,13.4,134,0.075,0.075,0.0131,0.131,0.00134,0.0134,1.34,13.4,0.41,0.41,10.41,1.041,REF,Reference,Reference,Reference,72.55,72.6,0.045,0.045,1.14,0.114,Standard Loops,0.5831,0.5831,2.594,0.2645,264.5,0.11662,0.11662,0.5188,0.0529,52.9,6.2475,6.2475,27.79,2.8339,2833.9,11.556,11.556,293.52,29.352,3.18,3.18,80.77,8.077,Factory Option,Passivate per ASTM A967,0.052,0.41,0.41,10.41,1.041,Random,0.045,0.045,1.14,0.114
LE 045E 10 S316,LE 045E 10 S316,LE045E10S316,Extension Spring,11,Stock,,Yes,Yes,Yes,Yes,Yes,Yes,Yes,Yes,Yes,Standard Extension Series (inch),NR,Stainless Steel Type 316,SS 316,ASTM A313,0.5,0.5,12.7,1.27,0.01,0.01,0.25,0.025,4,4,101.6,10.16,0.06,0.06,1.52,0.152,0.75,0.75,0.131,1.31,0.0134,0.134,13.4,134,0.075,0.075,0.0131,0.131,0.00134,0.0134,1.34,13.4,0.41,0.41,10.41,1.041,REF,Reference,Reference,Reference,72.55,72.6,0.045,0.045,1.14,0.114,Standard Loops,0.5831,0.5831,2.594,0.2645,264.5,0.11662,0.11662,0.5188,0.0529,52.9,4.685,4.685,20.84,2.1251,2125.1,9.469,9.469,240.51,24.051,3.18,3.18,80.77,8.077,Factory Option,Ultrasonically Passivate with Citric Acid for 10 mins At 131 Deg F,0.052,0.41,0.41,10.41,1.041,Random,0.045,0.045,1.14,0.114
LE 045E 11 M,LE 045E 11 M,LE045E11M,Extension Spring,11,Stock,,Yes,Yes,Yes,Yes,Yes,Yes,Yes,Yes,Yes,Standard Extension Series (inch),NR,Music Wire,MW,ASTM A228,0.5,0.5,12.7,1.27,0.01,0.01,0.25,0.025,4.5,4.5,114.3,11.43,0.093,0.093,2.36,0.236,0.8,0.8,0.14,1.4,0.0143,0.143,14.3,143,0.08,0.08,0.014,0.14,0.00143,0.0143,1.43,14.3,0.41,0.41,10.41,1.041,REF,Reference,Reference,Reference,81.62,81.6,0.045,0.045,1.14,0.114,Standard Loops,0.7,0.7,3.114,0.3175,317.5,0.14,0.14,0.6228,0.0635,63.5,7.5,7.5,33.362,3.402,3402,13,13,330.2,33.02,3.68,3.68,93.47,9.347,Factory Option,Zinc Plate and Bake per ASTM B633,0.057,0.41,0.41,10.41,1.041,Random,0.045,0.045,1.14,0.114
LE 045E 11 S,LE 045E 11 S,LE045E11S,Extension Spring,11,Stock,,Yes,Yes,Yes,Yes,Yes,Yes,Yes,Yes,Yes,Standard Extension Series (inch),NR,Stainless Steel,SS,ASTM A313,0.5,0.5,12.7,1.27,0.01,0.01,0.25,0.025,4.5,4.5,114.3,11.43,0.093,0.093,2.36,0.236,0.6678,0.668,0.117,1.17,0.0119,0.119,11.9,119,0.067,0.067,0.0117,0.117,0.0012,0.012,1.2,12,0.41,0.41,10.41,1.041,REF,Reference,Reference,Reference,81.48,81.5,0.045,0.045,1.14,0.114,Standard Loops,0.5831,0.5831,2.594,0.2645,264.5,0.11662,0.11662,0.5188,0.0529,52.9,6.2475,6.2475,27.79,2.8339,2833.9,12.985,12.985,329.82,32.982,3.68,3.68,93.47,9.347,Factory Option,Passivate per ASTM A967,0.058,0.41,0.41,10.41,1.041,Random,0.045,0.045,1.14,0.114
LE 045E 11 S316,LE 045E 11 S316,LE045E11S316,Extension Spring,11,Stock,,Yes,Yes,Yes,Yes,Yes,Yes,Yes,Yes,Yes,Standard Extension Series (inch),NR,Stainless Steel Type 316,SS 316,ASTM A313,0.5,0.5,12.7,1.27,0.01,0.01,0.25,0.025,4.5,4.5,114.3,11.43,0.093,0.093,2.36,0.236,0.6678,0.668,0.117,1.17,0.0119,0.119,11.9,119,0.067,0.067,0.0117,0.117,0.0012,0.012,1.2,12,0.41,0.41,10.41,1.041,REF,Reference,Reference,Reference,81.48,81.5,0.045,0.045,1.14,0.114,Standard Loops,0.5831,0.5831,2.594,0.2645,264.5,0.11662,0.11662,0.5188,0.0529,52.9,4.685,4.685,20.84,2.1251,2125.1,10.642,10.642,270.31,27.031,3.68,3.68,93.47,9.347,Factory Option,Ultrasonically Passivate with Citric Acid for 10 mins At 131 Deg F,0.058,0.41,0.41,10.41,1.041,Random,0.045,0.045,1.14,0.114
LE 045E 12 M,LE 045E 12 M,LE045E12M,Extension Spring,11,Stock,,Yes,Yes,Yes,Yes,Yes,Yes,Yes,Yes,Yes,Standard Extension Series (inch),NR,Music Wire,MW,ASTM A228,0.5,0.5,12.7,1.27,0.01,0.01,0.25,0.025,5,5,127,12.7,0.093,0.093,2.36,0.236,0.7,0.7,0.123,1.23,0.0125,0.125,12.5,125,0.07,0.07,0.0123,0.123,0.00125,0.0125,1.25,12.5,0.41,0.41,10.41,1.041,REF,Reference,Reference,Reference,93.28,93.3,0.045,0.045,1.14,0.114,Standard Loops,0.7,0.7,3.114,0.3175,317.5,0.14,0.14,0.6228,0.0635,63.5,7.5,7.5,33.362,3.402,3402,14.713,14.713,373.71,37.371,4.18,4.18,106.17,10.617,Factory Option,Zinc Plate and Bake per ASTM B633,0.065,0.41,0.41,10.41,1.041,Random,0.045,0.045,1.14,0.114
LE 045E 12 S,LE 045E 12 S,LE045E12S,Extension Spring,11,Stock,,Yes,Yes,Yes,Yes,Yes,Yes,Yes,Yes,Yes,Standard Extension Series (inch),NR,Stainless Steel,SS,ASTM A313,0.5,0.5,12.7,1.27,0.01,0.01,0.25,0.025,5,5,127,12.7,0.093,0.093,2.36,0.236,0.583,0.583,0.102,1.02,0.0104,0.104,10.4,104,0.058,0.058,0.0102,0.102,0.00104,0.0104,1.04,10.4,0.41,0.41,10.41,1.041,REF,Reference,Reference,Reference,93.33,93.3,0.045,0.045,1.14,0.114,Standard Loops,0.5831,0.5831,2.594,0.2645,264.5,0.11662,0.11662,0.5188,0.0529,52.9,6.2475,6.2475,27.79,2.8339,2833.9,14.719,14.719,373.86,37.386,4.18,4.18,106.17,10.617,Factory Option,Passivate per ASTM A967,0.066,0.41,0.41,10.41,1.041,Random,0.045,0.045,1.14,0.114
LE 045E 12 S316,LE 045E 12 S316,LE045E12S316,Extension Spring,11,Stock,,Yes,Yes,Yes,Yes,Yes,Yes,Yes,Yes,Yes,Standard Extension Series (inch),NR,Stainless Steel Type 316,SS 316,ASTM A313,0.5,0.5,12.7,1.27,0.01,0.01,0.25,0.025,5,5,127,12.7,0.093,0.093,2.36,0.236,0.583,0.583,0.102,1.02,0.0104,0.104,10.4,104,0.058,0.058,0.0102,0.102,0.00104,0.0104,1.04,10.4,0.41,0.41,10.41,1.041,REF,Reference,Reference,Reference,93.33,93.3,0.045,0.045,1.14,0.114,Standard Loops,0.5831,0.5831,2.594,0.2645,264.5,0.11662,0.11662,0.5188,0.0529,52.9,4.685,4.685,20.84,2.1251,2125.1,12.035,12.035,305.69,30.569,4.18,4.18,106.17,10.617,Factory Option,Ultrasonically Passivate with Citric Acid for 10 mins At 131 Deg F,0.066,0.41,0.41,10.41,1.041,Random,0.045,0.045,1.14,0.114
LE 046DE 01M,LE 046DE 01M,LE046DE01M,Extension Spring,11,Stock,,Yes,Yes,Yes,Yes,Yes,Yes,Yes,Yes,Yes,Standard Extension Series (inch),NR,Music Wire,MW,ASTM A228,0.438,0.438,11.13,1.113,0.01,0.01,0.25,0.025,1,1,25.4,2.54,0.03,0.03,0.76,0.076,18.7,18.7,3.275,32.75,0.3339,3.339,333.9,3339,1.87,1.87,0.3275,3.275,0.03339,0.3339,33.39,333.9,0.346,0.346,8.79,0.879,REF,Reference,Reference,Reference,5.9624,6,0.046,0.046,1.17,0.117,Standard Loops,1,1,4.448,0.4536,453.6,0.2,0.2,0.8896,0.09072,90.72,10,10,44.482,4.536,4536,1.48,1.48,37.59,3.759,0.308,0.308,7.82,0.782,Factory Option,Zinc Plate and Bake per ASTM B633,0.00487,0.346,0.346,8.79,0.879,Random,0.046,0.046,1.17,0.117
LE 046DE 01S,LE 046DE 01S,LE046DE01S,Extension Spring,11,Stock,,Yes,Yes,Yes,Yes,Yes,Yes,Yes,Yes,Yes,Standard Extension Series (inch),NR,Stainless Steel,SS,ASTM A313,0.438,0.438,11.13,1.113,0.01,0.01,0.25,0.025,1,1,25.4,2.54,0.03,0.03,0.76,0.076,15.58,15.58,2.729,27.29,0.2782,2.782,278.2,2782,1.558,1.558,0.2729,2.729,0.02782,0.2782,27.82,278.2,0.346,0.346,8.79,0.879,REF,Reference,Reference,Reference,5.9636,6,0.046,0.046,1.17,0.117,Standard Loops,0.833,0.833,3.705,0.3778,377.8,0.1666,0.1666,0.7411,0.07557,75.57,8.33,8.33,37.054,3.7785,3778.5,1.48,1.48,37.59,3.759,0.308,0.308,7.82,0.782,Factory Option,Passivate per ASTM A967,0.00496,0.346,0.346,8.79,0.879,Random,0.046,0.046,1.17,0.117
LE 046DE 01S316,LE 046DE 01S316,LE046DE01S316,Extension Spring,11,Stock,,Yes,Yes,Yes,Yes,Yes,Yes,Yes,Yes,Yes,Standard Extension Series (inch),NR,Stainless Steel Type 316,SS 316,ASTM A313,0.438,0.438,11.13,1.113,0.01,0.01,0.25,0.025,1,1,25.4,2.54,0.03,0.03,0.76,0.076,15.58,15.58,2.729,27.29,0.2782,2.782,278.2,2782,1.558,1.558,0.2729,2.729,0.02782,0.2782,27.82,278.2,0.346,0.346,8.79,0.879,REF,Reference,Reference,Reference,5.9636,6,0.046,0.046,1.17,0.117,Standard Loops,0.833,0.833,3.705,0.3778,377.8,0.1666,0.1666,0.7411,0.07557,75.57,6.247,6.247,27.788,2.8336,2833.6,1.347,1.347,34.21,3.421,0.308,0.308,7.82,0.782,Factory Option,Ultrasonically Passivate with Citric Acid for 10 mins At 131 Deg F,0.00496,0.346,0.346,8.79,0.879,Random,0.046,0.046,1.17,0.117
LE 046DE 02M,LE 046DE 02M,LE046DE02M,Extension Spring,11,Stock,,Yes,Yes,Yes,Yes,Yes,Yes,Yes,Yes,Yes,Standard Extension Series (inch),NR,Music Wire,MW,ASTM A228,0.438,0.438,11.13,1.113,0.01,0.01,0.25,0.025,1.125,1.125,28.58,2.858,0.035,0.035,0.89,0.089,13.2,13.2,2.312,23.12,0.2357,2.357,235.7,2357,1.32,1.32,0.2312,2.312,0.02357,0.2357,23.57,235.7,0.346,0.346,8.79,0.879,REF,Reference,Reference,Reference,8.4467,8.4,0.046,0.046,1.17,0.117,Standard Loops,1,1,4.448,0.4536,453.6,0.2,0.2,0.8896,0.09072,90.72,10,10,44.482,4.536,4536,1.805,1.805,45.85,4.585,0.433,0.433,11,1.1,Factory Option,Zinc Plate and Bake per ASTM B633,0.00639,0.346,0.346,8.79,0.879,Random,0.046,0.046,1.17,0.117
LE 046DE 02S,LE 046DE 02S,LE046DE02S,Extension Spring,11,Stock,,Yes,Yes,Yes,Yes,Yes,Yes,Yes,Yes,Yes,Standard Extension Series (inch),NR,Stainless Steel,SS,ASTM A313,0.438,0.438,11.13,1.113,0.01,0.01,0.25,0.025,1.125,1.125,28.58,2.858,0.035,0.035,0.89,0.089,11,11,1.926,19.26,0.1964,1.964,196.4,1964,1.1,1.1,0.1926,1.926,0.01964,0.1964,19.64,196.4,0.346,0.346,8.79,0.879,REF,Reference,Reference,Reference,8.4467,8.4,0.046,0.046,1.17,0.117,Standard Loops,0.833,0.833,3.705,0.3778,377.8,0.1666,0.1666,0.7411,0.07557,75.57,8.33,8.33,37.054,3.7785,3778.5,1.805,1.805,45.85,4.585,0.433,0.433,11,1.1,Factory Option,Passivate per ASTM A967,0.00651,0.346,0.346,8.79,0.879,Random,0.046,0.046,1.17,0.117
LE 046DE 02S316,LE 046DE 02S316,LE046DE02S316,Extension Spring,11,Stock,,Yes,Yes,Yes,Yes,Yes,Yes,Yes,Yes,Yes,Standard Extension Series (inch),NR,Stainless Steel Type 316,SS 316,ASTM A313,0.438,0.438,11.13,1.113,0.01,0.01,0.25,0.025,1.125,1.125,28.58,2.858,0.035,0.035,0.89,0.089,11,11,1.926,19.26,0.1964,1.964,196.4,1964,1.1,1.1,0.1926,1.926,0.01964,0.1964,19.64,196.4,0.346,0.346,8.79,0.879,REF,Reference,Reference,Reference,8.4467,8.4,0.046,0.046,1.17,0.117,Standard Loops,0.833,0.833,3.705,0.3778,377.8,0.1666,0.1666,0.7411,0.07557,75.57,6.247,6.247,27.788,2.8336,2833.6,1.617,1.617,41.07,4.107,0.433,0.433,11,1.1,Factory Option,Ultrasonically Passivate with Citric Acid for 10 mins At 131 Deg F,0.00651,0.346,0.346,8.79,0.879,Random,0.046,0.046,1.17,0.117
LE 046DE 03M,LE 046DE 03M,LE046DE03M,Extension Spring,11,Stock,,Yes,Yes,Yes,Yes,Yes,Yes,Yes,Yes,Yes,Standard Extension Series (inch),NR,Music Wire,MW,ASTM A228,0.438,0.438,11.13,1.113,0.01,0.01,0.25,0.025,1.25,1.25,31.75,3.175,0.035,0.035,0.89,0.089,9.75,9.75,1.708,17.08,0.1741,1.741,174.1,1741,0.975,0.975,0.1708,1.708,0.01741,0.1741,17.41,174.1,0.346,0.346,8.79,0.879,REF,Reference,Reference,Reference,11.4356,11.4,0.046,0.046,1.17,0.117,Standard Loops,1,1,4.448,0.4536,453.6,0.2,0.2,0.8896,0.09072,90.72,10,10,44.482,4.536,4536,2.17,2.17,55.12,5.512,0.558,0.558,14.17,1.417,Factory Option,Zinc Plate and Bake per ASTM B633,0.00821,0.346,0.346,8.79,0.879,Random,0.046,0.046,1.17,0.117
LE 046DE 03S,LE 046DE 03S,LE046DE03S,Extension Spring,11,Stock,,Yes,Yes,Yes,Yes,Yes,Yes,Yes,Yes,Yes,Standard Extension Series (inch),NR,Stainless Steel,SS,ASTM A313,0.438,0.438,11.13,1.113,0.01,0.01,0.25,0.025,1.25,1.25,31.75,3.175,0.035,0.035,0.89,0.089,8.12,8.12,1.422,14.22,0.145,1.45,145,1450,0.812,0.812,0.1422,1.422,0.0145,0.145,14.5,145,0.346,0.346,8.79,0.879,REF,Reference,Reference,Reference,11.4426,11.4,0.046,0.046,1.17,0.117,Standard Loops,0.833,0.833,3.705,0.3778,377.8,0.1666,0.1666,0.7411,0.07557,75.57,8.33,8.33,37.054,3.7785,3778.5,2.17,2.17,55.12,5.512,0.558,0.558,14.17,1.417,Factory Option,Passivate per ASTM A967,0.00838,0.346,0.346,8.79,0.879,Random,0.046,0.046,1.17,0.117
LE 046DE 03S316,LE 046DE 03S316,LE046DE03S316,Extension Spring,11,Stock,,Yes,Yes,Yes,Yes,Yes,Yes,Yes,Yes,Yes,Standard Extension Series (inch),NR,Stainless Steel Type 316,SS 316,ASTM A313,0.438,0.438,11.13,1.113,0.01,0.01,0.25,0.025,1.25,1.25,31.75,3.175,0.035,0.035,0.89,0.089,8.12,8.12,1.422,14.22,0.145,1.45,145,1450,0.812,0.812,0.1422,1.422,0.0145,0.145,14.5,145,0.346,0.346,8.79,0.879,REF,Reference,Reference,Reference,11.4426,11.4,0.046,0.046,1.17,0.117,Standard Loops,0.833,0.833,3.705,0.3778,377.8,0.1666,0.1666,0.7411,0.07557,75.57,6.247,6.247,27.788,2.8336,2833.6,1.916,1.916,48.67,4.867,0.558,0.558,14.17,1.417,Factory Option,Ultrasonically Passivate with Citric Acid for 10 mins At 131 Deg F,0.00838,0.346,0.346,8.79,0.879,Random,0.046,0.046,1.17,0.117
LE 046DE 04M,LE 046DE 04M,LE046DE04M,Extension Spring,11,Stock,,Yes,Yes,Yes,Yes,Yes,Yes,Yes,Yes,Yes,Standard Extension Series (inch),NR,Music Wire,MW,ASTM A228,0.438,0.438,11.13,1.113,0.01,0.01,0.25,0.025,1.375,1.375,34.93,3.493,0.035,0.035,0.89,0.089,8,8,1.401,14.01,0.1429,1.429,142.9,1429,0.8,0.8,0.1401,1.401,0.01429,0.1429,14.29,142.9,0.346,0.346,8.79,0.879,REF,Reference,Reference,Reference,13.9371,13.9,0.046,0.046,1.17,0.117,Standard Loops,1,1,4.448,0.4536,453.6,0.2,0.2,0.8896,0.09072,90.72,10,10,44.482,4.536,4536,2.505,2.505,63.63,6.363,0.683,0.683,17.35,1.735,Factory Option,Zinc Plate and Bake per ASTM B633,0.00974,0.346,0.346,8.79,0.879,Random,0.046,0.046,1.17,0.117
LE 046DE 04S,LE 046DE 04S,LE046DE04S,Extension Spring,11,Stock,,Yes,Yes,Yes,Yes,Yes,Yes,Yes,Yes,Yes,Standard Extension Series (inch),NR,Stainless Steel,SS,ASTM A313,0.438,0.438,11.13,1.113,0.01,0.01,0.25,0.025,1.375,1.375,34.93,3.493,0.035,0.035,0.89,0.089,6.66,6.66,1.166,11.66,0.1189,1.189,118.9,1189,0.666,0.666,0.1166,1.166,0.01189,0.1189,11.89,118.9,0.346,0.346,8.79,0.879,REF,Reference,Reference,Reference,13.9511,14,0.046,0.046,1.17,0.117,Standard Loops,0.833,0.833,3.705,0.3778,377.8,0.1666,0.1666,0.7411,0.07557,75.57,8.33,8.33,37.054,3.7785,3778.5,2.505,2.505,63.63,6.363,0.683,0.683,17.35,1.735,Factory Option,Passivate per ASTM A967,0.00994,0.346,0.346,8.79,0.879,Random,0.046,0.046,1.17,0.117
LE 046DE 04S316,LE 046DE 04S316,LE046DE04S316,Extension Spring,11,Stock,,Yes,Yes,Yes,Yes,Yes,Yes,Yes,Yes,Yes,Standard Extension Series (inch),NR,Stainless Steel Type 316,SS 316,ASTM A313,0.438,0.438,11.13,1.113,0.01,0.01,0.25,0.025,1.375,1.375,34.93,3.493,0.035,0.035,0.89,0.089,6.66,6.66,1.166,11.66,0.1189,1.189,118.9,1189,0.666,0.666,0.1166,1.166,0.01189,0.1189,11.89,118.9,0.346,0.346,8.79,0.879,REF,Reference,Reference,Reference,13.9511,14,0.046,0.046,1.17,0.117,Standard Loops,0.833,0.833,3.705,0.3778,377.8,0.1666,0.1666,0.7411,0.07557,75.57,6.247,6.247,27.788,2.8336,2833.6,2.187,2.187,55.55,5.555,0.683,0.683,17.35,1.735,Factory Option,Ultrasonically Passivate with Citric Acid for 10 mins At 131 Deg F,0.00994,0.346,0.346,8.79,0.879,Random,0.046,0.046,1.17,0.117
LE 046DE 05M,LE 046DE 05M,LE046DE05M,Extension Spring,11,Stock,,Yes,Yes,Yes,Yes,Yes,Yes,Yes,Yes,Yes,Standard Extension Series (inch),NR,Music Wire,MW,ASTM A228,0.438,0.438,11.13,1.113,0.01,0.01,0.25,0.025,1.5,1.5,38.1,3.81,0.035,0.035,0.89,0.089,6.8,6.8,1.191,11.91,0.1214,1.214,121.4,1214,0.68,0.68,0.1191,1.191,0.01214,0.1214,12.14,121.4,0.346,0.346,8.79,0.879,REF,Reference,Reference,Reference,16.3966,16.4,0.046,0.046,1.17,0.117,Standard Loops,1,1,4.448,0.4536,453.6,0.2,0.2,0.8896,0.09072,90.72,10,10,44.482,4.536,4536,2.82,2.82,71.63,7.163,0.808,0.808,20.52,2.052,Factory Option,Zinc Plate and Bake per ASTM B633,0.01125,0.346,0.346,8.79,0.879,Random,0.046,0.046,1.17,0.117
LE 046DE 05S,LE 046DE 05S,LE046DE05S,Extension Spring,11,Stock,,Yes,Yes,Yes,Yes,Yes,Yes,Yes,Yes,Yes,Standard Extension Series (inch),NR,Stainless Steel,SS,ASTM A313,0.438,0.438,11.13,1.113,0.01,0.01,0.25,0.025,1.5,1.5,38.1,3.81,0.035,0.035,0.89,0.089,5.66,5.66,0.991,9.91,0.1011,1.011,101.1,1011,0.566,0.566,0.0991,0.991,0.01011,0.1011,10.11,101.1,0.346,0.346,8.79,0.879,REF,Reference,Reference,Reference,16.4159,16.4,0.046,0.046,1.17,0.117,Standard Loops,0.833,0.833,3.705,0.3778,377.8,0.1666,0.1666,0.7411,0.07557,75.57,8.33,8.33,37.054,3.7785,3778.5,2.82,2.82,71.63,7.163,0.808,0.808,20.52,2.052,Factory Option,Passivate per ASTM A967,0.01147,0.346,0.346,8.79,0.879,Random,0.046,0.046,1.17,0.117
LE 046DE 05S316,LE 046DE 05S316,LE046DE05S316,Extension Spring,11,Stock,,Yes,Yes,Yes,Yes,Yes,Yes,Yes,Yes,Yes,Standard Extension Series (inch),NR,Stainless Steel Type 316,SS 316,ASTM A313,0.438,0.438,11.13,1.113,0.01,0.01,0.25,0.025,1.5,1.5,38.1,3.81,0.035,0.035,0.89,0.089,5.66,5.66,0.991,9.91,0.1011,1.011,101.1,1011,0.566,0.566,0.0991,0.991,0.01011,0.1011,10.11,101.1,0.346,0.346,8.79,0.879,REF,Reference,Reference,Reference,16.4159,16.4,0.046,0.046,1.17,0.117,Standard Loops,0.833,0.833,3.705,0.3778,377.8,0.1666,0.1666,0.7411,0.07557,75.57,6.247,6.247,27.788,2.8336,2833.6,2.456,2.456,62.38,6.238,0.808,0.808,20.52,2.052,Factory Option,Ultrasonically Passivate with Citric Acid for 10 mins At 131 Deg F,0.01147,0.346,0.346,8.79,0.879,Random,0.046,0.046,1.17,0.117
LE 046DE 06M,LE 046DE 06M,LE046DE06M,Extension Spring,11,Stock,,Yes,Yes,Yes,Yes,Yes,Yes,Yes,Yes,Yes,Standard Extension Series (inch),NR,Music Wire,MW,ASTM A228,0.438,0.438,11.13,1.113,0.01,0.01,0.25,0.025,1.75,1.75,44.45,4.445,0.04,0.04,1.02,0.102,5.1,5.1,0.893,8.93,0.0911,0.911,91.1,911,0.51,0.51,0.0893,0.893,0.00911,0.0911,9.11,91.1,0.346,0.346,8.79,0.879,REF,Reference,Reference,Reference,21.8622,21.9,0.046,0.046,1.17,0.117,Standard Loops,1,1,4.448,0.4536,453.6,0.2,0.2,0.8896,0.09072,90.72,10,10,44.482,4.536,4536,3.51,3.51,89.15,8.915,1.058,1.058,26.87,2.687,Factory Option,Zinc Plate and Bake per ASTM B633,0.01459,0.346,0.346,8.79,0.879,Random,0.046,0.046,1.17,0.117
LE 046DE 06S,LE 046DE 06S,LE046DE06S,Extension Spring,11,Stock,,Yes,Yes,Yes,Yes,Yes,Yes,Yes,Yes,Yes,Standard Extension Series (inch),NR,Stainless Steel,SS,ASTM A313,0.438,0.438,11.13,1.113,0.01,0.01,0.25,0.025,1.75,1.75,44.45,4.445,0.04,0.04,1.02,0.102,4.25,4.25,0.744,7.44,0.0759,0.759,75.9,759,0.425,0.425,0.0744,0.744,0.00759,0.0759,7.59,75.9,0.346,0.346,8.79,0.879,REF,Reference,Reference,Reference,21.8622,21.9,0.046,0.046,1.17,0.117,Standard Loops,0.833,0.833,3.705,0.3778,377.8,0.1666,0.1666,0.7411,0.07557,75.57,8.33,8.33,37.054,3.7785,3778.5,3.51,3.51,89.15,8.915,1.058,1.058,26.87,2.687,Factory Option,Passivate per ASTM A967,0.01487,0.346,0.346,8.79,0.879,Random,0.046,0.046,1.17,0.117
LE 046DE 06S316,LE 046DE 06S316,LE046DE06S316,Extension Spring,11,Stock,,Yes,Yes,Yes,Yes,Yes,Yes,Yes,Yes,Yes,Standard Extension Series (inch),NR,Stainless Steel Type 316,SS 316,ASTM A313,0.438,0.438,11.13,1.113,0.01,0.01,0.25,0.025,1.75,1.75,44.45,4.445,0.04,0.04,1.02,0.102,4.25,4.25,0.744,7.44,0.0759,0.759,75.9,759,0.425,0.425,0.0744,0.744,0.00759,0.0759,7.59,75.9,0.346,0.346,8.79,0.879,REF,Reference,Reference,Reference,21.8622,21.9,0.046,0.046,1.17,0.117,Standard Loops,0.833,0.833,3.705,0.3778,377.8,0.1666,0.1666,0.7411,0.07557,75.57,6.247,6.247,27.788,2.8336,2833.6,3.023,3.023,76.78,7.678,1.058,1.058,26.87,2.687,Factory Option,Ultrasonically Passivate with Citric Acid for 10 mins At 131 Deg F,0.01487,0.346,0.346,8.79,0.879,Random,0.046,0.046,1.17,0.117
LE 046DE 07M,LE 046DE 07M,LE046DE07M,Extension Spring,11,Stock,,Yes,Yes,Yes,Yes,Yes,Yes,Yes,Yes,Yes,Standard Extension Series (inch),NR,Music Wire,MW,ASTM A228,0.438,0.438,11.13,1.113,0.01,0.01,0.25,0.025,2,2,50.8,5.08,0.04,0.04,1.02,0.102,4.1,4.1,0.718,7.18,0.0732,0.732,73.2,732,0.41,0.41,0.0718,0.718,0.00732,0.0732,7.32,73.2,0.346,0.346,8.79,0.879,REF,Reference,Reference,Reference,27.1944,27.2,0.046,0.046,1.17,0.117,Standard Loops,1,1,4.448,0.4536,453.6,0.2,0.2,0.8896,0.09072,90.72,10,10,44.482,4.536,4536,4.2,4.2,106.68,10.668,1.308,1.308,33.22,3.322,Factory Option,Zinc Plate and Bake per ASTM B633,0.01785,0.346,0.346,8.79,0.879,Random,0.046,0.046,1.17,0.117
LE 046DE 07S,LE 046DE 07S,LE046DE07S,Extension Spring,11,Stock,,Yes,Yes,Yes,Yes,Yes,Yes,Yes,Yes,Yes,Standard Extension Series (inch),NR,Stainless Steel,SS,ASTM A313,0.438,0.438,11.13,1.113,0.01,0.01,0.25,0.025,2,2,50.8,5.08,0.04,0.04,1.02,0.102,3.42,3.42,0.599,5.99,0.0611,0.611,61.1,611,0.342,0.342,0.0599,0.599,0.00611,0.0611,6.11,61.1,0.346,0.346,8.79,0.879,REF,Reference,Reference,Reference,27.1679,27.2,0.046,0.046,1.17,0.117,Standard Loops,0.833,0.833,3.705,0.3778,377.8,0.1666,0.1666,0.7411,0.07557,75.57,8.33,8.33,37.054,3.7785,3778.5,4.2,4.2,106.68,10.668,1.308,1.308,33.22,3.322,Factory Option,Passivate per ASTM A967,0.01817,0.346,0.346,8.79,0.879,Random,0.046,0.046,1.17,0.117
LE 046DE 07S316,LE 046DE 07S316,LE046DE07S316,Extension Spring,11,Stock,,Yes,Yes,Yes,Yes,Yes,Yes,Yes,Yes,Yes,Standard Extension Series (inch),NR,Stainless Steel Type 316,SS 316,ASTM A313,0.438,0.438,11.13,1.113,0.01,0.01,0.25,0.025,2,2,50.8,5.08,0.04,0.04,1.02,0.102,3.42,3.42,0.599,5.99,0.0611,0.611,61.1,611,0.342,0.342,0.0599,0.599,0.00611,0.0611,6.11,61.1,0.346,0.346,8.79,0.879,REF,Reference,Reference,Reference,27.1679,27.2,0.046,0.046,1.17,0.117,Standard Loops,0.833,0.833,3.705,0.3778,377.8,0.1666,0.1666,0.7411,0.07557,75.57,6.247,6.247,27.788,2.8336,2833.6,3.583,3.583,91.01,9.101,1.308,1.308,33.22,3.322,Factory Option,Ultrasonically Passivate with Citric Acid for 10 mins At 131 Deg F,0.01817,0.346,0.346,8.79,0.879,Random,0.046,0.046,1.17,0.117
LE 046DE 08M,LE 046DE 08M,LE046DE08M,Extension Spring,11,Stock,,Yes,Yes,Yes,Yes,Yes,Yes,Yes,Yes,Yes,Standard Extension Series (inch),NR,Music Wire,MW,ASTM A228,0.438,0.438,11.13,1.113,0.01,0.01,0.25,0.025,2.25,2.25,57.15,5.715,0.05,0.05,1.27,0.127,3.4,3.4,0.595,5.95,0.0607,0.607,60.7,607,0.34,0.34,0.0595,0.595,0.00607,0.0607,6.07,60.7,0.346,0.346,8.79,0.879,REF,Reference,Reference,Reference,32.7933,32.8,0.046,0.046,1.17,0.117,Standard Loops,1,1,4.448,0.4536,453.6,0.2,0.2,0.8896,0.09072,90.72,10,10,44.482,4.536,4536,4.9,4.9,124.46,12.446,1.558,1.558,39.57,3.957,Factory Option,Zinc Plate and Bake per ASTM B633,0.02127,0.346,0.346,8.79,0.879,Random,0.046,0.046,1.17,0.117
LE 046DE 08S,LE 046DE 08S,LE046DE08S,Extension Spring,11,Stock,,Yes,Yes,Yes,Yes,Yes,Yes,Yes,Yes,Yes,Standard Extension Series (inch),NR,Stainless Steel,SS,ASTM A313,0.438,0.438,11.13,1.113,0.01,0.01,0.25,0.025,2.25,2.25,57.15,5.715,0.05,0.05,1.27,0.127,2.83,2.83,0.496,4.96,0.0505,0.505,50.5,505,0.283,0.283,0.0496,0.496,0.00505,0.0505,5.05,50.5,0.346,0.346,8.79,0.879,REF,Reference,Reference,Reference,32.8319,32.8,0.046,0.046,1.17,0.117,Standard Loops,0.833,0.833,3.705,0.3778,377.8,0.1666,0.1666,0.7411,0.07557,75.57,8.33,8.33,37.054,3.7785,3778.5,4.9,4.9,124.46,12.446,1.558,1.558,39.57,3.957,Factory Option,Passivate per ASTM A967,0.0217,0.346,0.346,8.79,0.879,Random,0.046,0.046,1.17,0.117
LE 046DE 08S316,LE 046DE 08S316,LE046DE08S316,Extension Spring,11,Stock,,Yes,Yes,Yes,Yes,Yes,Yes,Yes,Yes,Yes,Standard Extension Series (inch),NR,Stainless Steel Type 316,SS 316,ASTM A313,0.438,0.438,11.13,1.113,0.01,0.01,0.25,0.025,2.25,2.25,57.15,5.715,0.05,0.05,1.27,0.127,2.83,2.83,0.496,4.96,0.0505,0.505,50.5,505,0.283,0.283,0.0496,0.496,0.00505,0.0505,5.05,50.5,0.346,0.346,8.79,0.879,REF,Reference,Reference,Reference,32.8319,32.8,0.046,0.046,1.17,0.117,Standard Loops,0.833,0.833,3.705,0.3778,377.8,0.1666,0.1666,0.7411,0.07557,75.57,6.247,6.247,27.788,2.8336,2833.6,4.163,4.163,105.74,10.574,1.558,1.558,39.57,3.957,Factory Option,Ultrasonically Passivate with Citric Acid for 10 mins At 131 Deg F,0.0217,0.346,0.346,8.79,0.879,Random,0.046,0.046,1.17,0.117
LE 046DE 09M,LE 046DE 09M,LE046DE09M,Extension Spring,11,Stock,,Yes,Yes,Yes,Yes,Yes,Yes,Yes,Yes,Yes,Standard Extension Series (inch),NR,Music Wire,MW,ASTM A228,0.438,0.438,11.13,1.113,0.01,0.01,0.25,0.025,2.5,2.5,63.5,6.35,0.05,0.05,1.27,0.127,2.9,2.9,0.508,5.08,0.0518,0.518,51.8,518,0.29,0.29,0.0508,0.508,0.00518,0.0518,5.18,51.8,0.346,0.346,8.79,0.879,REF,Reference,Reference,Reference,38.4473,38.4,0.046,0.046,1.17,0.117,Standard Loops,1,1,4.448,0.4536,453.6,0.2,0.2,0.8896,0.09072,90.72,10,10,44.482,4.536,4536,5.6,5.6,142.24,14.224,1.808,1.808,45.92,4.592,Factory Option,Zinc Plate and Bake per ASTM B633,0.02473,0.346,0.346,8.79,0.879,Random,0.046,0.046,1.17,0.117
LE 046DE 09S,LE 046DE 09S,LE046DE09S,Extension Spring,11,Stock,,Yes,Yes,Yes,Yes,Yes,Yes,Yes,Yes,Yes,Standard Extension Series (inch),NR,Stainless Steel,SS,ASTM A313,0.438,0.438,11.13,1.113,0.01,0.01,0.25,0.025,2.5,2.5,63.5,6.35,0.05,0.05,1.27,0.127,2.42,2.42,0.424,4.24,0.0432,0.432,43.2,432,0.242,0.242,0.0424,0.424,0.00432,0.0432,4.32,43.2,0.346,0.346,8.79,0.879,REF,Reference,Reference,Reference,38.3943,38.4,0.046,0.046,1.17,0.117,Standard Loops,0.833,0.833,3.705,0.3778,377.8,0.1666,0.1666,0.7411,0.07557,75.57,8.33,8.33,37.054,3.7785,3778.5,5.6,5.6,142.24,14.224,1.808,1.808,45.92,4.592,Factory Option,Passivate per ASTM A967,0.02517,0.346,0.346,8.79,0.879,Random,0.046,0.046,1.17,0.117
LE 046DE 09S316,LE 046DE 09S316,LE046DE09S316,Extension Spring,11,Stock,,Yes,Yes,Yes,Yes,Yes,Yes,Yes,Yes,Yes,Standard Extension Series (inch),NR,Stainless Steel Type 316,SS 316,ASTM A313,0.438,0.438,11.13,1.113,0.01,0.01,0.25,0.025,2.5,2.5,63.5,6.35,0.05,0.05,1.27,0.127,2.42,2.42,0.424,4.24,0.0432,0.432,43.2,432,0.242,0.242,0.0424,0.424,0.00432,0.0432,4.32,43.2,0.346,0.346,8.79,0.879,REF,Reference,Reference,Reference,38.3943,38.4,0.046,0.046,1.17,0.117,Standard Loops,0.833,0.833,3.705,0.3778,377.8,0.1666,0.1666,0.7411,0.07557,75.57,6.247,6.247,27.788,2.8336,2833.6,4.737,4.737,120.32,12.032,1.808,1.808,45.92,4.592,Factory Option,Ultrasonically Passivate with Citric Acid for 10 mins At 131 Deg F,0.02517,0.346,0.346,8.79,0.879,Random,0.046,0.046,1.17,0.117
LE 046DE 10M,LE 046DE 10M,LE046DE10M,Extension Spring,11,Stock,,Yes,Yes,Yes,Yes,Yes,Yes,Yes,Yes,Yes,Standard Extension Series (inch),NR,Music Wire,MW,ASTM A228,0.438,0.438,11.13,1.113,0.01,0.01,0.25,0.025,2.75,2.75,69.85,6.985,0.05,0.05,1.27,0.127,2.55,2.55,0.447,4.47,0.0455,0.455,45.5,455,0.255,0.255,0.0447,0.447,0.00455,0.0455,4.55,45.5,0.346,0.346,8.79,0.879,REF,Reference,Reference,Reference,43.7244,43.7,0.046,0.046,1.17,0.117,Standard Loops,1,1,4.448,0.4536,453.6,0.2,0.2,0.8896,0.09072,90.72,10,10,44.482,4.536,4536,6.28,6.28,159.51,15.951,2.058,2.058,52.27,5.227,Factory Option,Zinc Plate and Bake per ASTM B633,0.02796,0.346,0.346,8.79,0.879,Random,0.046,0.046,1.17,0.117
LE 046DE 10S,LE 046DE 10S,LE046DE10S,Extension Spring,11,Stock,,Yes,Yes,Yes,Yes,Yes,Yes,Yes,Yes,Yes,Standard Extension Series (inch),NR,Stainless Steel,SS,ASTM A313,0.438,0.438,11.13,1.113,0.01,0.01,0.25,0.025,2.75,2.75,69.85,6.985,0.05,0.05,1.27,0.127,2.12,2.12,0.371,3.71,0.0379,0.379,37.9,379,0.212,0.212,0.0371,0.371,0.00379,0.0379,3.79,37.9,0.346,0.346,8.79,0.879,REF,Reference,Reference,Reference,43.8275,43.8,0.046,0.046,1.17,0.117,Standard Loops,0.833,0.833,3.705,0.3778,377.8,0.1666,0.1666,0.7411,0.07557,75.57,8.33,8.33,37.054,3.7785,3778.5,6.28,6.28,159.51,15.951,2.058,2.058,52.27,5.227,Factory Option,Passivate per ASTM A967,0.02855,0.346,0.346,8.79,0.879,Random,0.046,0.046,1.17,0.117
LE 046DE 10S316,LE 046DE 10S316,LE046DE10S316,Extension Spring,11,Stock,,Yes,Yes,Yes,Yes,Yes,Yes,Yes,Yes,Yes,Standard Extension Series (inch),NR,Stainless Steel Type 316,SS 316,ASTM A313,0.438,0.438,11.13,1.113,0.01,0.01,0.25,0.025,2.75,2.75,69.85,6.985,0.05,0.05,1.27,0.127,2.12,2.12,0.371,3.71,0.0379,0.379,37.9,379,0.212,0.212,0.0371,0.371,0.00379,0.0379,3.79,37.9,0.346,0.346,8.79,0.879,REF,Reference,Reference,Reference,43.8275,43.8,0.046,0.046,1.17,0.117,Standard Loops,0.833,0.833,3.705,0.3778,377.8,0.1666,0.1666,0.7411,0.07557,75.57,6.247,6.247,27.788,2.8336,2833.6,5.303,5.303,134.7,13.47,2.058,2.058,52.27,5.227,Factory Option,Ultrasonically Passivate with Citric Acid for 10 mins At 131 Deg F,0.02855,0.346,0.346,8.79,0.879,Random,0.046,0.046,1.17,0.117
LE 046DE 11M,LE 046DE 11M,LE046DE11M,Extension Spring,11,Stock,,Yes,Yes,Yes,Yes,Yes,Yes,Yes,Yes,Yes,Standard Extension Series (inch),NR,Music Wire,MW,ASTM A228,0.438,0.438,11.13,1.113,0.01,0.01,0.25,0.025,3,3,76.2,7.62,0.05,0.05,1.27,0.127,2.25,2.25,0.394,3.94,0.0402,0.402,40.2,402,0.225,0.225,0.0394,0.394,0.00402,0.0402,4.02,40.2,0.346,0.346,8.79,0.879,REF,Reference,Reference,Reference,49.5543,49.6,0.046,0.046,1.17,0.117,Standard Loops,1,1,4.448,0.4536,453.6,0.2,0.2,0.8896,0.09072,90.72,10,10,44.482,4.536,4536,7,7,177.8,17.78,2.308,2.308,58.62,5.862,Factory Option,Zinc Plate and Bake per ASTM B633,0.03152,0.346,0.346,8.79,0.879,Random,0.046,0.046,1.17,0.117
LE 046DE 11S,LE 046DE 11S,LE046DE11S,Extension Spring,11,Stock,,Yes,Yes,Yes,Yes,Yes,Yes,Yes,Yes,Yes,Standard Extension Series (inch),NR,Stainless Steel,SS,ASTM A313,0.438,0.438,11.13,1.113,0.01,0.01,0.25,0.025,3,3,76.2,7.62,0.05,0.05,1.27,0.127,1.87,1.87,0.327,3.27,0.0334,0.334,33.4,334,0.187,0.187,0.0327,0.327,0.00334,0.0334,3.34,33.4,0.346,0.346,8.79,0.879,REF,Reference,Reference,Reference,49.6868,49.7,0.046,0.046,1.17,0.117,Standard Loops,0.833,0.833,3.705,0.3778,377.8,0.1666,0.1666,0.7411,0.07557,75.57,8.33,8.33,37.054,3.7785,3778.5,7,7,177.8,17.78,2.308,2.308,58.62,5.862,Factory Option,Passivate per ASTM A967,0.0322,0.346,0.346,8.79,0.879,Random,0.046,0.046,1.17,0.117
LE 046DE 11S316,LE 046DE 11S316,LE046DE11S316,Extension Spring,11,Stock,,Yes,Yes,Yes,Yes,Yes,Yes,Yes,Yes,Yes,Standard Extension Series (inch),NR,Stainless Steel Type 316,SS 316,ASTM A313,0.438,0.438,11.13,1.113,0.01,0.01,0.25,0.025,3,3,76.2,7.62,0.05,0.05,1.27,0.127,1.87,1.87,0.327,3.27,0.0334,0.334,33.4,334,0.187,0.187,0.0327,0.327,0.00334,0.0334,3.34,33.4,0.346,0.346,8.79,0.879,REF,Reference,Reference,Reference,49.6868,49.7,0.046,0.046,1.17,0.117,Standard Loops,0.833,0.833,3.705,0.3778,377.8,0.1666,0.1666,0.7411,0.07557,75.57,6.247,6.247,27.788,2.8336,2833.6,5.895,5.895,149.73,14.973,2.308,2.308,58.62,5.862,Factory Option,Ultrasonically Passivate with Citric Acid for 10 mins At 131 Deg F,0.0322,0.346,0.346,8.79,0.879,Random,0.046,0.046,1.17,0.117
LE 049CD 01M,LE 049CD 01M,LE049CD01M,Extension Spring,11,Stock,,Yes,Yes,Yes,Yes,Yes,Yes,Yes,Yes,Yes,Standard Extension Series (inch),NR,Music Wire,MW,ASTM A228,0.313,0.313,7.95,0.795,0.01,0.01,0.25,0.025,1,1,25.4,2.54,0.03,0.03,0.76,0.076,36,36,6.305,63.05,0.6429,6.429,642.9,6429,3.6,3.6,0.6305,6.305,0.06429,0.6429,64.29,642.9,0.215,0.215,5.46,0.546,REF,Reference,Reference,Reference,13.055,13.1,0.047,0.047,1.19,0.119,Standard Loops,1.8,1.8,8.007,0.8165,816.5,0.36,0.36,1.6014,0.1633,163.3,15,15,66.723,6.804,6804,1.37,1.37,34.8,3.48,0.57,0.57,14.48,1.448,Factory Option,Zinc Plate and Bake per ASTM B633,0.00703,0.215,0.215,5.46,0.546,Random,0.049,0.049,1.24,0.124
LE 049CD 01S,LE 049CD 01S,LE049CD01S,Extension Spring,11,Stock,,Yes,Yes,Yes,Yes,Yes,Yes,Yes,Yes,Yes,Standard Extension Series (inch),NR,Stainless Steel,SS,ASTM A313,0.313,0.313,7.95,0.795,0.01,0.01,0.25,0.025,1,1,25.4,2.54,0.03,0.03,0.76,0.076,29.99,29.99,5.252,52.52,0.5356,5.356,535.6,5356,2.999,2.999,0.5252,5.252,0.05356,0.5356,53.56,535.6,0.215,0.215,5.46,0.546,REF,Reference,Reference,Reference,13.059,13.1,0.047,0.047,1.19,0.119,Standard Loops,1.4994,1.4994,6.67,0.6801,680.1,0.29988,0.29988,1.3339,0.13603,136.03,12.495,12.495,55.581,5.6677,5667.7,1.37,1.37,34.8,3.48,0.57,0.57,14.48,1.448,Factory Option,Passivate per ASTM A967,0.00717,0.215,0.215,5.46,0.546,Random,0.049,0.049,1.24,0.124
LE 049CD 01S316,LE 049CD 01S316,LE049CD01S316,Extension Spring,11,Stock,,Yes,Yes,Yes,Yes,Yes,Yes,Yes,Yes,Yes,Standard Extension Series (inch),NR,Stainless Steel Type 316,SS 316,ASTM A313,0.313,0.313,7.95,0.795,0.01,0.01,0.25,0.025,1,1,25.4,2.54,0.03,0.03,0.76,0.076,29.99,29.99,5.252,52.52,0.5356,5.356,535.6,5356,2.999,2.999,0.5252,5.252,0.05356,0.5356,53.56,535.6,0.215,0.215,5.46,0.546,REF,Reference,Reference,Reference,13.059,13.1,0.047,0.047,1.19,0.119,Standard Loops,1.4994,1.4994,6.67,0.6801,680.1,0.29988,0.29988,1.3339,0.13603,136.03,9.371,9.371,41.684,4.2507,4250.7,1.262,1.262,32.05,3.205,0.57,0.57,14.48,1.448,Factory Option,Ultrasonically Passivate with Citric Acid for 10 mins At 131 Deg F,0.00717,0.215,0.215,5.46,0.546,Random,0.049,0.049,1.24,0.124
LE 049CD 02M,LE 049CD 02M,LE049CD02M,Extension Spring,11,Stock,,Yes,Yes,Yes,Yes,Yes,Yes,Yes,Yes,Yes,Standard Extension Series (inch),NR,Music Wire,MW,ASTM A228,0.313,0.313,7.95,0.795,0.01,0.01,0.25,0.025,1.125,1.125,28.58,2.858,0.035,0.035,0.89,0.089,30,30,5.254,52.54,0.5357,5.357,535.7,5357,3,3,0.5254,5.254,0.05357,0.5357,53.57,535.7,0.215,0.215,5.46,0.546,REF,Reference,Reference,Reference,15.665,15.7,0.047,0.047,1.19,0.119,Standard Loops,1.8,1.8,8.007,0.8165,816.5,0.36,0.36,1.6014,0.1633,163.3,15,15,66.723,6.804,6804,1.565,1.565,39.75,3.975,0.695,0.695,17.65,1.765,Factory Option,Zinc Plate and Bake per ASTM B633,0.00825,0.215,0.215,5.46,0.546,Random,0.049,0.049,1.24,0.124
LE 049CD 02S,LE 049CD 02S,LE049CD02S,Extension Spring,11,Stock,,Yes,Yes,Yes,Yes,Yes,Yes,Yes,Yes,Yes,Standard Extension Series (inch),NR,Stainless Steel,SS,ASTM A313,0.313,0.313,7.95,0.795,0.01,0.01,0.25,0.025,1.125,1.125,28.58,2.858,0.035,0.035,0.89,0.089,24.99,24.99,4.377,43.77,0.4463,4.463,446.3,4463,2.499,2.499,0.4377,4.377,0.04463,0.4463,44.63,446.3,0.215,0.215,5.46,0.546,REF,Reference,Reference,Reference,15.672,15.7,0.047,0.047,1.19,0.119,Standard Loops,1.4994,1.4994,6.67,0.6801,680.1,0.29988,0.29988,1.3339,0.13603,136.03,12.495,12.495,55.581,5.6677,5667.7,1.565,1.565,39.75,3.975,0.695,0.695,17.65,1.765,Factory Option,Passivate per ASTM A967,0.00841,0.215,0.215,5.46,0.546,Random,0.049,0.049,1.24,0.124
LE 049CD 02S316,LE 049CD 02S316,LE049CD02S316,Extension Spring,11,Stock,,Yes,Yes,Yes,Yes,Yes,Yes,Yes,Yes,Yes,Standard Extension Series (inch),NR,Stainless Steel Type 316,SS 316,ASTM A313,0.313,0.313,7.95,0.795,0.01,0.01,0.25,0.025,1.125,1.125,28.58,2.858,0.035,0.035,0.89,0.089,24.99,24.99,4.377,43.77,0.4463,4.463,446.3,4463,2.499,2.499,0.4377,4.377,0.04463,0.4463,44.63,446.3,0.215,0.215,5.46,0.546,REF,Reference,Reference,Reference,15.672,15.7,0.047,0.047,1.19,0.119,Standard Loops,1.4994,1.4994,6.67,0.6801,680.1,0.29988,0.29988,1.3339,0.13603,136.03,9.371,9.371,41.684,4.2507,4250.7,1.44,1.44,36.58,3.658,0.695,0.695,17.65,1.765,Factory Option,Ultrasonically Passivate with Citric Acid for 10 mins At 131 Deg F,0.00841,0.215,0.215,5.46,0.546,Random,0.049,0.049,1.24,0.124
LE 049CD 03M,LE 049CD 03M,LE049CD03M,Extension Spring,11,Stock,,Yes,Yes,Yes,Yes,Yes,Yes,Yes,Yes,Yes,Standard Extension Series (inch),NR,Music Wire,MW,ASTM A228,0.313,0.313,7.95,0.795,0.01,0.01,0.25,0.025,1.25,1.25,31.75,3.175,0.035,0.035,0.89,0.089,26,26,4.553,45.53,0.4643,4.643,464.3,4643,2.6,2.6,0.4553,4.553,0.04643,0.4643,46.43,464.3,0.215,0.215,5.46,0.546,REF,Reference,Reference,Reference,18.0755,18.1,0.049,0.049,1.24,0.124,Standard Loops,1.8,1.8,8.007,0.8165,816.5,0.36,0.36,1.6014,0.1633,163.3,15,15,66.723,6.804,6804,1.76,1.76,44.7,4.47,0.82,0.82,20.83,2.083,Factory Option,Zinc Plate and Bake per ASTM B633,0.00938,0.215,0.215,5.46,0.546,Random,0.049,0.049,1.24,0.124
LE 049CD 03S,LE 049CD 03S,LE049CD03S,Extension Spring,11,Stock,,Yes,Yes,Yes,Yes,Yes,Yes,Yes,Yes,Yes,Standard Extension Series (inch),NR,Stainless Steel,SS,ASTM A313,0.313,0.313,7.95,0.795,0.01,0.01,0.25,0.025,1.25,1.25,31.75,3.175,0.035,0.035,0.89,0.089,21.66,21.66,3.793,37.93,0.3868,3.868,386.8,3868,2.166,2.166,0.3793,3.793,0.03868,0.3868,38.68,386.8,0.215,0.215,5.46,0.546,REF,Reference,Reference,Reference,18.081,18.1,0.049,0.049,1.24,0.124,Standard Loops,1.4994,1.4994,6.67,0.6801,680.1,0.29988,0.29988,1.3339,0.13603,136.03,12.495,12.495,55.581,5.6677,5667.7,1.76,1.76,44.7,4.47,0.82,0.82,20.83,2.083,Factory Option,Passivate per ASTM A967,0.00956,0.215,0.215,5.46,0.546,Random,0.049,0.049,1.24,0.124
LE 049CD 03S316,LE 049CD 03S316,LE049CD03S316,Extension Spring,11,Stock,,Yes,Yes,Yes,Yes,Yes,Yes,Yes,Yes,Yes,Standard Extension Series (inch),NR,Stainless Steel Type 316,SS 316,ASTM A313,0.313,0.313,7.95,0.795,0.01,0.01,0.25,0.025,1.25,1.25,31.75,3.175,0.035,0.035,0.89,0.089,21.66,21.66,3.793,37.93,0.3868,3.868,386.8,3868,2.166,2.166,0.3793,3.793,0.03868,0.3868,38.68,386.8,0.215,0.215,5.46,0.546,REF,Reference,Reference,Reference,18.081,18.1,0.049,0.049,1.24,0.124,Standard Loops,1.4994,1.4994,6.67,0.6801,680.1,0.29988,0.29988,1.3339,0.13603,136.03,9.371,9.371,41.684,4.2507,4250.7,1.613,1.613,40.97,4.097,0.82,0.82,20.83,2.083,Factory Option,Ultrasonically Passivate with Citric Acid for 10 mins At 131 Deg F,0.00956,0.215,0.215,5.46,0.546,Random,0.049,0.049,1.24,0.124
LE 049CD 04M,LE 049CD 04M,LE049CD04M,Extension Spring,11,Stock,,Yes,Yes,Yes,Yes,Yes,Yes,Yes,Yes,Yes,Standard Extension Series (inch),NR,Music Wire,MW,ASTM A228,0.313,0.313,7.95,0.795,0.01,0.01,0.25,0.025,1.375,1.375,34.93,3.493,0.035,0.035,0.89,0.089,23,23,4.028,40.28,0.4107,4.107,410.7,4107,2.3,2.3,0.4028,4.028,0.04107,0.4107,41.07,410.7,0.215,0.215,5.46,0.546,REF,Reference,Reference,Reference,20.4331,20.4,0.049,0.049,1.24,0.124,Standard Loops,1.8,1.8,8.007,0.8165,816.5,0.36,0.36,1.6014,0.1633,163.3,15,15,66.723,6.804,6804,1.945,1.945,49.4,4.94,0.945,0.945,24,2.4,Factory Option,Zinc Plate and Bake per ASTM B633,0.01048,0.215,0.215,5.46,0.546,Random,0.049,0.049,1.24,0.124
LE 049CD 04S,LE 049CD 04S,LE049CD04S,Extension Spring,11,Stock,,Yes,Yes,Yes,Yes,Yes,Yes,Yes,Yes,Yes,Standard Extension Series (inch),NR,Stainless Steel,SS,ASTM A313,0.313,0.313,7.95,0.795,0.01,0.01,0.25,0.025,1.375,1.375,34.93,3.493,0.035,0.035,0.89,0.089,19.16,19.16,3.356,33.56,0.3422,3.422,342.2,3422,1.916,1.916,0.3356,3.356,0.03422,0.3422,34.22,342.2,0.215,0.215,5.46,0.546,REF,Reference,Reference,Reference,20.4402,20.4,0.049,0.049,1.24,0.124,Standard Loops,1.4994,1.4994,6.67,0.6801,680.1,0.29988,0.29988,1.3339,0.13603,136.03,12.495,12.495,55.581,5.6677,5667.7,1.945,1.945,49.4,4.94,0.945,0.945,24,2.4,Factory Option,Passivate per ASTM A967,0.01068,0.215,0.215,5.46,0.546,Random,0.049,0.049,1.24,0.124
LE 049CD 04S316,LE 049CD 04S316,LE049CD04S316,Extension Spring,11,Stock,,Yes,Yes,Yes,Yes,Yes,Yes,Yes,Yes,Yes,Standard Extension Series (inch),NR,Stainless Steel Type 316,SS 316,ASTM A313,0.313,0.313,7.95,0.795,0.01,0.01,0.25,0.025,1.375,1.375,34.93,3.493,0.035,0.035,0.89,0.089,19.16,19.16,3.356,33.56,0.3422,3.422,342.2,3422,1.916,1.916,0.3356,3.356,0.03422,0.3422,34.22,342.2,0.215,0.215,5.46,0.546,REF,Reference,Reference,Reference,20.4402,20.4,0.049,0.049,1.24,0.124,Standard Loops,1.4994,1.4994,6.67,0.6801,680.1,0.29988,0.29988,1.3339,0.13603,136.03,9.371,9.371,41.684,4.2507,4250.7,1.785,1.785,45.34,4.534,0.945,0.945,24,2.4,Factory Option,Ultrasonically Passivate with Citric Acid for 10 mins At 131 Deg F,0.01068,0.215,0.215,5.46,0.546,Random,0.049,0.049,1.24,0.124
LE 049CD 05M,LE 049CD 05M,LE049CD05M,Extension Spring,11,Stock,,Yes,Yes,Yes,Yes,Yes,Yes,Yes,Yes,Yes,Standard Extension Series (inch),NR,Music Wire,MW,ASTM A228,0.313,0.313,7.95,0.795,0.01,0.01,0.25,0.025,1.5,1.5,38.1,3.81,0.035,0.035,0.89,0.089,21,21,3.678,36.78,0.375,3.75,375,3750,2.1,2.1,0.3678,3.678,0.0375,0.375,37.5,375,0.215,0.215,5.46,0.546,REF,Reference,Reference,Reference,22.3791,22.4,0.049,0.049,1.24,0.124,Standard Loops,1.8,1.8,8.007,0.8165,816.5,0.36,0.36,1.6014,0.1633,163.3,15,15,66.723,6.804,6804,2.13,2.13,54.1,5.41,1.07,1.07,27.18,2.718,Factory Option,Zinc Plate and Bake per ASTM B633,0.01139,0.215,0.215,5.46,0.546,Random,0.049,0.049,1.24,0.124
LE 049CD 05S,LE 049CD 05S,LE049CD05S,Extension Spring,11,Stock,,Yes,Yes,Yes,Yes,Yes,Yes,Yes,Yes,Yes,Standard Extension Series (inch),NR,Stainless Steel,SS,ASTM A313,0.313,0.313,7.95,0.795,0.01,0.01,0.25,0.025,1.5,1.5,38.1,3.81,0.035,0.035,0.89,0.089,17.49,17.49,3.063,30.63,0.3123,3.123,312.3,3123,1.749,1.749,0.3063,3.063,0.03123,0.3123,31.23,312.3,0.217,0.217,5.51,0.551,REF,Reference,Reference,Reference,19.315,19.3,0.048,0.048,1.22,0.124,Standard Loops,1.4994,1.4994,6.67,0.6801,680.1,0.29988,0.29988,1.3339,0.13603,136.03,12.495,12.495,55.581,5.6677,5667.7,2.13,2.13,54.1,5.41,1.066,1.066,27.08,2.708,Factory Option,Passivate per ASTM A967,0.0105,0.217,0.217,5.51,0.551,Random,0.048,0.048,1.22,0.122
LE 049CD 05S316,LE 049CD 05S316,LE049CD05S316,Extension Spring,11,Stock,,Yes,Yes,Yes,Yes,Yes,Yes,Yes,Yes,Yes,Standard Extension Series (inch),NR,Stainless Steel Type 316,SS 316,ASTM A313,0.313,0.313,7.95,0.795,0.01,0.01,0.25,0.025,1.5,1.5,38.1,3.81,0.035,0.035,0.89,0.089,17.49,17.49,3.063,30.63,0.3123,3.123,312.3,3123,1.749,1.749,0.3063,3.063,0.03123,0.3123,31.23,312.3,0.217,0.217,5.51,0.551,REF,Reference,Reference,Reference,19.315,19.3,0.048,0.048,1.22,0.124,Standard Loops,1.4994,1.4994,6.67,0.6801,680.1,0.29988,0.29988,1.3339,0.13603,136.03,9.371,9.371,41.684,4.2507,4250.7,1.95,1.95,49.53,4.953,1.066,1.066,27.08,2.708,Factory Option,Ultrasonically Passivate with Citric Acid for 10 mins At 131 Deg F,0.0105,0.217,0.217,5.51,0.551,Random,0.048,0.048,1.22,0.122
LE 049CD 06M,LE 049CD 06M,LE049CD06M,Extension Spring,11,Stock,,Yes,Yes,Yes,Yes,Yes,Yes,Yes,Yes,Yes,Standard Extension Series (inch),NR,Music Wire,MW,ASTM A228,0.313,0.313,7.95,0.795,0.01,0.01,0.25,0.025,1.75,1.75,44.45,4.445,0.04,0.04,1.02,0.102,16.5,16.5,2.89,28.9,0.2947,2.947,294.7,2947,1.65,1.65,0.289,2.89,0.02947,0.2947,29.47,294.7,0.215,0.215,5.46,0.546,REF,Reference,Reference,Reference,28.4826,28.5,0.049,0.049,1.24,0.124,Standard Loops,1.8,1.8,8.007,0.8165,816.5,0.36,0.36,1.6014,0.1633,163.3,15,15,66.723,6.804,6804,2.55,2.55,64.77,6.477,1.32,1.32,33.53,3.353,Factory Option,Zinc Plate and Bake per ASTM B633,0.01424,0.215,0.215,5.46,0.546,Random,0.049,0.049,1.24,0.124
LE 049CD 06S,LE 049CD 06S,LE049CD06S,Extension Spring,11,Stock,,Yes,Yes,Yes,Yes,Yes,Yes,Yes,Yes,Yes,Standard Extension Series (inch),NR,Stainless Steel,SS,ASTM A313,0.313,0.313,7.95,0.795,0.01,0.01,0.25,0.025,1.75,1.75,44.45,4.445,0.04,0.04,1.02,0.102,13.74,13.74,2.406,24.06,0.2454,2.454,245.4,2454,1.374,1.374,0.2406,2.406,0.02454,0.2454,24.54,245.4,0.215,0.215,5.46,0.546,REF,Reference,Reference,Reference,28.5033,28.5,0.049,0.049,1.24,0.124,Standard Loops,1.4994,1.4994,6.67,0.6801,680.1,0.29988,0.29988,1.3339,0.13603,136.03,12.495,12.495,55.581,5.6677,5667.7,2.55,2.55,64.77,6.477,1.32,1.32,33.53,3.353,Factory Option,Passivate per ASTM A967,0.01452,0.215,0.215,5.46,0.546,Random,0.049,0.049,1.24,0.124
LE 049CD 06S316,LE 049CD 06S316,LE049CD06S316,Extension Spring,11,Stock,,Yes,Yes,Yes,Yes,Yes,Yes,Yes,Yes,Yes,Standard Extension Series (inch),NR,Stainless Steel Type 316,SS 316,ASTM A313,0.313,0.313,7.95,0.795,0.01,0.01,0.25,0.025,1.75,1.75,44.45,4.445,0.04,0.04,1.02,0.102,13.74,13.74,2.406,24.06,0.2454,2.454,245.4,2454,1.374,1.374,0.2406,2.406,0.02454,0.2454,24.54,245.4,0.215,0.215,5.46,0.546,REF,Reference,Reference,Reference,28.5033,28.5,0.049,0.049,1.24,0.124,Standard Loops,1.4994,1.4994,6.67,0.6801,680.1,0.29988,0.29988,1.3339,0.13603,136.03,9.371,9.371,41.684,4.2507,4250.7,2.322,2.322,58.98,5.898,1.32,1.32,33.53,3.353,Factory Option,Ultrasonically Passivate with Citric Acid for 10 mins At 131 Deg F,0.01452,0.215,0.215,5.46,0.546,Random,0.049,0.049,1.24,0.124
LE 049CD 07M,LE 049CD 07M,LE049CD07M,Extension Spring,11,Stock,,Yes,Yes,Yes,Yes,Yes,Yes,Yes,Yes,Yes,Standard Extension Series (inch),NR,Music Wire,MW,ASTM A228,0.313,0.313,7.95,0.795,0.01,0.01,0.25,0.025,2,2,50.8,5.08,0.04,0.04,1.02,0.102,14,14,2.452,24.52,0.25,2.5,250,2500,1.4,1.4,0.2452,2.452,0.025,0.25,25,250,0.215,0.215,5.46,0.546,REF,Reference,Reference,Reference,33.5687,33.6,0.049,0.049,1.24,0.124,Standard Loops,1.8,1.8,8.007,0.8165,816.5,0.36,0.36,1.6014,0.1633,163.3,15,15,66.723,6.804,6804,2.94,2.94,74.68,7.468,1.57,1.57,39.88,3.988,Factory Option,Zinc Plate and Bake per ASTM B633,0.01662,0.215,0.215,5.46,0.546,Random,0.049,0.049,1.24,0.124
LE 049CD 07S,LE 049CD 07S,LE049CD07S,Extension Spring,11,Stock,,Yes,Yes,Yes,Yes,Yes,Yes,Yes,Yes,Yes,Standard Extension Series (inch),NR,Stainless Steel,SS,ASTM A313,0.313,0.313,7.95,0.795,0.01,0.01,0.25,0.025,2,2,50.8,5.08,0.04,0.04,1.02,0.102,11.66,11.66,2.042,20.42,0.2082,2.082,208.2,2082,1.166,1.166,0.2042,2.042,0.02082,0.2082,20.82,208.2,0.215,0.215,5.46,0.546,REF,Reference,Reference,Reference,33.5879,33.6,0.049,0.049,1.24,0.124,Standard Loops,1.4994,1.4994,6.67,0.6801,680.1,0.29988,0.29988,1.3339,0.13603,136.03,12.495,12.495,55.581,5.6677,5667.7,2.94,2.94,74.68,7.468,1.57,1.57,39.88,3.988,Factory Option,Passivate per ASTM A967,0.01694,0.215,0.215,5.46,0.546,Random,0.049,0.049,1.24,0.124
LE 049CD 07S316,LE 049CD 07S316,LE049CD07S316,Extension Spring,11,Stock,,Yes,Yes,Yes,Yes,Yes,Yes,Yes,Yes,Yes,Standard Extension Series (inch),NR,Stainless Steel Type 316,SS 316,ASTM A313,0.313,0.313,7.95,0.795,0.01,0.01,0.25,0.025,2,2,50.8,5.08,0.04,0.04,1.02,0.102,11.66,11.66,2.042,20.42,0.2082,2.082,208.2,2082,1.166,1.166,0.2042,2.042,0.02082,0.2082,20.82,208.2,0.215,0.215,5.46,0.546,REF,Reference,Reference,Reference,33.5879,33.6,0.049,0.049,1.24,0.124,Standard Loops,1.4994,1.4994,6.67,0.6801,680.1,0.29988,0.29988,1.3339,0.13603,136.03,9.371,9.371,41.684,4.2507,4250.7,2.675,2.675,67.95,6.795,1.57,1.57,39.88,3.988,Factory Option,Ultrasonically Passivate with Citric Acid for 10 mins At 131 Deg F,0.01694,0.215,0.215,5.46,0.546,Random,0.049,0.049,1.24,0.124
LE 049CD 08M,LE 049CD 08M,LE049CD08M,Extension Spring,11,Stock,,Yes,Yes,Yes,Yes,Yes,Yes,Yes,Yes,Yes,Standard Extension Series (inch),NR,Music Wire,MW,ASTM A228,0.313,0.313,7.95,0.795,0.01,0.01,0.25,0.025,2.25,2.25,57.15,5.715,0.05,0.05,1.27,0.127,12,12,2.102,21.02,0.2143,2.143,214.3,2143,1.2,1.2,0.2102,2.102,0.02143,0.2143,21.43,214.3,0.215,0.215,5.46,0.546,REF,Reference,Reference,Reference,39.1635,39.2,0.049,0.049,1.24,0.124,Standard Loops,1.8,1.8,8.007,0.8165,816.5,0.36,0.36,1.6014,0.1633,163.3,15,15,66.723,6.804,6804,3.35,3.35,85.09,8.509,1.82,1.82,46.23,4.623,Factory Option,Zinc Plate and Bake per ASTM B633,0.01923,0.215,0.215,5.46,0.546,Random,0.049,0.049,1.24,0.124
LE 049CD 08S,LE 049CD 08S,LE049CD08S,Extension Spring,11,Stock,,Yes,Yes,Yes,Yes,Yes,Yes,Yes,Yes,Yes,Standard Extension Series (inch),NR,Stainless Steel,SS,ASTM A313,0.313,0.313,7.95,0.795,0.01,0.01,0.25,0.025,2.25,2.25,57.15,5.715,0.05,0.05,1.27,0.127,10,10,1.751,17.51,0.1786,1.786,178.6,1786,1,1,0.1751,1.751,0.01786,0.1786,17.86,178.6,0.215,0.215,5.46,0.546,REF,Reference,Reference,Reference,39.1635,39.2,0.049,0.049,1.24,0.124,Standard Loops,1.4994,1.4994,6.67,0.6801,680.1,0.29988,0.29988,1.3339,0.13603,136.03,12.495,12.495,55.581,5.6677,5667.7,3.35,3.35,85.09,8.509,1.82,1.82,46.23,4.623,Factory Option,Passivate per ASTM A967,0.0196,0.215,0.215,5.46,0.546,Random,0.049,0.049,1.24,0.124
LE 049CD 08S316,LE 049CD 08S316,LE049CD08S316,Extension Spring,11,Stock,,Yes,Yes,Yes,Yes,Yes,Yes,Yes,Yes,Yes,Standard Extension Series (inch),NR,Stainless Steel Type 316,SS 316,ASTM A313,0.313,0.313,7.95,0.795,0.01,0.01,0.25,0.025,2.25,2.25,57.15,5.715,0.05,0.05,1.27,0.127,10,10,1.751,17.51,0.1786,1.786,178.6,1786,1,1,0.1751,1.751,0.01786,0.1786,17.86,178.6,0.215,0.215,5.46,0.546,REF,Reference,Reference,Reference,39.1635,39.2,0.049,0.049,1.24,0.124,Standard Loops,1.4994,1.4994,6.67,0.6801,680.1,0.29988,0.29988,1.3339,0.13603,136.03,9.371,9.371,41.684,4.2507,4250.7,3.037,3.037,77.14,7.714,1.82,1.82,46.23,4.623,Factory Option,Ultrasonically Passivate with Citric Acid for 10 mins At 131 Deg F,0.0196,0.215,0.215,5.46,0.546,Random,0.049,0.049,1.24,0.124
LE 049CD 09M,LE 049CD 09M,LE049CD09M,Extension Spring,11,Stock,,Yes,Yes,Yes,Yes,Yes,Yes,Yes,Yes,Yes,Standard Extension Series (inch),NR,Music Wire,MW,ASTM A228,0.313,0.313,7.95,0.795,0.01,0.01,0.25,0.025,2.5,2.5,63.5,6.35,0.05,0.05,1.27,0.127,11,11,1.926,19.26,0.1964,1.964,196.4,1964,1.1,1.1,0.1926,1.926,0.01964,0.1964,19.64,196.4,0.215,0.215,5.46,0.546,REF,Reference,Reference,Reference,42.7239,42.7,0.049,0.049,1.24,0.124,Standard Loops,1.8,1.8,8.007,0.8165,816.5,0.36,0.36,1.6014,0.1633,163.3,15,15,66.723,6.804,6804,3.7,3.7,93.98,9.398,2.07,2.07,52.58,5.258,Factory Option,Zinc Plate and Bake per ASTM B633,0.0209,0.215,0.215,5.46,0.546,Random,0.049,0.049,1.24,0.124
LE 049CD 09S,LE 049CD 09S,LE049CD09S,Extension Spring,11,Stock,,Yes,Yes,Yes,Yes,Yes,Yes,Yes,Yes,Yes,Standard Extension Series (inch),NR,Stainless Steel,SS,ASTM A313,0.313,0.313,7.95,0.795,0.01,0.01,0.25,0.025,2.5,2.5,63.5,6.35,0.05,0.05,1.27,0.127,9.16,9.16,1.604,16.04,0.1636,1.636,163.6,1636,0.916,0.916,0.1604,1.604,0.01636,0.1636,16.36,163.6,0.215,0.215,5.46,0.546,REF,Reference,Reference,Reference,42.755,42.8,0.049,0.049,1.24,0.124,Standard Loops,1.4994,1.4994,6.67,0.6801,680.1,0.29988,0.29988,1.3339,0.13603,136.03,12.495,12.495,55.581,5.6677,5667.7,3.7,3.7,93.98,9.398,2.07,2.07,52.58,5.258,Factory Option,Passivate per ASTM A967,0.02131,0.215,0.215,5.46,0.546,Random,0.049,0.049,1.24,0.124
LE 049CD 09S316,LE 049CD 09S316,LE049CD09S316,Extension Spring,11,Stock,,Yes,Yes,Yes,Yes,Yes,Yes,Yes,Yes,Yes,Standard Extension Series (inch),NR,Stainless Steel Type 316,SS 316,ASTM A313,0.313,0.313,7.95,0.795,0.01,0.01,0.25,0.025,2.5,2.5,63.5,6.35,0.05,0.05,1.27,0.127,9.16,9.16,1.604,16.04,0.1636,1.636,163.6,1636,0.916,0.916,0.1604,1.604,0.01636,0.1636,16.36,163.6,0.215,0.215,5.46,0.546,REF,Reference,Reference,Reference,42.755,42.8,0.049,0.049,1.24,0.124,Standard Loops,1.4994,1.4994,6.67,0.6801,680.1,0.29988,0.29988,1.3339,0.13603,136.03,9.371,9.371,41.684,4.2507,4250.7,3.359,3.359,85.32,8.532,2.07,2.07,52.58,5.258,Factory Option,Ultrasonically Passivate with Citric Acid for 10 mins At 131 Deg F,0.02131,0.215,0.215,5.46,0.546,Random,0.049,0.049,1.24,0.124
LE 049CD 10M,LE 049CD 10M,LE049CD10M,Extension Spring,11,Stock,,Yes,Yes,Yes,Yes,Yes,Yes,Yes,Yes,Yes,Standard Extension Series (inch),NR,Music Wire,MW,ASTM A228,0.313,0.313,7.95,0.795,0.01,0.01,0.25,0.025,2.75,2.75,69.85,6.985,0.05,0.05,1.27,0.127,10,10,1.751,17.51,0.1786,1.786,178.6,1786,1,1,0.1751,1.751,0.01786,0.1786,17.86,178.6,0.215,0.215,5.46,0.546,REF,Reference,Reference,Reference,46.9963,47,0.049,0.049,1.24,0.124,Standard Loops,1.8,1.8,8.007,0.8165,816.5,0.36,0.36,1.6014,0.1633,163.3,15,15,66.723,6.804,6804,4.07,4.07,103.38,10.338,2.32,2.32,58.93,5.893,Factory Option,Zinc Plate and Bake per ASTM B633,0.02289,0.215,0.215,5.46,0.546,Random,0.049,0.049,1.24,0.124
LE 049CD 10S,LE 049CD 10S,LE049CD10S,Extension Spring,11,Stock,,Yes,Yes,Yes,Yes,Yes,Yes,Yes,Yes,Yes,Standard Extension Series (inch),NR,Stainless Steel,SS,ASTM A313,0.313,0.313,7.95,0.795,0.01,0.01,0.25,0.025,2.75,2.75,69.85,6.985,0.05,0.05,1.27,0.127,8.33,8.33,1.459,14.59,0.1488,1.488,148.8,1488,0.833,0.833,0.1459,1.459,0.01488,0.1488,14.88,148.8,0.215,0.215,5.46,0.546,REF,Reference,Reference,Reference,47.0151,47,0.049,0.049,1.24,0.124,Standard Loops,1.4994,1.4994,6.67,0.6801,680.1,0.29988,0.29988,1.3339,0.13603,136.03,12.495,12.495,55.581,5.6677,5667.7,4.07,4.07,103.38,10.338,2.32,2.32,58.93,5.893,Factory Option,Passivate per ASTM A967,0.02334,0.215,0.215,5.46,0.546,Random,0.049,0.049,1.24,0.124
LE 049CD 10S316,LE 049CD 10S316,LE049CD10S316,Extension Spring,11,Stock,,Yes,Yes,Yes,Yes,Yes,Yes,Yes,Yes,Yes,Standard Extension Series (inch),NR,Stainless Steel Type 316,SS 316,ASTM A313,0.313,0.313,7.95,0.795,0.01,0.01,0.25,0.025,2.75,2.75,69.85,6.985,0.05,0.05,1.27,0.127,8.33,8.33,1.459,14.59,0.1488,1.488,148.8,1488,0.833,0.833,0.1459,1.459,0.01488,0.1488,14.88,148.8,0.215,0.215,5.46,0.546,REF,Reference,Reference,Reference,47.0151,47,0.049,0.049,1.24,0.124,Standard Loops,1.4994,1.4994,6.67,0.6801,680.1,0.29988,0.29988,1.3339,0.13603,136.03,9.371,9.371,41.684,4.2507,4250.7,3.694,3.694,93.83,9.383,2.32,2.32,58.93,5.893,Factory Option,Ultrasonically Passivate with Citric Acid for 10 mins At 131 Deg F,0.02334,0.215,0.215,5.46,0.546,Random,0.049,0.049,1.24,0.124
LE 049CD 11M,LE 049CD 11M,LE049CD11M,Extension Spring,11,Stock,,Yes,Yes,Yes,Yes,Yes,Yes,Yes,Yes,Yes,Standard Extension Series (inch),NR,Music Wire,MW,ASTM A228,0.313,0.313,7.95,0.795,0.01,0.01,0.25,0.025,3,3,76.2,7.62,0.05,0.05,1.27,0.127,9,9,1.576,15.76,0.1607,1.607,160.7,1607,0.9,0.9,0.1576,1.576,0.01607,0.1607,16.07,160.7,0.215,0.215,5.46,0.546,REF,Reference,Reference,Reference,52.2181,52.2,0.049,0.049,1.24,0.124,Standard Loops,1.8,1.8,8.007,0.8165,816.5,0.36,0.36,1.6014,0.1633,163.3,15,15,66.723,6.804,6804,4.47,4.47,113.54,11.354,2.57,2.57,65.28,6.528,Factory Option,Zinc Plate and Bake per ASTM B633,0.02533,0.215,0.215,5.46,0.546,Random,0.049,0.049,1.24,0.124
LE 049CD 11S,LE 049CD 11S,LE049CD11S,Extension Spring,11,Stock,,Yes,Yes,Yes,Yes,Yes,Yes,Yes,Yes,Yes,Standard Extension Series (inch),NR,Stainless Steel,SS,ASTM A313,0.313,0.313,7.95,0.795,0.01,0.01,0.25,0.025,3,3,76.2,7.62,0.05,0.05,1.27,0.127,7.5,7.5,1.313,13.13,0.1339,1.339,133.9,1339,0.75,0.75,0.1313,1.313,0.01339,0.1339,13.39,133.9,0.215,0.215,5.46,0.546,REF,Reference,Reference,Reference,52.2181,52.2,0.049,0.049,1.24,0.124,Standard Loops,1.4994,1.4994,6.67,0.6801,680.1,0.29988,0.29988,1.3339,0.13603,136.03,12.495,12.495,55.581,5.6677,5667.7,4.47,4.47,113.54,11.354,2.57,2.57,65.28,6.528,Factory Option,Passivate per ASTM A967,0.02581,0.215,0.215,5.46,0.546,Random,0.049,0.049,1.24,0.124
LE 049CD 11S316,LE 049CD 11S316,LE049CD11S316,Extension Spring,11,Stock,,Yes,Yes,Yes,Yes,Yes,Yes,Yes,Yes,Yes,Standard Extension Series (inch),NR,Stainless Steel Type 316,SS 316,ASTM A313,0.313,0.313,7.95,0.795,0.01,0.01,0.25,0.025,3,3,76.2,7.62,0.05,0.05,1.27,0.127,7.5,7.5,1.313,13.13,0.1339,1.339,133.9,1339,0.75,0.75,0.1313,1.313,0.01339,0.1339,13.39,133.9,0.215,0.215,5.46,0.546,REF,Reference,Reference,Reference,52.2181,52.2,0.049,0.049,1.24,0.124,Standard Loops,1.4994,1.4994,6.67,0.6801,680.1,0.29988,0.29988,1.3339,0.13603,136.03,9.371,9.371,41.684,4.2507,4250.7,4.049,4.049,102.84,10.284,2.57,2.57,65.28,6.528,Factory Option,Ultrasonically Passivate with Citric Acid for 10 mins At 131 Deg F,0.02581,0.215,0.215,5.46,0.546,Random,0.049,0.049,1.24,0.124
LE 049D 01 M,LE 049D 01 M,LE049D01M,Extension Spring,11,Stock,,Yes,Yes,Yes,Yes,Yes,Yes,Yes,Yes,Yes,Standard Extension Series (inch),NR,Music Wire,MW,ASTM A228,0.375,0.375,9.53,0.953,0.01,0.01,0.25,0.025,1,1,25.4,2.54,0.03,0.03,0.76,0.076,30,30,5.254,52.54,0.5357,5.357,535.7,5357,3,3,0.5254,5.254,0.05357,0.5357,53.57,535.7,0.277,0.277,7.04,0.704,REF,Reference,Reference,Reference,8.3195,8.3,0.049,0.049,1.24,0.124,Standard Loops,1.5,1.5,6.672,0.6804,680.4,0.3,0.3,1.3345,0.13608,136.08,13,13,57.827,5.8968,5896.8,1.38,1.38,35.05,3.505,0.446,0.446,11.33,1.133,Factory Option,Zinc Plate and Bake per ASTM B633,0.00595,0.277,0.277,7.04,0.704,Random,0.049,0.049,1.24,0.124
LE 049D 01 S,LE 049D 01 S,LE049D01S,Extension Spring,11,Stock,,Yes,Yes,Yes,Yes,Yes,Yes,Yes,Yes,Yes,Standard Extension Series (inch),NR,Stainless Steel,SS,ASTM A313,0.375,0.375,9.53,0.953,0.01,0.01,0.25,0.025,1,1,25.4,2.54,0.03,0.03,0.76,0.076,24.99,24.99,4.377,43.77,0.4463,4.463,446.3,4463,2.499,2.499,0.4377,4.377,0.04463,0.4463,44.63,446.3,0.277,0.277,7.04,0.704,REF,Reference,Reference,Reference,8.3229,8.3,0.049,0.049,1.24,0.124,Standard Loops,1.2495,1.2495,5.558,0.5668,566.8,0.2499,0.2499,1.1116,0.11335,113.35,10.829,10.829,48.17,4.912,4912,1.38,1.38,35.05,3.505,0.446,0.446,11.33,1.133,Factory Option,Passivate per ASTM A967,0.00607,0.277,0.277,7.04,0.704,Random,0.049,0.049,1.24,0.124
LE 049D 01 S316,LE 049D 01 S316,LE049D01S316,Extension Spring,11,Stock,,Yes,Yes,Yes,Yes,Yes,Yes,Yes,Yes,Yes,Standard Extension Series (inch),NR,Stainless Steel Type 316,SS 316,ASTM A313,0.375,0.375,9.53,0.953,0.01,0.01,0.25,0.025,1,1,25.4,2.54,0.03,0.03,0.76,0.076,24.99,24.99,4.377,43.77,0.4463,4.463,446.3,4463,2.499,2.499,0.4377,4.377,0.04463,0.4463,44.63,446.3,0.277,0.277,7.04,0.704,REF,Reference,Reference,Reference,8.3229,8.3,0.049,0.049,1.24,0.124,Standard Loops,1.2495,1.2495,5.558,0.5668,566.8,0.2499,0.2499,1.1116,0.11335,113.35,8.121,8.121,36.124,3.6837,3683.7,1.274,1.274,32.36,3.236,0.446,0.446,11.33,1.133,Factory Option,Ultrasonically Passivate with Citric Acid for 10 mins At 131 Deg F,0.00607,0.277,0.277,7.04,0.704,Random,0.049,0.049,1.24,0.124
LE 049D 02 M,LE 049D 02 M,LE049D02M,Extension Spring,11,Stock,,Yes,Yes,Yes,Yes,Yes,Yes,Yes,Yes,Yes,Standard Extension Series (inch),NR,Music Wire,MW,ASTM A228,0.375,0.375,9.53,0.953,0.01,0.01,0.25,0.025,1.125,1.125,28.58,2.858,0.035,0.035,0.89,0.089,23.7,23.7,4.151,41.51,0.4232,4.232,423.2,4232,2.37,2.37,0.4151,4.151,0.04232,0.4232,42.32,423.2,0.277,0.277,7.04,0.704,REF,Reference,Reference,Reference,10.5311,10.5,0.049,0.049,1.24,0.124,Standard Loops,1.5,1.5,6.672,0.6804,680.4,0.3,0.3,1.3345,0.13608,136.08,13,13,57.827,5.8968,5896.8,1.615,1.615,41.02,4.102,0.571,0.571,14.5,1.45,Factory Option,Zinc Plate and Bake per ASTM B633,0.00723,0.277,0.277,7.04,0.704,Random,0.049,0.049,1.24,0.124
LE 049D 02 S,LE 049D 02 S,LE049D02S,Extension Spring,11,Stock,,Yes,Yes,Yes,Yes,Yes,Yes,Yes,Yes,Yes,Standard Extension Series (inch),NR,Stainless Steel,SS,ASTM A313,0.375,0.375,9.53,0.953,0.01,0.01,0.25,0.025,1.125,1.125,28.58,2.858,0.035,0.035,0.89,0.089,19.74,19.74,3.457,34.57,0.3525,3.525,352.5,3525,1.974,1.974,0.3457,3.457,0.03525,0.3525,35.25,352.5,0.277,0.277,7.04,0.704,REF,Reference,Reference,Reference,10.5364,10.5,0.049,0.049,1.24,0.124,Standard Loops,1.2495,1.2495,5.558,0.5668,566.8,0.2499,0.2499,1.1116,0.11335,113.35,10.829,10.829,48.17,4.912,4912,1.615,1.615,41.02,4.102,0.571,0.571,14.5,1.45,Factory Option,Passivate per ASTM A967,0.00737,0.277,0.277,7.04,0.704,Random,0.049,0.049,1.24,0.124
LE 049D 02 S316,LE 049D 02 S316,LE049D02S316,Extension Spring,11,Stock,,Yes,Yes,Yes,Yes,Yes,Yes,Yes,Yes,Yes,Standard Extension Series (inch),NR,Stainless Steel Type 316,SS 316,ASTM A313,0.375,0.375,9.53,0.953,0.01,0.01,0.25,0.025,1.125,1.125,28.58,2.858,0.035,0.035,0.89,0.089,19.74,19.74,3.457,34.57,0.3525,3.525,352.5,3525,1.974,1.974,0.3457,3.457,0.03525,0.3525,35.25,352.5,0.277,0.277,7.04,0.704,REF,Reference,Reference,Reference,10.5364,10.5,0.049,0.049,1.24,0.124,Standard Loops,1.2495,1.2495,5.558,0.5668,566.8,0.2499,0.2499,1.1116,0.11335,113.35,8.121,8.121,36.124,3.6837,3683.7,1.473,1.473,37.41,3.741,0.571,0.571,14.5,1.45,Factory Option,Ultrasonically Passivate with Citric Acid for 10 mins At 131 Deg F,0.00737,0.277,0.277,7.04,0.704,Random,0.049,0.049,1.24,0.124
LE 049D 03 M,LE 049D 03 M,LE049D03M,Extension Spring,11,Stock,,Yes,Yes,Yes,Yes,Yes,Yes,Yes,Yes,Yes,Standard Extension Series (inch),NR,Music Wire,MW,ASTM A228,0.375,0.375,9.53,0.953,0.01,0.01,0.25,0.025,1.25,1.25,31.75,3.175,0.035,0.035,0.89,0.089,19,19,3.328,33.28,0.3393,3.393,339.3,3393,1.9,1.9,0.3328,3.328,0.03393,0.3393,33.93,339.3,0.277,0.277,7.04,0.704,REF,Reference,Reference,Reference,13.1361,13.1,0.049,0.049,1.24,0.124,Standard Loops,1.5,1.5,6.672,0.6804,680.4,0.3,0.3,1.3345,0.13608,136.08,13,13,57.827,5.8968,5896.8,1.86,1.86,47.24,4.724,0.696,0.696,17.68,1.768,Factory Option,Zinc Plate and Bake per ASTM B633,0.00873,0.277,0.277,7.04,0.704,Random,0.049,0.049,1.24,0.124
LE 049D 03 S,LE 049D 03 S,LE049D03S,Extension Spring,11,Stock,,Yes,Yes,Yes,Yes,Yes,Yes,Yes,Yes,Yes,Standard Extension Series (inch),NR,Stainless Steel,SS,ASTM A313,0.375,0.375,9.53,0.953,0.01,0.01,0.25,0.025,1.25,1.25,31.75,3.175,0.035,0.035,0.89,0.089,15.83,15.83,2.772,27.72,0.2827,2.827,282.7,2827,1.583,1.583,0.2772,2.772,0.02827,0.2827,28.27,282.7,0.277,0.277,7.04,0.704,REF,Reference,Reference,Reference,13.1389,13.1,0.049,0.049,1.24,0.124,Standard Loops,1.2495,1.2495,5.558,0.5668,566.8,0.2499,0.2499,1.1116,0.11335,113.35,10.829,10.829,48.17,4.912,4912,1.86,1.86,47.24,4.724,0.696,0.696,17.68,1.768,Factory Option,Passivate per ASTM A967,0.0089,0.277,0.277,7.04,0.704,Random,0.049,0.049,1.24,0.124
LE 049D 03 S316,LE 049D 03 S316,LE049D03S316,Extension Spring,11,Stock,,Yes,Yes,Yes,Yes,Yes,Yes,Yes,Yes,Yes,Standard Extension Series (inch),NR,Stainless Steel Type 316,SS 316,ASTM A313,0.375,0.375,9.53,0.953,0.01,0.01,0.25,0.025,1.25,1.25,31.75,3.175,0.035,0.035,0.89,0.089,15.83,15.83,2.772,27.72,0.2827,2.827,282.7,2827,1.583,1.583,0.2772,2.772,0.02827,0.2827,28.27,282.7,0.277,0.277,7.04,0.704,REF,Reference,Reference,Reference,13.1389,13.1,0.049,0.049,1.24,0.124,Standard Loops,1.2495,1.2495,5.558,0.5668,566.8,0.2499,0.2499,1.1116,0.11335,113.35,8.121,8.121,36.124,3.6837,3683.7,1.684,1.684,42.77,4.277,0.696,0.696,17.68,1.768,Factory Option,Ultrasonically Passivate with Citric Acid for 10 mins At 131 Deg F,0.0089,0.277,0.277,7.04,0.704,Random,0.049,0.049,1.24,0.124
LE 049D 04 M,LE 049D 04 M,LE049D04M,Extension Spring,11,Stock,,Yes,Yes,Yes,Yes,Yes,Yes,Yes,Yes,Yes,Standard Extension Series (inch),NR,Music Wire,MW,ASTM A228,0.375,0.375,9.53,0.953,0.01,0.01,0.25,0.025,1.375,1.375,34.93,3.493,0.035,0.035,0.89,0.089,16,16,2.802,28.02,0.2857,2.857,285.7,2857,1.6,1.6,0.2802,2.802,0.02857,0.2857,28.57,285.7,0.277,0.277,7.04,0.704,REF,Reference,Reference,Reference,15.5992,15.6,0.049,0.049,1.24,0.124,Standard Loops,1.5,1.5,6.672,0.6804,680.4,0.3,0.3,1.3345,0.13608,136.08,13,13,57.827,5.8968,5896.8,2.095,2.095,53.21,5.321,0.821,0.821,20.85,2.085,Factory Option,Zinc Plate and Bake per ASTM B633,0.01015,0.277,0.277,7.04,0.704,Random,0.049,0.049,1.24,0.124
LE 049D 04 S,LE 049D 04 S,LE049D04S,Extension Spring,11,Stock,,Yes,Yes,Yes,Yes,Yes,Yes,Yes,Yes,Yes,Standard Extension Series (inch),NR,Stainless Steel,SS,ASTM A313,0.375,0.375,9.53,0.953,0.01,0.01,0.25,0.025,1.375,1.375,34.93,3.493,0.035,0.035,0.89,0.089,13.33,13.33,2.335,23.35,0.238,2.38,238,2380,1.333,1.333,0.2335,2.335,0.0238,0.238,23.8,238,0.277,0.277,7.04,0.704,REF,Reference,Reference,Reference,15.6031,15.6,0.049,0.049,1.24,0.124,Standard Loops,1.2495,1.2495,5.558,0.5668,566.8,0.2499,0.2499,1.1116,0.11335,113.35,10.829,10.829,48.17,4.912,4912,2.095,2.095,53.21,5.321,0.821,0.821,20.85,2.085,Factory Option,Passivate per ASTM A967,0.01035,0.277,0.277,7.04,0.704,Random,0.049,0.049,1.24,0.124
LE 049D 04 S316,LE 049D 04 S316,LE049D04S316,Extension Spring,11,Stock,,Yes,Yes,Yes,Yes,Yes,Yes,Yes,Yes,Yes,Standard Extension Series (inch),NR,Stainless Steel Type 316,SS 316,ASTM A313,0.375,0.375,9.53,0.953,0.01,0.01,0.25,0.025,1.375,1.375,34.93,3.493,0.035,0.035,0.89,0.089,13.33,13.33,2.335,23.35,0.238,2.38,238,2380,1.333,1.333,0.2335,2.335,0.0238,0.238,23.8,238,0.277,0.277,7.04,0.704,REF,Reference,Reference,Reference,15.6031,15.6,0.049,0.049,1.24,0.124,Standard Loops,1.2495,1.2495,5.558,0.5668,566.8,0.2499,0.2499,1.1116,0.11335,113.35,8.121,8.121,36.124,3.6837,3683.7,1.89,1.89,48.01,4.801,0.821,0.821,20.85,2.085,Factory Option,Ultrasonically Passivate with Citric Acid for 10 mins At 131 Deg F,0.01035,0.277,0.277,7.04,0.704,Random,0.049,0.049,1.24,0.124
LE 049D 05 M,LE 049D 05 M,LE049D05M,Extension Spring,11,Stock,,Yes,Yes,Yes,Yes,Yes,Yes,Yes,Yes,Yes,Standard Extension Series (inch),NR,Music Wire,MW,ASTM A228,0.375,0.375,9.53,0.953,0.01,0.01,0.25,0.025,1.5,1.5,38.1,3.81,0.035,0.035,0.89,0.089,13.9,13.9,2.434,24.34,0.2482,2.482,248.2,2482,1.39,1.39,0.2434,2.434,0.02482,0.2482,24.82,248.2,0.277,0.277,7.04,0.704,REF,Reference,Reference,Reference,17.9559,18,0.049,0.049,1.24,0.124,Standard Loops,1.5,1.5,6.672,0.6804,680.4,0.3,0.3,1.3345,0.13608,136.08,13,13,57.827,5.8968,5896.8,2.33,2.33,59.18,5.918,0.946,0.946,24.03,2.403,Factory Option,Zinc Plate and Bake per ASTM B633,0.01151,0.277,0.277,7.04,0.704,Random,0.049,0.049,1.24,0.124
LE 049D 05 S,LE 049D 05 S,LE049D05S,Extension Spring,11,Stock,,Yes,Yes,Yes,Yes,Yes,Yes,Yes,Yes,Yes,Standard Extension Series (inch),NR,Stainless Steel,SS,ASTM A313,0.375,0.375,9.53,0.953,0.01,0.01,0.25,0.025,1.5,1.5,38.1,3.81,0.035,0.035,0.89,0.089,11.58,11.58,2.028,20.28,0.2068,2.068,206.8,2068,1.158,1.158,0.2028,2.028,0.02068,0.2068,20.68,206.8,0.277,0.277,7.04,0.704,REF,Reference,Reference,Reference,17.9611,18,0.049,0.049,1.24,0.124,Standard Loops,1.2495,1.2495,5.558,0.5668,566.8,0.2499,0.2499,1.1116,0.11335,113.35,10.829,10.829,48.17,4.912,4912,2.33,2.33,59.18,5.918,0.946,0.946,24.03,2.403,Factory Option,Passivate per ASTM A967,0.01174,0.277,0.277,7.04,0.704,Random,0.049,0.049,1.24,0.124
LE 049D 05 S316,LE 049D 05 S316,LE049D05S316,Extension Spring,11,Stock,,Yes,Yes,Yes,Yes,Yes,Yes,Yes,Yes,Yes,Standard Extension Series (inch),NR,Stainless Steel Type 316,SS 316,ASTM A313,0.375,0.375,9.53,0.953,0.01,0.01,0.25,0.025,1.5,1.5,38.1,3.81,0.035,0.035,0.89,0.089,11.58,11.58,2.028,20.28,0.2068,2.068,206.8,2068,1.158,1.158,0.2028,2.028,0.02068,0.2068,20.68,206.8,0.277,0.277,7.04,0.704,REF,Reference,Reference,Reference,17.9611,18,0.049,0.049,1.24,0.124,Standard Loops,1.2495,1.2495,5.558,0.5668,566.8,0.2499,0.2499,1.1116,0.11335,113.35,8.121,8.121,36.124,3.6837,3683.7,2.093,2.093,53.16,5.316,0.946,0.946,24.03,2.403,Factory Option,Ultrasonically Passivate with Citric Acid for 10 mins At 131 Deg F,0.01174,0.277,0.277,7.04,0.704,Random,0.049,0.049,1.24,0.124
LE 049D 06 M,LE 049D 06 M,LE049D06M,Extension Spring,11,Stock,,Yes,Yes,Yes,Yes,Yes,Yes,Yes,Yes,Yes,Standard Extension Series (inch),NR,Music Wire,MW,ASTM A228,0.375,0.375,9.53,0.953,0.01,0.01,0.25,0.025,1.75,1.75,44.45,4.445,0.04,0.04,1.02,0.102,10.8,10.8,1.891,18.91,0.1929,1.929,192.9,1929,1.08,1.08,0.1891,1.891,0.01929,0.1929,19.29,192.9,0.277,0.277,7.04,0.704,REF,Reference,Reference,Reference,23.1099,23.1,0.049,0.049,1.24,0.124,Standard Loops,1.5,1.5,6.672,0.6804,680.4,0.3,0.3,1.3345,0.13608,136.08,13,13,57.827,5.8968,5896.8,2.81,2.81,71.37,7.137,1.196,1.196,30.38,3.038,Factory Option,Zinc Plate and Bake per ASTM B633,0.01449,0.277,0.277,7.04,0.704,Random,0.049,0.049,1.24,0.124
LE 049D 06 S,LE 049D 06 S,LE049D06S,Extension Spring,11,Stock,,Yes,Yes,Yes,Yes,Yes,Yes,Yes,Yes,Yes,Standard Extension Series (inch),NR,Stainless Steel,SS,ASTM A313,0.375,0.375,9.53,0.953,0.01,0.01,0.25,0.025,1.75,1.75,44.45,4.445,0.04,0.04,1.02,0.102,9,9,1.576,15.76,0.1607,1.607,160.7,1607,0.9,0.9,0.1576,1.576,0.01607,0.1607,16.07,160.7,0.277,0.277,7.04,0.704,REF,Reference,Reference,Reference,23.1099,23.1,0.049,0.049,1.24,0.124,Standard Loops,1.2495,1.2495,5.558,0.5668,566.8,0.2499,0.2499,1.1116,0.11335,113.35,10.829,10.829,48.17,4.912,4912,2.81,2.81,71.37,7.137,1.196,1.196,30.38,3.038,Factory Option,Passivate per ASTM A967,0.01476,0.277,0.277,7.04,0.704,Random,0.049,0.049,1.24,0.124
LE 049D 06 S316,LE 049D 06 S316,LE049D06S316,Extension Spring,11,Stock,,Yes,Yes,Yes,Yes,Yes,Yes,Yes,Yes,Yes,Standard Extension Series (inch),NR,Stainless Steel Type 316,SS 316,ASTM A313,0.375,0.375,9.53,0.953,0.01,0.01,0.25,0.025,1.75,1.75,44.45,4.445,0.04,0.04,1.02,0.102,9,9,1.576,15.76,0.1607,1.607,160.7,1607,0.9,0.9,0.1576,1.576,0.01607,0.1607,16.07,160.7,0.277,0.277,7.04,0.704,REF,Reference,Reference,Reference,23.1099,23.1,0.049,0.049,1.24,0.124,Standard Loops,1.2495,1.2495,5.558,0.5668,566.8,0.2499,0.2499,1.1116,0.11335,113.35,8.121,8.121,36.124,3.6837,3683.7,2.513,2.513,63.83,6.383,1.196,1.196,30.38,3.038,Factory Option,Ultrasonically Passivate with Citric Acid for 10 mins At 131 Deg F,0.01476,0.277,0.277,7.04,0.704,Random,0.049,0.049,1.24,0.124
LE 049D 07 M,LE 049D 07 M,LE049D07M,Extension Spring,11,Stock,,Yes,Yes,Yes,Yes,Yes,Yes,Yes,Yes,Yes,Standard Extension Series (inch),NR,Music Wire,MW,ASTM A228,0.375,0.375,9.53,0.953,0.01,0.01,0.25,0.025,2,2,50.8,5.08,0.04,0.04,1.02,0.102,9,9,1.576,15.76,0.1607,1.607,160.7,1607,0.9,0.9,0.1576,1.576,0.01607,0.1607,16.07,160.7,0.277,0.277,7.04,0.704,REF,Reference,Reference,Reference,27.7319,27.7,0.049,0.049,1.24,0.124,Standard Loops,1.5,1.5,6.672,0.6804,680.4,0.3,0.3,1.3345,0.13608,136.08,13,13,57.827,5.8968,5896.8,3.28,3.28,83.31,8.331,1.446,1.446,36.73,3.673,Factory Option,Zinc Plate and Bake per ASTM B633,0.01715,0.277,0.277,7.04,0.704,Random,0.049,0.049,1.24,0.124
LE 049D 07 S,LE 049D 07 S,LE049D07S,Extension Spring,11,Stock,,Yes,Yes,Yes,Yes,Yes,Yes,Yes,Yes,Yes,Standard Extension Series (inch),NR,Stainless Steel,SS,ASTM A313,0.375,0.375,9.53,0.953,0.01,0.01,0.25,0.025,2,2,50.8,5.08,0.04,0.04,1.02,0.102,7.5,7.5,1.313,13.13,0.1339,1.339,133.9,1339,0.75,0.75,0.1313,1.313,0.01339,0.1339,13.39,133.9,0.277,0.277,7.04,0.704,REF,Reference,Reference,Reference,27.7319,27.7,0.049,0.049,1.24,0.124,Standard Loops,1.2495,1.2495,5.558,0.5668,566.8,0.2499,0.2499,1.1116,0.11335,113.35,10.829,10.829,48.17,4.912,4912,3.28,3.28,83.31,8.331,1.446,1.446,36.73,3.673,Factory Option,Passivate per ASTM A967,0.01748,0.277,0.277,7.04,0.704,Random,0.049,0.049,1.24,0.124
LE 049D 07 S316,LE 049D 07 S316,LE049D07S316,Extension Spring,11,Stock,,Yes,Yes,Yes,Yes,Yes,Yes,Yes,Yes,Yes,Standard Extension Series (inch),NR,Stainless Steel Type 316,SS 316,ASTM A313,0.375,0.375,9.53,0.953,0.01,0.01,0.25,0.025,2,2,50.8,5.08,0.04,0.04,1.02,0.102,7.5,7.5,1.313,13.13,0.1339,1.339,133.9,1339,0.75,0.75,0.1313,1.313,0.01339,0.1339,13.39,133.9,0.277,0.277,7.04,0.704,REF,Reference,Reference,Reference,27.7319,27.7,0.049,0.049,1.24,0.124,Standard Loops,1.2495,1.2495,5.558,0.5668,566.8,0.2499,0.2499,1.1116,0.11335,113.35,8.121,8.121,36.124,3.6837,3683.7,2.916,2.916,74.07,7.407,1.446,1.446,36.73,3.673,Factory Option,Ultrasonically Passivate with Citric Acid for 10 mins At 131 Deg F,0.01748,0.277,0.277,7.04,0.704,Random,0.049,0.049,1.24,0.124
LE 049D 08 M,LE 049D 08 M,LE049D08M,Extension Spring,11,Stock,,Yes,Yes,Yes,Yes,Yes,Yes,Yes,Yes,Yes,Standard Extension Series (inch),NR,Music Wire,MW,ASTM A228,0.375,0.375,9.53,0.953,0.01,0.01,0.25,0.025,2.25,2.25,57.15,5.715,0.05,0.05,1.27,0.127,7.5,7.5,1.313,13.13,0.1339,1.339,133.9,1339,0.75,0.75,0.1313,1.313,0.01339,0.1339,13.39,133.9,0.277,0.277,7.04,0.704,REF,Reference,Reference,Reference,33.2783,33.3,0.049,0.049,1.24,0.124,Standard Loops,1.5,1.5,6.672,0.6804,680.4,0.3,0.3,1.3345,0.13608,136.08,13,13,57.827,5.8968,5896.8,3.78,3.78,96.01,9.601,1.696,1.696,43.08,4.308,Factory Option,Zinc Plate and Bake per ASTM B633,0.02035,0.277,0.277,7.04,0.704,Random,0.049,0.049,1.24,0.124
LE 049D 08 S,LE 049D 08 S,LE049D08S,Extension Spring,11,Stock,,Yes,Yes,Yes,Yes,Yes,Yes,Yes,Yes,Yes,Standard Extension Series (inch),NR,Stainless Steel,SS,ASTM A313,0.375,0.375,9.53,0.953,0.01,0.01,0.25,0.025,2.25,2.25,57.15,5.715,0.05,0.05,1.27,0.127,6.25,6.25,1.095,10.95,0.1116,1.116,111.6,1116,0.625,0.625,0.1095,1.095,0.01116,0.1116,11.16,111.6,0.277,0.277,7.04,0.704,REF,Reference,Reference,Reference,33.2783,33.3,0.049,0.049,1.24,0.124,Standard Loops,1.2495,1.2495,5.558,0.5668,566.8,0.2499,0.2499,1.1116,0.11335,113.35,10.829,10.829,48.17,4.912,4912,3.78,3.78,96.01,9.601,1.696,1.696,43.08,4.308,Factory Option,Passivate per ASTM A967,0.02074,0.277,0.277,7.04,0.704,Random,0.049,0.049,1.24,0.124
LE 049D 08 S316,LE 049D 08 S316,LE049D08S316,Extension Spring,11,Stock,,Yes,Yes,Yes,Yes,Yes,Yes,Yes,Yes,Yes,Standard Extension Series (inch),NR,Stainless Steel Type 316,SS 316,ASTM A313,0.375,0.375,9.53,0.953,0.01,0.01,0.25,0.025,2.25,2.25,57.15,5.715,0.05,0.05,1.27,0.127,6.25,6.25,1.095,10.95,0.1116,1.116,111.6,1116,0.625,0.625,0.1095,1.095,0.01116,0.1116,11.16,111.6,0.277,0.277,7.04,0.704,REF,Reference,Reference,Reference,33.2783,33.3,0.049,0.049,1.24,0.124,Standard Loops,1.2495,1.2495,5.558,0.5668,566.8,0.2499,0.2499,1.1116,0.11335,113.35,8.121,8.121,36.124,3.6837,3683.7,3.349,3.349,85.06,8.506,1.696,1.696,43.08,4.308,Factory Option,Ultrasonically Passivate with Citric Acid for 10 mins At 131 Deg F,0.02074,0.277,0.277,7.04,0.704,Random,0.049,0.049,1.24,0.124
LE 049D 09 M,LE 049D 09 M,LE049D09M,Extension Spring,11,Stock,,Yes,Yes,Yes,Yes,Yes,Yes,Yes,Yes,Yes,Standard Extension Series (inch),NR,Music Wire,MW,ASTM A228,0.375,0.375,9.53,0.953,0.01,0.01,0.25,0.025,2.5,2.5,63.5,6.35,0.05,0.05,1.27,0.127,6.4,6.4,1.121,11.21,0.1143,1.143,114.3,1143,0.64,0.64,0.1121,1.121,0.01143,0.1143,11.43,114.3,0.277,0.277,7.04,0.704,REF,Reference,Reference,Reference,38.998,39,0.049,0.049,1.24,0.124,Standard Loops,1.5,1.5,6.672,0.6804,680.4,0.3,0.3,1.3345,0.13608,136.08,13,13,57.827,5.8968,5896.8,4.3,4.3,109.22,10.922,1.946,1.946,49.43,4.943,Factory Option,Zinc Plate and Bake per ASTM B633,0.02365,0.277,0.277,7.04,0.704,Random,0.049,0.049,1.24,0.124
LE 049D 09 S,LE 049D 09 S,LE049D09S,Extension Spring,11,Stock,,Yes,Yes,Yes,Yes,Yes,Yes,Yes,Yes,Yes,Standard Extension Series (inch),NR,Stainless Steel,SS,ASTM A313,0.375,0.375,9.53,0.953,0.01,0.01,0.25,0.025,2.5,2.5,63.5,6.35,0.05,0.05,1.27,0.127,5.33,5.33,0.933,9.33,0.0952,0.952,95.2,952,0.533,0.533,0.0933,0.933,0.00952,0.0952,9.52,95.2,0.277,0.277,7.04,0.704,REF,Reference,Reference,Reference,39.0224,39,0.049,0.049,1.24,0.124,Standard Loops,1.2495,1.2495,5.558,0.5668,566.8,0.2499,0.2499,1.1116,0.11335,113.35,10.829,10.829,48.17,4.912,4912,4.3,4.3,109.22,10.922,1.946,1.946,49.43,4.943,Factory Option,Passivate per ASTM A967,0.02412,0.277,0.277,7.04,0.704,Random,0.049,0.049,1.24,0.124
LE 049D 09 S316,LE 049D 09 S316,LE049D09S316,Extension Spring,11,Stock,,Yes,Yes,Yes,Yes,Yes,Yes,Yes,Yes,Yes,Standard Extension Series (inch),NR,Stainless Steel Type 316,SS 316,ASTM A313,0.375,0.375,9.53,0.953,0.01,0.01,0.25,0.025,2.5,2.5,63.5,6.35,0.05,0.05,1.27,0.127,5.33,5.33,0.933,9.33,0.0952,0.952,95.2,952,0.533,0.533,0.0933,0.933,0.00952,0.0952,9.52,95.2,0.277,0.277,7.04,0.704,REF,Reference,Reference,Reference,39.0224,39,0.049,0.049,1.24,0.124,Standard Loops,1.2495,1.2495,5.558,0.5668,566.8,0.2499,0.2499,1.1116,0.11335,113.35,8.121,8.121,36.124,3.6837,3683.7,3.789,3.789,96.24,9.624,1.946,1.946,49.43,4.943,Factory Option,Ultrasonically Passivate with Citric Acid for 10 mins At 131 Deg F,0.02412,0.277,0.277,7.04,0.704,Random,0.049,0.049,1.24,0.124
LE 049D 10 M,LE 049D 10 M,LE049D10M,Extension Spring,11,Stock,,Yes,Yes,Yes,Yes,Yes,Yes,Yes,Yes,Yes,Standard Extension Series (inch),NR,Music Wire,MW,ASTM A228,0.375,0.375,9.53,0.953,0.01,0.01,0.25,0.025,2.75,2.75,69.85,6.985,0.05,0.05,1.27,0.127,5.8,5.8,1.016,10.16,0.1036,1.036,103.6,1036,0.58,0.58,0.1016,1.016,0.01036,0.1036,10.36,103.6,0.277,0.277,7.04,0.704,REF,Reference,Reference,Reference,43.0323,43,0.049,0.049,1.24,0.124,Standard Loops,1.5,1.5,6.672,0.6804,680.4,0.3,0.3,1.3345,0.13608,136.08,13,13,57.827,5.8968,5896.8,4.73,4.73,120.14,12.014,2.196,2.196,55.78,5.578,Factory Option,Zinc Plate and Bake per ASTM B633,0.02598,0.277,0.277,7.04,0.704,Random,0.049,0.049,1.24,0.124
LE 049D 10 S,LE 049D 10 S,LE049D10S,Extension Spring,11,Stock,,Yes,Yes,Yes,Yes,Yes,Yes,Yes,Yes,Yes,Standard Extension Series (inch),NR,Stainless Steel,SS,ASTM A313,0.375,0.375,9.53,0.953,0.01,0.01,0.25,0.025,2.75,2.75,69.85,6.985,0.05,0.05,1.27,0.127,4.83,4.83,0.846,8.46,0.0863,0.863,86.3,863,0.483,0.483,0.0846,0.846,0.00863,0.0863,8.63,86.3,0.277,0.277,7.04,0.704,REF,Reference,Reference,Reference,43.062,43.1,0.049,0.049,1.24,0.124,Standard Loops,1.2495,1.2495,5.558,0.5668,566.8,0.2499,0.2499,1.1116,0.11335,113.35,10.829,10.829,48.17,4.912,4912,4.73,4.73,120.14,12.014,2.196,2.196,55.78,5.578,Factory Option,Passivate per ASTM A967,0.02649,0.277,0.277,7.04,0.704,Random,0.049,0.049,1.24,0.124
LE 049D 10 S316,LE 049D 10 S316,LE049D10S316,Extension Spring,11,Stock,,Yes,Yes,Yes,Yes,Yes,Yes,Yes,Yes,Yes,Standard Extension Series (inch),NR,Stainless Steel Type 316,SS 316,ASTM A313,0.375,0.375,9.53,0.953,0.01,0.01,0.25,0.025,2.75,2.75,69.85,6.985,0.05,0.05,1.27,0.127,4.83,4.83,0.846,8.46,0.0863,0.863,86.3,863,0.483,0.483,0.0846,0.846,0.00863,0.0863,8.63,86.3,0.277,0.277,7.04,0.704,REF,Reference,Reference,Reference,43.062,43.1,0.049,0.049,1.24,0.124,Standard Loops,1.2495,1.2495,5.558,0.5668,566.8,0.2499,0.2499,1.1116,0.11335,113.35,8.121,8.121,36.124,3.6837,3683.7,4.172,4.172,105.97,10.597,2.196,2.196,55.78,5.578,Factory Option,Ultrasonically Passivate with Citric Acid for 10 mins At 131 Deg F,0.02649,0.277,0.277,7.04,0.704,Random,0.049,0.049,1.24,0.124
LE 049D 11 M,LE 049D 11 M,LE049D11M,Extension Spring,11,Stock,,Yes,Yes,Yes,Yes,Yes,Yes,Yes,Yes,Yes,Standard Extension Series (inch),NR,Music Wire,MW,ASTM A228,0.375,0.375,9.53,0.953,0.01,0.01,0.25,0.025,3,3,76.2,7.62,0.05,0.05,1.27,0.127,5.2,5.2,0.911,9.11,0.0929,0.929,92.9,929,0.52,0.52,0.0911,0.911,0.00929,0.0929,9.29,92.9,0.277,0.277,7.04,0.704,REF,Reference,Reference,Reference,47.9975,48,0.049,0.049,1.24,0.124,Standard Loops,1.5,1.5,6.672,0.6804,680.4,0.3,0.3,1.3345,0.13608,136.08,13,13,57.827,5.8968,5896.8,5.21,5.21,132.33,13.233,2.446,2.446,62.13,6.213,Factory Option,Zinc Plate and Bake per ASTM B633,0.02885,0.277,0.277,7.04,0.704,Random,0.049,0.049,1.24,0.124
LE 049D 11 S,LE 049D 11 S,LE049D11S,Extension Spring,11,Stock,,Yes,Yes,Yes,Yes,Yes,Yes,Yes,Yes,Yes,Standard Extension Series (inch),NR,Stainless Steel,SS,ASTM A313,0.375,0.375,9.53,0.953,0.01,0.01,0.25,0.025,3,3,76.2,7.62,0.05,0.05,1.27,0.127,4.33,4.33,0.758,7.58,0.0773,0.773,77.3,773,0.433,0.433,0.0758,0.758,0.00773,0.0773,7.73,77.3,0.277,0.277,7.04,0.704,REF,Reference,Reference,Reference,48.0345,48,0.049,0.049,1.24,0.124,Standard Loops,1.2495,1.2495,5.558,0.5668,566.8,0.2499,0.2499,1.1116,0.11335,113.35,10.829,10.829,48.17,4.912,4912,5.21,5.21,132.33,13.233,2.446,2.446,62.13,6.213,Factory Option,Passivate per ASTM A967,0.02942,0.277,0.277,7.04,0.704,Random,0.049,0.049,1.24,0.124
LE 049D 11 S316,LE 049D 11 S316,LE049D11S316,Extension Spring,11,Stock,,Yes,Yes,Yes,Yes,Yes,Yes,Yes,Yes,Yes,Standard Extension Series (inch),NR,Stainless Steel Type 316,SS 316,ASTM A313,0.375,0.375,9.53,0.953,0.01,0.01,0.25,0.025,3,3,76.2,7.62,0.05,0.05,1.27,0.127,4.33,4.33,0.758,7.58,0.0773,0.773,77.3,773,0.433,0.433,0.0758,0.758,0.00773,0.0773,7.73,77.3,0.277,0.277,7.04,0.704,REF,Reference,Reference,Reference,48.0345,48,0.049,0.049,1.24,0.124,Standard Loops,1.2495,1.2495,5.558,0.5668,566.8,0.2499,0.2499,1.1116,0.11335,113.35,8.121,8.121,36.124,3.6837,3683.7,4.586,4.586,116.48,11.648,2.446,2.446,62.13,6.213,Factory Option,Ultrasonically Passivate with Citric Acid for 10 mins At 131 Deg F,0.02942,0.277,0.277,7.04,0.704,Random,0.049,0.049,1.24,0.124
LE 049D 12 M,LE 049D 12 M,LE049D12M,Extension Spring,11,Stock,,Yes,Yes,Yes,Yes,Yes,Yes,Yes,Yes,Yes,Standard Extension Series (inch),NR,Music Wire,MW,ASTM A228,0.375,0.375,9.53,0.953,0.01,0.01,0.25,0.025,3.5,3.5,88.9,8.89,0.06,0.06,1.52,0.152,4.2,4.2,0.736,7.36,0.075,0.75,75,750,0.42,0.42,0.0736,0.736,0.0075,0.075,7.5,75,0.277,0.277,7.04,0.704,REF,Reference,Reference,Reference,59.4255,59.4,0.049,0.049,1.24,0.124,Standard Loops,1.5,1.5,6.672,0.6804,680.4,0.3,0.3,1.3345,0.13608,136.08,13,13,57.827,5.8968,5896.8,6.24,6.24,158.5,15.85,2.946,2.946,74.83,7.483,Factory Option,Zinc Plate and Bake per ASTM B633,0.03544,0.277,0.277,7.04,0.704,Random,0.049,0.049,1.24,0.124
LE 049D 12 S,LE 049D 12 S,LE049D12S,Extension Spring,11,Stock,,Yes,Yes,Yes,Yes,Yes,Yes,Yes,Yes,Yes,Standard Extension Series (inch),NR,Stainless Steel,SS,ASTM A313,0.375,0.375,9.53,0.953,0.01,0.01,0.25,0.025,3.5,3.5,88.9,8.89,0.06,0.06,1.52,0.152,3.5,3.5,0.613,6.13,0.0625,0.625,62.5,625,0.35,0.35,0.0613,0.613,0.00625,0.0625,6.25,62.5,0.277,0.277,7.04,0.704,REF,Reference,Reference,Reference,59.4255,59.4,0.049,0.049,1.24,0.124,Standard Loops,1.2495,1.2495,5.558,0.5668,566.8,0.2499,0.2499,1.1116,0.11335,113.35,10.829,10.829,48.17,4.912,4912,6.24,6.24,158.5,15.85,2.946,2.946,74.83,7.483,Factory Option,Passivate per ASTM A967,0.03611,0.277,0.277,7.04,0.704,Random,0.049,0.049,1.24,0.124
LE 049D 12 S316,LE 049D 12 S316,LE049D12S316,Extension Spring,11,Stock,,Yes,Yes,Yes,Yes,Yes,Yes,Yes,Yes,Yes,Standard Extension Series (inch),NR,Stainless Steel Type 316,SS 316,ASTM A313,0.375,0.375,9.53,0.953,0.01,0.01,0.25,0.025,3.5,3.5,88.9,8.89,0.06,0.06,1.52,0.152,3.5,3.5,0.613,6.13,0.0625,0.625,62.5,625,0.35,0.35,0.0613,0.613,0.00625,0.0625,6.25,62.5,0.277,0.277,7.04,0.704,REF,Reference,Reference,Reference,59.4255,59.4,0.049,0.049,1.24,0.124,Standard Loops,1.2495,1.2495,5.558,0.5668,566.8,0.2499,0.2499,1.1116,0.11335,113.35,8.121,8.121,36.124,3.6837,3683.7,5.463,5.463,138.76,13.876,2.946,2.946,74.83,7.483,Factory Option,Ultrasonically Passivate with Citric Acid for 10 mins At 131 Deg F,0.03611,0.277,0.277,7.04,0.704,Random,0.049,0.049,1.24,0.124
LE 049D 13 M,LE 049D 13 M,LE049D13M,Extension Spring,11,Stock,,Yes,Yes,Yes,Yes,Yes,Yes,Yes,Yes,Yes,Standard Extension Series (inch),NR,Music Wire,MW,ASTM A228,0.375,0.375,9.53,0.953,0.01,0.01,0.25,0.025,4,4,101.6,10.16,0.06,0.06,1.52,0.152,3.6,3.6,0.63,6.3,0.0643,0.643,64.3,643,0.36,0.36,0.063,0.63,0.00643,0.0643,6.43,64.3,0.277,0.277,7.04,0.704,REF,Reference,Reference,Reference,69.3298,69.3,0.049,0.049,1.24,0.124,Standard Loops,1.5,1.5,6.672,0.6804,680.4,0.3,0.3,1.3345,0.13608,136.08,13,13,57.827,5.8968,5896.8,7.19,7.19,182.63,18.263,3.446,3.446,87.53,8.753,Factory Option,Zinc Plate and Bake per ASTM B633,0.04115,0.277,0.277,7.04,0.704,Random,0.049,0.049,1.24,0.124
LE 049D 13 S,LE 049D 13 S,LE049D13S,Extension Spring,11,Stock,,Yes,Yes,Yes,Yes,Yes,Yes,Yes,Yes,Yes,Standard Extension Series (inch),NR,Stainless Steel,SS,ASTM A313,0.375,0.375,9.53,0.953,0.01,0.01,0.25,0.025,4,4,101.6,10.16,0.06,0.06,1.52,0.152,3,3,0.525,5.25,0.0536,0.536,53.6,536,0.3,0.3,0.0525,0.525,0.00536,0.0536,5.36,53.6,0.277,0.277,7.04,0.704,REF,Reference,Reference,Reference,69.3298,69.3,0.049,0.049,1.24,0.124,Standard Loops,1.2495,1.2495,5.558,0.5668,566.8,0.2499,0.2499,1.1116,0.11335,113.35,10.829,10.829,48.17,4.912,4912,7.19,7.19,182.63,18.263,3.446,3.446,87.53,8.753,Factory Option,Passivate per ASTM A967,0.04194,0.277,0.277,7.04,0.704,Random,0.049,0.049,1.24,0.124
LE 049D 13 S316,LE 049D 13 S316,LE049D13S316,Extension Spring,11,Stock,,Yes,Yes,Yes,Yes,Yes,Yes,Yes,Yes,Yes,Standard Extension Series (inch),NR,Stainless Steel Type 316,SS 316,ASTM A313,0.375,0.375,9.53,0.953,0.01,0.01,0.25,0.025,4,4,101.6,10.16,0.06,0.06,1.52,0.152,3,3,0.525,5.25,0.0536,0.536,53.6,536,0.3,0.3,0.0525,0.525,0.00536,0.0536,5.36,53.6,0.277,0.277,7.04,0.704,REF,Reference,Reference,Reference,69.3298,69.3,0.049,0.049,1.24,0.124,Standard Loops,1.2495,1.2495,5.558,0.5668,566.8,0.2499,0.2499,1.1116,0.11335,113.35,8.121,8.121,36.124,3.6837,3683.7,6.29,6.29,159.77,15.977,3.446,3.446,87.53,8.753,Factory Option,Ultrasonically Passivate with Citric Acid for 10 mins At 131 Deg F,0.04194,0.277,0.277,7.04,0.704,Random,0.049,0.049,1.24,0.124
LE 049D 14 M,LE 049D 14 M,LE049D14M,Extension Spring,11,Stock,,Yes,Yes,Yes,Yes,Yes,Yes,Yes,Yes,Yes,Standard Extension Series (inch),NR,Music Wire,MW,ASTM A228,0.375,0.375,9.53,0.953,0.01,0.01,0.25,0.025,4.5,4.5,114.3,11.43,0.075,0.075,1.91,0.191,3.2,3.2,0.56,5.6,0.0571,0.571,57.1,571,0.32,0.32,0.056,0.56,0.00571,0.0571,5.71,57.1,0.277,0.277,7.04,0.704,REF,Reference,Reference,Reference,77.996,78,0.049,0.049,1.24,0.124,Standard Loops,1.5,1.5,6.672,0.6804,680.4,0.3,0.3,1.3345,0.13608,136.08,13,13,57.827,5.8968,5896.8,8.09,8.09,205.49,20.549,3.946,3.946,100.23,10.023,Factory Option,Zinc Plate and Bake per ASTM B633,0.04615,0.277,0.277,7.04,0.704,Random,0.049,0.049,1.24,0.124
LE 049D 14 S,LE 049D 14 S,LE049D14S,Extension Spring,11,Stock,,Yes,Yes,Yes,Yes,Yes,Yes,Yes,Yes,Yes,Standard Extension Series (inch),NR,Stainless Steel,SS,ASTM A313,0.375,0.375,9.53,0.953,0.01,0.01,0.25,0.025,4.5,4.5,114.3,11.43,0.075,0.075,1.91,0.191,2.67,2.67,0.468,4.68,0.0477,0.477,47.7,477,0.267,0.267,0.0468,0.468,0.00477,0.0477,4.77,47.7,0.277,0.277,7.04,0.704,REF,Reference,Reference,Reference,77.8987,77.9,0.049,0.049,1.24,0.124,Standard Loops,1.2495,1.2495,5.558,0.5668,566.8,0.2499,0.2499,1.1116,0.11335,113.35,10.829,10.829,48.17,4.912,4912,8.09,8.09,205.49,20.549,3.946,3.946,100.23,10.023,Factory Option,Passivate per ASTM A967,0.04698,0.277,0.277,7.04,0.704,Random,0.049,0.049,1.24,0.124
LE 049D 14 S316,LE 049D 14 S316,LE049D14S316,Extension Spring,11,Stock,,Yes,Yes,Yes,Yes,Yes,Yes,Yes,Yes,Yes,Standard Extension Series (inch),NR,Stainless Steel Type 316,SS 316,ASTM A313,0.375,0.375,9.53,0.953,0.01,0.01,0.25,0.025,4.5,4.5,114.3,11.43,0.075,0.075,1.91,0.191,2.67,2.67,0.468,4.68,0.0477,0.477,47.7,477,0.267,0.267,0.0468,0.468,0.00477,0.0477,4.77,47.7,0.277,0.277,7.04,0.704,REF,Reference,Reference,Reference,77.8987,77.9,0.049,0.049,1.24,0.124,Standard Loops,1.2495,1.2495,5.558,0.5668,566.8,0.2499,0.2499,1.1116,0.11335,113.35,8.121,8.121,36.124,3.6837,3683.7,7.073,7.073,179.65,17.965,3.946,3.946,100.23,10.023,Factory Option,Ultrasonically Passivate with Citric Acid for 10 mins At 131 Deg F,0.04698,0.277,0.277,7.04,0.704,Random,0.049,0.049,1.24,0.124
LE 049D 15 M,LE 049D 15 M,LE049D15M,Extension Spring,11,Stock,,Yes,Yes,Yes,Yes,Yes,Yes,Yes,Yes,Yes,Standard Extension Series (inch),NR,Music Wire,MW,ASTM A228,0.375,0.375,9.53,0.953,0.01,0.01,0.25,0.025,5,5,127,12.7,0.075,0.075,1.91,0.191,2.77,2.77,0.485,4.85,0.0495,0.495,49.5,495,0.277,0.277,0.0485,0.485,0.00495,0.0495,4.95,49.5,0.277,0.277,7.04,0.704,REF,Reference,Reference,Reference,90.1037,90.1,0.049,0.049,1.24,0.124,Standard Loops,1.5,1.5,6.672,0.6804,680.4,0.3,0.3,1.3345,0.13608,136.08,13,13,57.827,5.8968,5896.8,9.15,9.15,232.41,23.241,4.446,4.446,112.93,11.293,Factory Option,Zinc Plate and Bake per ASTM B633,0.05314,0.277,0.277,7.04,0.704,Random,0.049,0.049,1.24,0.124
LE 049D 15 S,LE 049D 15 S,LE049D15S,Extension Spring,11,Stock,,Yes,Yes,Yes,Yes,Yes,Yes,Yes,Yes,Yes,Standard Extension Series (inch),NR,Stainless Steel,SS,ASTM A313,0.375,0.375,9.53,0.953,0.01,0.01,0.25,0.025,5,5,127,12.7,0.075,0.075,1.91,0.191,2.31,2.31,0.405,4.05,0.0413,0.413,41.3,413,0.231,0.231,0.0405,0.405,0.00413,0.0413,4.13,41.3,0.277,0.277,7.04,0.704,REF,Reference,Reference,Reference,90.0387,90,0.049,0.049,1.24,0.124,Standard Loops,1.2495,1.2495,5.558,0.5668,566.8,0.2499,0.2499,1.1116,0.11335,113.35,10.829,10.829,48.17,4.912,4912,9.15,9.15,232.41,23.241,4.446,4.446,112.93,11.293,Factory Option,Passivate per ASTM A967,0.05411,0.277,0.277,7.04,0.704,Random,0.049,0.049,1.24,0.124
LE 049D 15 S316,LE 049D 15 S316,LE049D15S316,Extension Spring,11,Stock,,Yes,Yes,Yes,Yes,Yes,Yes,Yes,Yes,Yes,Standard Extension Series (inch),NR,Stainless Steel Type 316,SS 316,ASTM A313,0.375,0.375,9.53,0.953,0.01,0.01,0.25,0.025,5,5,127,12.7,0.075,0.075,1.91,0.191,2.31,2.31,0.405,4.05,0.0413,0.413,41.3,413,0.231,0.231,0.0405,0.405,0.00413,0.0413,4.13,41.3,0.277,0.277,7.04,0.704,REF,Reference,Reference,Reference,90.0387,90,0.049,0.049,1.24,0.124,Standard Loops,1.2495,1.2495,5.558,0.5668,566.8,0.2499,0.2499,1.1116,0.11335,113.35,8.121,8.121,36.124,3.6837,3683.7,7.974,7.974,202.54,20.254,4.446,4.446,112.93,11.293,Factory Option,Ultrasonically Passivate with Citric Acid for 10 mins At 131 Deg F,0.05411,0.277,0.277,7.04,0.704,Random,0.049,0.049,1.24,0.124
LE 049D 16 M,LE 049D 16 M,LE049D16M,Extension Spring,11,Stock,,Yes,Yes,Yes,Yes,Yes,Yes,Yes,Yes,Yes,Standard Extension Series (inch),NR,Music Wire,MW,ASTM A228,0.375,0.375,9.53,0.953,0.01,0.01,0.25,0.025,5.5,5.5,139.7,13.97,0.093,0.093,2.36,0.236,2.5,2.5,0.438,4.38,0.0446,0.446,44.6,446,0.25,0.25,0.0438,0.438,0.00446,0.0446,4.46,44.6,0.277,0.277,7.04,0.704,REF,Reference,Reference,Reference,99.83,99.8,0.049,0.049,1.24,0.124,Standard Loops,1.5,1.5,6.672,0.6804,680.4,0.3,0.3,1.3345,0.13608,136.08,13,13,57.827,5.8968,5896.8,10.1,10.1,256.54,25.654,4.946,4.946,125.63,12.563,Factory Option,Zinc Plate and Bake per ASTM B633,0.059,0.277,0.277,7.04,0.704,Random,0.049,0.049,1.24,0.124
LE 049D 16 S,LE 049D 16 S,LE049D16S,Extension Spring,11,Stock,,Yes,Yes,Yes,Yes,Yes,Yes,Yes,Yes,Yes,Standard Extension Series (inch),NR,Stainless Steel,SS,ASTM A313,0.375,0.375,9.53,0.953,0.01,0.01,0.25,0.025,5.5,5.5,139.7,13.97,0.093,0.093,2.36,0.236,2.0831,2.083,0.365,3.65,0.0372,0.372,37.2,372,0.208,0.208,0.0364,0.364,0.00371,0.0371,3.71,37.1,0.277,0.277,7.04,0.704,REF,Reference,Reference,Reference,99.84,99.8,0.049,0.049,1.24,0.124,Standard Loops,1.2495,1.2495,5.558,0.5668,566.8,0.2499,0.2499,1.1116,0.11335,113.35,10.829,10.829,48.17,4.912,4912,10.1,10.1,256.54,25.654,4.946,4.946,125.63,12.563,Factory Option,Passivate per ASTM A967,0.06,0.277,0.277,7.04,0.704,Random,0.049,0.049,1.24,0.124
LE 049D 16 S316,LE 049D 16 S316,LE049D16S316,Extension Spring,11,Stock,,Yes,Yes,Yes,Yes,Yes,Yes,Yes,Yes,Yes,Standard Extension Series (inch),NR,Stainless Steel Type 316,SS 316,ASTM A313,0.375,0.375,9.53,0.953,0.01,0.01,0.25,0.025,5.5,5.5,139.7,13.97,0.093,0.093,2.36,0.236,2.0831,2.083,0.365,3.65,0.0372,0.372,37.2,372,0.208,0.208,0.0364,0.364,0.00371,0.0371,3.71,37.1,0.277,0.277,7.04,0.704,REF,Reference,Reference,Reference,99.84,99.8,0.049,0.049,1.24,0.124,Standard Loops,1.2495,1.2495,5.558,0.5668,566.8,0.2499,0.2499,1.1116,0.11335,113.35,8.121,8.121,36.124,3.6837,3683.7,8.798,8.798,223.47,22.347,4.946,4.946,125.63,12.563,Factory Option,Ultrasonically Passivate with Citric Acid for 10 mins At 131 Deg F,0.06,0.277,0.277,7.04,0.704,Random,0.049,0.049,1.24,0.124
LE 049D 17 M,LE 049D 17 M,LE049D17M,Extension Spring,11,Stock,,Yes,Yes,Yes,Yes,Yes,Yes,Yes,Yes,Yes,Standard Extension Series (inch),NR,Music Wire,MW,ASTM A228,0.375,0.375,9.53,0.953,0.01,0.01,0.25,0.025,6,6,152.4,15.24,0.093,0.093,2.36,0.236,2.27,2.27,0.398,3.98,0.0405,0.405,40.5,405,0.227,0.227,0.0398,0.398,0.00405,0.0405,4.05,40.5,0.277,0.277,7.04,0.704,REF,Reference,Reference,Reference,109.95,110,0.049,0.049,1.24,0.124,Standard Loops,1.5,1.5,6.672,0.6804,680.4,0.3,0.3,1.3345,0.13608,136.08,13,13,57.827,5.8968,5896.8,11.066,11.066,281.08,28.108,5.446,5.446,138.33,13.833,Factory Option,Zinc Plate and Bake per ASTM B633,0.065,0.277,0.277,7.04,0.704,Random,0.049,0.049,1.24,0.124
LE 049D 17 S,LE 049D 17 S,LE049D17S,Extension Spring,11,Stock,,Yes,Yes,Yes,Yes,Yes,Yes,Yes,Yes,Yes,Standard Extension Series (inch),NR,Stainless Steel,SS,ASTM A313,0.375,0.375,9.53,0.953,0.01,0.01,0.25,0.025,6,6,152.4,15.24,0.093,0.093,2.36,0.236,1.892,1.892,0.331,3.31,0.0338,0.338,33.8,338,0.189,0.189,0.0331,0.331,0.00338,0.0338,3.38,33.8,0.277,0.277,7.04,0.704,REF,Reference,Reference,Reference,109.93,109.9,0.049,0.049,1.24,0.124,Standard Loops,1.2495,1.2495,5.558,0.5668,566.8,0.2499,0.2499,1.1116,0.11335,113.35,10.829,10.829,48.17,4.912,4912,11.065,11.065,281.05,28.105,5.446,5.446,138.33,13.833,Factory Option,Passivate per ASTM A967,0.066,0.277,0.277,7.04,0.704,Random,0.049,0.049,1.24,0.124
LE 049D 17 S316,LE 049D 17 S316,LE049D17S316,Extension Spring,11,Stock,,Yes,Yes,Yes,Yes,Yes,Yes,Yes,Yes,Yes,Standard Extension Series (inch),NR,Stainless Steel Type 316,SS 316,ASTM A313,0.375,0.375,9.53,0.953,0.01,0.01,0.25,0.025,6,6,152.4,15.24,0.093,0.093,2.36,0.236,1.892,1.892,0.331,3.31,0.0338,0.338,33.8,338,0.189,0.189,0.0331,0.331,0.00338,0.0338,3.38,33.8,0.277,0.277,7.04,0.704,REF,Reference,Reference,Reference,109.93,109.9,0.049,0.049,1.24,0.124,Standard Loops,1.2495,1.2495,5.558,0.5668,566.8,0.2499,0.2499,1.1116,0.11335,113.35,8.121,8.121,36.124,3.6837,3683.7,9.631,9.631,244.63,24.463,5.446,5.446,138.33,13.833,Factory Option,Ultrasonically Passivate with Citric Acid for 10 mins At 131 Deg F,0.066,0.277,0.277,7.04,0.704,Random,0.049,0.049,1.24,0.124
LE 049E 01 M,LE 049E 01 M,LE049E01M,Extension Spring,11,Stock,,Yes,Yes,Yes,Yes,Yes,Yes,Yes,Yes,Yes,Standard Extension Series (inch),NR,Music Wire,MW,ASTM A228,0.5,0.5,12.7,1.27,0.01,0.01,0.25,0.025,1.25,1.25,31.75,3.175,0.035,0.035,0.89,0.089,11.8,11.8,2.067,20.67,0.2107,2.107,210.7,2107,1.18,1.18,0.2067,2.067,0.02107,0.2107,21.07,210.7,0.402,0.402,10.21,1.021,REF,Reference,Reference,Reference,7.9884,8,0.049,0.049,1.24,0.124,Standard Loops,0.88,0.88,3.914,0.3992,399.2,0.176,0.176,0.7829,0.07983,79.83,10,10,44.482,4.536,4536,2.02,2.02,51.31,5.131,0.446,0.446,11.33,1.133,Factory Option,Zinc Plate and Bake per ASTM B633,0.00797,0.402,0.402,10.21,1.021,Random,0.049,0.049,1.24,0.124
LE 049E 01 S,LE 049E 01 S,LE049E01S,Extension Spring,11,Stock,,Yes,Yes,Yes,Yes,Yes,Yes,Yes,Yes,Yes,Standard Extension Series (inch),NR,Stainless Steel,SS,ASTM A313,0.5,0.5,12.7,1.27,0.01,0.01,0.25,0.025,1.25,1.25,31.75,3.175,0.035,0.035,0.89,0.089,9.83,9.83,1.722,17.22,0.1755,1.755,175.5,1755,0.983,0.983,0.1722,1.722,0.01755,0.1755,17.55,175.5,0.402,0.402,10.21,1.021,REF,Reference,Reference,Reference,7.9911,8,0.049,0.049,1.24,0.124,Standard Loops,0.733,0.733,3.261,0.3325,332.5,0.1466,0.1466,0.6521,0.0665,66.5,8.33,8.33,37.054,3.7785,3778.5,2.02,2.02,51.31,5.131,0.446,0.446,11.33,1.133,Factory Option,Passivate per ASTM A967,0.00813,0.402,0.402,10.21,1.021,Random,0.049,0.049,1.24,0.124
LE 049E 01 S316,LE 049E 01 S316,LE049E01S316,Extension Spring,11,Stock,,Yes,Yes,Yes,Yes,Yes,Yes,Yes,Yes,Yes,Standard Extension Series (inch),NR,Stainless Steel Type 316,SS 316,ASTM A313,0.5,0.5,12.7,1.27,0.01,0.01,0.25,0.025,1.25,1.25,31.75,3.175,0.035,0.035,0.89,0.089,9.83,9.83,1.722,17.22,0.1755,1.755,175.5,1755,0.983,0.983,0.1722,1.722,0.01755,0.1755,17.55,175.5,0.402,0.402,10.21,1.021,REF,Reference,Reference,Reference,7.9911,8,0.049,0.049,1.24,0.124,Standard Loops,0.733,0.733,3.261,0.3325,332.5,0.1466,0.1466,0.6521,0.0665,66.5,6.247,6.247,27.788,2.8336,2833.6,1.81,1.81,45.97,4.597,0.446,0.446,11.33,1.133,Factory Option,Ultrasonically Passivate with Citric Acid for 10 mins At 131 Deg F,0.00813,0.402,0.402,10.21,1.021,Random,0.049,0.049,1.24,0.124
LE 049E 02 M,LE 049E 02 M,LE049E02M,Extension Spring,11,Stock,,Yes,Yes,Yes,Yes,Yes,Yes,Yes,Yes,Yes,Standard Extension Series (inch),NR,Music Wire,MW,ASTM A228,0.5,0.5,12.7,1.27,0.01,0.01,0.25,0.025,1.5,1.5,38.1,3.81,0.035,0.035,0.89,0.089,7.26,7.26,1.271,12.71,0.1296,1.296,129.6,1296,0.726,0.726,0.1271,1.271,0.01296,0.1296,12.96,129.6,0.402,0.402,10.21,1.021,REF,Reference,Reference,Reference,12.984,13,0.049,0.049,1.24,0.124,Standard Loops,0.88,0.88,3.914,0.3992,399.2,0.176,0.176,0.7829,0.07983,79.83,10,10,44.482,4.536,4536,2.76,2.76,70.1,7.01,0.696,0.696,17.68,1.768,Factory Option,Zinc Plate and Bake per ASTM B633,0.01196,0.402,0.402,10.21,1.021,Random,0.049,0.049,1.24,0.124
LE 049E 02 S,LE 049E 02 S,LE049E02S,Extension Spring,11,Stock,,Yes,Yes,Yes,Yes,Yes,Yes,Yes,Yes,Yes,Standard Extension Series (inch),NR,Stainless Steel,SS,ASTM A313,0.5,0.5,12.7,1.27,0.01,0.01,0.25,0.025,1.5,1.5,38.1,3.81,0.035,0.035,0.89,0.089,6.05,6.05,1.06,10.6,0.108,1.08,108,1080,0.605,0.605,0.106,1.06,0.0108,0.108,10.8,108,0.402,0.402,10.21,1.021,REF,Reference,Reference,Reference,12.984,13,0.049,0.049,1.24,0.124,Standard Loops,0.733,0.733,3.261,0.3325,332.5,0.1466,0.1466,0.6521,0.0665,66.5,8.33,8.33,37.054,3.7785,3778.5,2.76,2.76,70.1,7.01,0.696,0.696,17.68,1.768,Factory Option,Passivate per ASTM A967,0.01219,0.402,0.402,10.21,1.021,Random,0.049,0.049,1.24,0.124
LE 049E 02 S316,LE 049E 02 S316,LE049E02S316,Extension Spring,11,Stock,,Yes,Yes,Yes,Yes,Yes,Yes,Yes,Yes,Yes,Standard Extension Series (inch),NR,Stainless Steel Type 316,SS 316,ASTM A313,0.5,0.5,12.7,1.27,0.01,0.01,0.25,0.025,1.5,1.5,38.1,3.81,0.035,0.035,0.89,0.089,6.05,6.05,1.06,10.6,0.108,1.08,108,1080,0.605,0.605,0.106,1.06,0.0108,0.108,10.8,108,0.402,0.402,10.21,1.021,REF,Reference,Reference,Reference,12.984,13,0.049,0.049,1.24,0.124,Standard Loops,0.733,0.733,3.261,0.3325,332.5,0.1466,0.1466,0.6521,0.0665,66.5,6.247,6.247,27.788,2.8336,2833.6,2.411,2.411,61.24,6.124,0.696,0.696,17.68,1.768,Factory Option,Ultrasonically Passivate with Citric Acid for 10 mins At 131 Deg F,0.01219,0.402,0.402,10.21,1.021,Random,0.049,0.049,1.24,0.124
LE 049E 03 M,LE 049E 03 M,LE049E03M,Extension Spring,11,Stock,,Yes,Yes,Yes,Yes,Yes,Yes,Yes,Yes,Yes,Standard Extension Series (inch),NR,Music Wire,MW,ASTM A228,0.5,0.5,12.7,1.27,0.01,0.01,0.25,0.025,1.75,1.75,44.45,4.445,0.04,0.04,1.02,0.102,5.24,5.24,0.918,9.18,0.0936,0.936,93.6,936,0.524,0.524,0.0918,0.918,0.00936,0.0936,9.36,93.6,0.402,0.402,10.21,1.021,REF,Reference,Reference,Reference,17.9893,18,0.049,0.049,1.24,0.124,Standard Loops,0.88,0.88,3.914,0.3992,399.2,0.176,0.176,0.7829,0.07983,79.83,10,10,44.482,4.536,4536,3.49,3.49,88.65,8.865,0.946,0.946,24.03,2.403,Factory Option,Zinc Plate and Bake per ASTM B633,0.01595,0.402,0.402,10.21,1.021,Random,0.049,0.049,1.24,0.124
LE 049E 03 S,LE 049E 03 S,LE049E03S,Extension Spring,11,Stock,,Yes,Yes,Yes,Yes,Yes,Yes,Yes,Yes,Yes,Standard Extension Series (inch),NR,Stainless Steel,SS,ASTM A313,0.5,0.5,12.7,1.27,0.01,0.01,0.25,0.025,1.75,1.75,44.45,4.445,0.04,0.04,1.02,0.102,4.36,4.36,0.764,7.64,0.0779,0.779,77.9,779,0.436,0.436,0.0764,0.764,0.00779,0.0779,7.79,77.9,0.402,0.402,10.21,1.021,REF,Reference,Reference,Reference,18.0168,18,0.049,0.049,1.24,0.124,Standard Loops,0.733,0.733,3.261,0.3325,332.5,0.1466,0.1466,0.6521,0.0665,66.5,8.33,8.33,37.054,3.7785,3778.5,3.49,3.49,88.65,8.865,0.946,0.946,24.03,2.403,Factory Option,Passivate per ASTM A967,0.01628,0.402,0.402,10.21,1.021,Random,0.049,0.049,1.24,0.124
LE 049E 03 S316,LE 049E 03 S316,LE049E03S316,Extension Spring,11,Stock,,Yes,Yes,Yes,Yes,Yes,Yes,Yes,Yes,Yes,Standard Extension Series (inch),NR,Stainless Steel Type 316,SS 316,ASTM A313,0.5,0.5,12.7,1.27,0.01,0.01,0.25,0.025,1.75,1.75,44.45,4.445,0.04,0.04,1.02,0.102,4.36,4.36,0.764,7.64,0.0779,0.779,77.9,779,0.436,0.436,0.0764,0.764,0.00779,0.0779,7.79,77.9,0.402,0.402,10.21,1.021,REF,Reference,Reference,Reference,18.0168,18,0.049,0.049,1.24,0.124,Standard Loops,0.733,0.733,3.261,0.3325,332.5,0.1466,0.1466,0.6521,0.0665,66.5,6.247,6.247,27.788,2.8336,2833.6,3.014,3.014,76.56,7.656,0.946,0.946,24.03,2.403,Factory Option,Ultrasonically Passivate with Citric Acid for 10 mins At 131 Deg F,0.01628,0.402,0.402,10.21,1.021,Random,0.049,0.049,1.24,0.124
LE 049E 04 M,LE 049E 04 M,LE049E04M,Extension Spring,11,Stock,,Yes,Yes,Yes,Yes,Yes,Yes,Yes,Yes,Yes,Standard Extension Series (inch),NR,Music Wire,MW,ASTM A228,0.5,0.5,12.7,1.27,0.01,0.01,0.25,0.025,2,2,50.8,5.08,0.04,0.04,1.02,0.102,4,4,0.701,7.01,0.0714,0.714,71.4,714,0.4,0.4,0.0701,0.701,0.00714,0.0714,7.14,71.4,0.402,0.402,10.21,1.021,REF,Reference,Reference,Reference,23.566,23.6,0.049,0.049,1.24,0.124,Standard Loops,0.88,0.88,3.914,0.3992,399.2,0.176,0.176,0.7829,0.07983,79.83,10,10,44.482,4.536,4536,4.28,4.28,108.71,10.871,1.196,1.196,30.38,3.038,Factory Option,Zinc Plate and Bake per ASTM B633,0.02041,0.402,0.402,10.21,1.021,Random,0.049,0.049,1.24,0.124
LE 049E 04 S,LE 049E 04 S,LE049E04S,Extension Spring,11,Stock,,Yes,Yes,Yes,Yes,Yes,Yes,Yes,Yes,Yes,Standard Extension Series (inch),NR,Stainless Steel,SS,ASTM A313,0.5,0.5,12.7,1.27,0.01,0.01,0.25,0.025,2,2,50.8,5.08,0.04,0.04,1.02,0.102,3.33,3.33,0.583,5.83,0.0595,0.595,59.5,595,0.333,0.333,0.0583,0.583,0.00595,0.0595,5.95,59.5,0.402,0.402,10.21,1.021,REF,Reference,Reference,Reference,23.5895,23.6,0.049,0.049,1.24,0.124,Standard Loops,0.733,0.733,3.261,0.3325,332.5,0.1466,0.1466,0.6521,0.0665,66.5,8.33,8.33,37.054,3.7785,3778.5,4.28,4.28,108.71,10.871,1.196,1.196,30.38,3.038,Factory Option,Passivate per ASTM A967,0.02081,0.402,0.402,10.21,1.021,Random,0.049,0.049,1.24,0.124
LE 049E 04 S316,LE 049E 04 S316,LE049E04S316,Extension Spring,11,Stock,,Yes,Yes,Yes,Yes,Yes,Yes,Yes,Yes,Yes,Standard Extension Series (inch),NR,Stainless Steel Type 316,SS 316,ASTM A313,0.5,0.5,12.7,1.27,0.01,0.01,0.25,0.025,2,2,50.8,5.08,0.04,0.04,1.02,0.102,3.33,3.33,0.583,5.83,0.0595,0.595,59.5,595,0.333,0.333,0.0583,0.583,0.00595,0.0595,5.95,59.5,0.402,0.402,10.21,1.021,REF,Reference,Reference,Reference,23.5895,23.6,0.049,0.049,1.24,0.124,Standard Loops,0.733,0.733,3.261,0.3325,332.5,0.1466,0.1466,0.6521,0.0665,66.5,6.247,6.247,27.788,2.8336,2833.6,3.655,3.655,92.84,9.284,1.196,1.196,30.38,3.038,Factory Option,Ultrasonically Passivate with Citric Acid for 10 mins At 131 Deg F,0.02081,0.402,0.402,10.21,1.021,Random,0.049,0.049,1.24,0.124
LE 049E 05 M,LE 049E 05 M,LE049E05M,Extension Spring,11,Stock,,Yes,Yes,Yes,Yes,Yes,Yes,Yes,Yes,Yes,Standard Extension Series (inch),NR,Music Wire,MW,ASTM A228,0.5,0.5,12.7,1.27,0.01,0.01,0.25,0.025,2.25,2.25,57.15,5.715,0.05,0.05,1.27,0.127,3.3,3.3,0.578,5.78,0.0589,0.589,58.9,589,0.33,0.33,0.0578,0.578,0.00589,0.0589,5.89,58.9,0.402,0.402,10.21,1.021,REF,Reference,Reference,Reference,28.5648,28.6,0.049,0.049,1.24,0.124,Standard Loops,0.88,0.88,3.914,0.3992,399.2,0.176,0.176,0.7829,0.07983,79.83,10,10,44.482,4.536,4536,5.01,5.01,127.25,12.725,1.446,1.446,36.73,3.673,Factory Option,Zinc Plate and Bake per ASTM B633,0.0244,0.402,0.402,10.21,1.021,Random,0.049,0.049,1.24,0.124
LE 049E 05 S,LE 049E 05 S,LE049E05S,Extension Spring,11,Stock,,Yes,Yes,Yes,Yes,Yes,Yes,Yes,Yes,Yes,Standard Extension Series (inch),NR,Stainless Steel,SS,ASTM A313,0.5,0.5,12.7,1.27,0.01,0.01,0.25,0.025,2.25,2.25,57.15,5.715,0.05,0.05,1.27,0.127,2.75,2.75,0.482,4.82,0.0491,0.491,49.1,491,0.275,0.275,0.0482,0.482,0.00491,0.0491,4.91,49.1,0.402,0.402,10.21,1.021,REF,Reference,Reference,Reference,28.5648,28.6,0.049,0.049,1.24,0.124,Standard Loops,0.733,0.733,3.261,0.3325,332.5,0.1466,0.1466,0.6521,0.0665,66.5,8.33,8.33,37.054,3.7785,3778.5,5.01,5.01,127.25,12.725,1.446,1.446,36.73,3.673,Factory Option,Passivate per ASTM A967,0.02486,0.402,0.402,10.21,1.021,Random,0.049,0.049,1.24,0.124
LE 049E 05 S316,LE 049E 05 S316,LE049E05S316,Extension Spring,11,Stock,,Yes,Yes,Yes,Yes,Yes,Yes,Yes,Yes,Yes,Standard Extension Series (inch),NR,Stainless Steel Type 316,SS 316,ASTM A313,0.5,0.5,12.7,1.27,0.01,0.01,0.25,0.025,2.25,2.25,57.15,5.715,0.05,0.05,1.27,0.127,2.75,2.75,0.482,4.82,0.0491,0.491,49.1,491,0.275,0.275,0.0482,0.482,0.00491,0.0491,4.91,49.1,0.402,0.402,10.21,1.021,REF,Reference,Reference,Reference,28.5648,28.6,0.049,0.049,1.24,0.124,Standard Loops,0.733,0.733,3.261,0.3325,332.5,0.1466,0.1466,0.6521,0.0665,66.5,6.247,6.247,27.788,2.8336,2833.6,4.255,4.255,108.08,10.808,1.446,1.446,36.73,3.673,Factory Option,Ultrasonically Passivate with Citric Acid for 10 mins At 131 Deg F,0.02486,0.402,0.402,10.21,1.021,Random,0.049,0.049,1.24,0.124
LE 049E 06 M,LE 049E 06 M,LE049E06M,Extension Spring,11,Stock,,Yes,Yes,Yes,Yes,Yes,Yes,Yes,Yes,Yes,Standard Extension Series (inch),NR,Music Wire,MW,ASTM A228,0.5,0.5,12.7,1.27,0.01,0.01,0.25,0.025,2.5,2.5,63.5,6.35,0.05,0.05,1.27,0.127,2.8,2.8,0.49,4.9,0.05,0.5,50,500,0.28,0.28,0.049,0.49,0.005,0.05,5,50,0.402,0.402,10.21,1.021,REF,Reference,Reference,Reference,33.6657,33.7,0.049,0.049,1.24,0.124,Standard Loops,0.88,0.88,3.914,0.3992,399.2,0.176,0.176,0.7829,0.07983,79.83,10,10,44.482,4.536,4536,5.76,5.76,146.3,14.63,1.696,1.696,43.08,4.308,Factory Option,Zinc Plate and Bake per ASTM B633,0.02847,0.402,0.402,10.21,1.021,Random,0.049,0.049,1.24,0.124
LE 049E 06 S,LE 049E 06 S,LE049E06S,Extension Spring,11,Stock,,Yes,Yes,Yes,Yes,Yes,Yes,Yes,Yes,Yes,Standard Extension Series (inch),NR,Stainless Steel,SS,ASTM A313,0.5,0.5,12.7,1.27,0.01,0.01,0.25,0.025,2.5,2.5,63.5,6.35,0.05,0.05,1.27,0.127,2.33,2.33,0.408,4.08,0.0416,0.416,41.6,416,0.233,0.233,0.0408,0.408,0.00416,0.0416,4.16,41.6,0.402,0.402,10.21,1.021,REF,Reference,Reference,Reference,33.7138,33.7,0.049,0.049,1.24,0.124,Standard Loops,0.733,0.733,3.261,0.3325,332.5,0.1466,0.1466,0.6521,0.0665,66.5,8.33,8.33,37.054,3.7785,3778.5,5.76,5.76,146.3,14.63,1.696,1.696,43.08,4.308,Factory Option,Passivate per ASTM A967,0.02905,0.402,0.402,10.21,1.021,Random,0.049,0.049,1.24,0.124
LE 049E 06 S316,LE 049E 06 S316,LE049E06S316,Extension Spring,11,Stock,,Yes,Yes,Yes,Yes,Yes,Yes,Yes,Yes,Yes,Standard Extension Series (inch),NR,Stainless Steel Type 316,SS 316,ASTM A313,0.5,0.5,12.7,1.27,0.01,0.01,0.25,0.025,2.5,2.5,63.5,6.35,0.05,0.05,1.27,0.127,2.33,2.33,0.408,4.08,0.0416,0.416,41.6,416,0.233,0.233,0.0408,0.408,0.00416,0.0416,4.16,41.6,0.402,0.402,10.21,1.021,REF,Reference,Reference,Reference,33.7138,33.7,0.049,0.049,1.24,0.124,Standard Loops,0.733,0.733,3.261,0.3325,332.5,0.1466,0.1466,0.6521,0.0665,66.5,6.247,6.247,27.788,2.8336,2833.6,4.866,4.866,123.6,12.36,1.696,1.696,43.08,4.308,Factory Option,Ultrasonically Passivate with Citric Acid for 10 mins At 131 Deg F,0.02905,0.402,0.402,10.21,1.021,Random,0.049,0.049,1.24,0.124
LE 049E 07 M,LE 049E 07 M,LE049E07M,Extension Spring,11,Stock,,Yes,Yes,Yes,Yes,Yes,Yes,Yes,Yes,Yes,Standard Extension Series (inch),NR,Music Wire,MW,ASTM A228,0.5,0.5,12.7,1.27,0.01,0.01,0.25,0.025,2.75,2.75,69.85,6.985,0.05,0.05,1.27,0.127,2.4,2.4,0.42,4.2,0.0429,0.429,42.9,429,0.24,0.24,0.042,0.42,0.00429,0.0429,4.29,42.9,0.402,0.402,10.21,1.021,REF,Reference,Reference,Reference,39.2766,39.3,0.049,0.049,1.24,0.124,Standard Loops,0.88,0.88,3.914,0.3992,399.2,0.176,0.176,0.7829,0.07983,79.83,10,10,44.482,4.536,4536,6.55,6.55,166.37,16.637,1.946,1.946,49.43,4.943,Factory Option,Zinc Plate and Bake per ASTM B633,0.03295,0.402,0.402,10.21,1.021,Random,0.049,0.049,1.24,0.124
LE 049E 07 S,LE 049E 07 S,LE049E07S,Extension Spring,11,Stock,,Yes,Yes,Yes,Yes,Yes,Yes,Yes,Yes,Yes,Standard Extension Series (inch),NR,Stainless Steel,SS,ASTM A313,0.5,0.5,12.7,1.27,0.01,0.01,0.25,0.025,2.75,2.75,69.85,6.985,0.05,0.05,1.27,0.127,2,2,0.35,3.5,0.0357,0.357,35.7,357,0.2,0.2,0.035,0.35,0.00357,0.0357,3.57,35.7,0.402,0.402,10.21,1.021,REF,Reference,Reference,Reference,39.2766,39.3,0.049,0.049,1.24,0.124,Standard Loops,0.733,0.733,3.261,0.3325,332.5,0.1466,0.1466,0.6521,0.0665,66.5,8.33,8.33,37.054,3.7785,3778.5,6.55,6.55,166.37,16.637,1.946,1.946,49.43,4.943,Factory Option,Passivate per ASTM A967,0.03357,0.402,0.402,10.21,1.021,Random,0.049,0.049,1.24,0.124
LE 049E 07 S316,LE 049E 07 S316,LE049E07S316,Extension Spring,11,Stock,,Yes,Yes,Yes,Yes,Yes,Yes,Yes,Yes,Yes,Standard Extension Series (inch),NR,Stainless Steel Type 316,SS 316,ASTM A313,0.5,0.5,12.7,1.27,0.01,0.01,0.25,0.025,2.75,2.75,69.85,6.985,0.05,0.05,1.27,0.127,2,2,0.35,3.5,0.0357,0.357,35.7,357,0.2,0.2,0.035,0.35,0.00357,0.0357,3.57,35.7,0.402,0.402,10.21,1.021,REF,Reference,Reference,Reference,39.2766,39.3,0.049,0.049,1.24,0.124,Standard Loops,0.733,0.733,3.261,0.3325,332.5,0.1466,0.1466,0.6521,0.0665,66.5,6.247,6.247,27.788,2.8336,2833.6,5.507,5.507,139.88,13.988,1.946,1.946,49.43,4.943,Factory Option,Ultrasonically Passivate with Citric Acid for 10 mins At 131 Deg F,0.03357,0.402,0.402,10.21,1.021,Random,0.049,0.049,1.24,0.124
LE 049E 08 M,LE 049E 08 M,LE049E08M,Extension Spring,11,Stock,,Yes,Yes,Yes,Yes,Yes,Yes,Yes,Yes,Yes,Standard Extension Series (inch),NR,Music Wire,MW,ASTM A228,0.5,0.5,12.7,1.27,0.01,0.01,0.25,0.025,3,3,76.2,7.62,0.05,0.05,1.27,0.127,2.14,2.14,0.375,3.75,0.0382,0.382,38.2,382,0.214,0.214,0.0375,0.375,0.00382,0.0382,3.82,38.2,0.402,0.402,10.21,1.021,REF,Reference,Reference,Reference,44.0486,44,0.049,0.049,1.24,0.124,Standard Loops,0.88,0.88,3.914,0.3992,399.2,0.176,0.176,0.7829,0.07983,79.83,10,10,44.482,4.536,4536,7.26,7.26,184.4,18.44,2.196,2.196,55.78,5.578,Factory Option,Zinc Plate and Bake per ASTM B633,0.03675,0.402,0.402,10.21,1.021,Random,0.049,0.049,1.24,0.124
LE 049E 08 S,LE 049E 08 S,LE049E08S,Extension Spring,11,Stock,,Yes,Yes,Yes,Yes,Yes,Yes,Yes,Yes,Yes,Standard Extension Series (inch),NR,Stainless Steel,SS,ASTM A313,0.5,0.5,12.7,1.27,0.01,0.01,0.25,0.025,3,3,76.2,7.62,0.05,0.05,1.27,0.127,1.78,1.78,0.312,3.12,0.0318,0.318,31.8,318,0.178,0.178,0.0312,0.312,0.00318,0.0318,3.18,31.8,0.402,0.402,10.21,1.021,REF,Reference,Reference,Reference,44.131,44.1,0.049,0.049,1.24,0.124,Standard Loops,0.733,0.733,3.261,0.3325,332.5,0.1466,0.1466,0.6521,0.0665,66.5,8.33,8.33,37.054,3.7785,3778.5,7.26,7.26,184.4,18.44,2.196,2.196,55.78,5.578,Factory Option,Passivate per ASTM A967,0.03752,0.402,0.402,10.21,1.021,Random,0.049,0.049,1.24,0.124
LE 049E 08 S316,LE 049E 08 S316,LE049E08S316,Extension Spring,11,Stock,,Yes,Yes,Yes,Yes,Yes,Yes,Yes,Yes,Yes,Standard Extension Series (inch),NR,Stainless Steel Type 316,SS 316,ASTM A313,0.5,0.5,12.7,1.27,0.01,0.01,0.25,0.025,3,3,76.2,7.62,0.05,0.05,1.27,0.127,1.78,1.78,0.312,3.12,0.0318,0.318,31.8,318,0.178,0.178,0.0312,0.312,0.00318,0.0318,3.18,31.8,0.402,0.402,10.21,1.021,REF,Reference,Reference,Reference,44.131,44.1,0.049,0.049,1.24,0.124,Standard Loops,0.733,0.733,3.261,0.3325,332.5,0.1466,0.1466,0.6521,0.0665,66.5,6.247,6.247,27.788,2.8336,2833.6,6.097,6.097,154.86,15.486,2.196,2.196,55.78,5.578,Factory Option,Ultrasonically Passivate with Citric Acid for 10 mins At 131 Deg F,0.03752,0.402,0.402,10.21,1.021,Random,0.049,0.049,1.24,0.124
LE 049E 09 M,LE 049E 09 M,LE049E09M,Extension Spring,11,Stock,,Yes,Yes,Yes,Yes,Yes,Yes,Yes,Yes,Yes,Standard Extension Series (inch),NR,Music Wire,MW,ASTM A228,0.5,0.5,12.7,1.27,0.01,0.01,0.25,0.025,3.5,3.5,88.9,8.89,0.06,0.06,1.52,0.152,1.75,1.75,0.306,3.06,0.0313,0.313,31.3,313,0.175,0.175,0.0306,0.306,0.00313,0.0313,3.13,31.3,0.402,0.402,10.21,1.021,REF,Reference,Reference,Reference,53.8651,53.9,0.049,0.049,1.24,0.124,Standard Loops,0.88,0.88,3.914,0.3992,399.2,0.176,0.176,0.7829,0.07983,79.83,10,10,44.482,4.536,4536,8.71,8.71,221.23,22.123,2.696,2.696,68.48,6.848,Factory Option,Zinc Plate and Bake per ASTM B633,0.04459,0.402,0.402,10.21,1.021,Random,0.049,0.049,1.24,0.124
LE 049E 09 S,LE 049E 09 S,LE049E09S,Extension Spring,11,Stock,,Yes,Yes,Yes,Yes,Yes,Yes,Yes,Yes,Yes,Standard Extension Series (inch),NR,Stainless Steel,SS,ASTM A313,0.5,0.5,12.7,1.27,0.01,0.01,0.25,0.025,3.5,3.5,88.9,8.89,0.06,0.06,1.52,0.152,1.46,1.46,0.256,2.56,0.0261,0.261,26.1,261,0.146,0.146,0.0256,0.256,0.00261,0.0261,2.61,26.1,0.402,0.402,10.21,1.021,REF,Reference,Reference,Reference,53.8036,53.8,0.049,0.049,1.24,0.124,Standard Loops,0.733,0.733,3.261,0.3325,332.5,0.1466,0.1466,0.6521,0.0665,66.5,8.33,8.33,37.054,3.7785,3778.5,8.71,8.71,221.23,22.123,2.696,2.696,68.48,6.848,Factory Option,Passivate per ASTM A967,0.04539,0.402,0.402,10.21,1.021,Random,0.049,0.049,1.24,0.124
LE 049E 09 S316,LE 049E 09 S316,LE049E09S316,Extension Spring,11,Stock,,Yes,Yes,Yes,Yes,Yes,Yes,Yes,Yes,Yes,Standard Extension Series (inch),NR,Stainless Steel Type 316,SS 316,ASTM A313,0.5,0.5,12.7,1.27,0.01,0.01,0.25,0.025,3.5,3.5,88.9,8.89,0.06,0.06,1.52,0.152,1.46,1.46,0.256,2.56,0.0261,0.261,26.1,261,0.146,0.146,0.0256,0.256,0.00261,0.0261,2.61,26.1,0.402,0.402,10.21,1.021,REF,Reference,Reference,Reference,53.8036,53.8,0.049,0.049,1.24,0.124,Standard Loops,0.733,0.733,3.261,0.3325,332.5,0.1466,0.1466,0.6521,0.0665,66.5,6.247,6.247,27.788,2.8336,2833.6,7.276,7.276,184.81,18.481,2.696,2.696,68.48,6.848,Factory Option,Ultrasonically Passivate with Citric Acid for 10 mins At 131 Deg F,0.04539,0.402,0.402,10.21,1.021,Random,0.049,0.049,1.24,0.124
LE 049E 10 M,LE 049E 10 M,LE049E10M,Extension Spring,11,Stock,,Yes,Yes,Yes,Yes,Yes,Yes,Yes,Yes,Yes,Standard Extension Series (inch),NR,Music Wire,MW,ASTM A228,0.5,0.5,12.7,1.27,0.01,0.01,0.25,0.025,4,4,101.6,10.16,0.06,0.06,1.52,0.152,1.47,1.47,0.257,2.57,0.0263,0.263,26.3,263,0.147,0.147,0.0257,0.257,0.00263,0.0263,2.63,26.3,0.402,0.402,10.21,1.021,REF,Reference,Reference,Reference,64.1251,64.1,0.049,0.049,1.24,0.124,Standard Loops,0.88,0.88,3.914,0.3992,399.2,0.176,0.176,0.7829,0.07983,79.83,10,10,44.482,4.536,4536,10.2,10.2,259.08,25.908,3.196,3.196,81.18,8.118,Factory Option,Zinc Plate and Bake per ASTM B633,0.05278,0.402,0.402,10.21,1.021,Random,0.049,0.049,1.24,0.124
LE 049E 10 S,LE 049E 10 S,LE049E10S,Extension Spring,11,Stock,,Yes,Yes,Yes,Yes,Yes,Yes,Yes,Yes,Yes,Standard Extension Series (inch),NR,Stainless Steel,SS,ASTM A313,0.5,0.5,12.7,1.27,0.01,0.01,0.25,0.025,4,4,101.6,10.16,0.06,0.06,1.52,0.152,1.22,1.22,0.214,2.14,0.0218,0.218,21.8,218,0.122,0.122,0.0214,0.214,0.00218,0.0218,2.18,21.8,0.402,0.402,10.21,1.021,REF,Reference,Reference,Reference,64.3879,64.4,0.049,0.049,1.24,0.124,Standard Loops,0.733,0.733,3.261,0.3325,332.5,0.1466,0.1466,0.6521,0.0665,66.5,8.33,8.33,37.054,3.7785,3778.5,10.2,10.2,259.08,25.908,3.196,3.196,81.18,8.118,Factory Option,Passivate per ASTM A967,0.054,0.402,0.402,10.21,1.021,Random,0.049,0.049,1.24,0.124
LE 049E 10 S316,LE 049E 10 S316,LE049E10S316,Extension Spring,11,Stock,,Yes,Yes,Yes,Yes,Yes,Yes,Yes,Yes,Yes,Standard Extension Series (inch),NR,Stainless Steel Type 316,SS 316,ASTM A313,0.5,0.5,12.7,1.27,0.01,0.01,0.25,0.025,4,4,101.6,10.16,0.06,0.06,1.52,0.152,1.22,1.22,0.214,2.14,0.0218,0.218,21.8,218,0.122,0.122,0.0214,0.214,0.00218,0.0218,2.18,21.8,0.402,0.402,10.21,1.021,REF,Reference,Reference,Reference,64.3879,64.4,0.049,0.049,1.24,0.124,Standard Loops,0.733,0.733,3.261,0.3325,332.5,0.1466,0.1466,0.6521,0.0665,66.5,6.247,6.247,27.788,2.8336,2833.6,8.519,8.519,216.38,21.638,3.196,3.196,81.18,8.118,Factory Option,Ultrasonically Passivate with Citric Acid for 10 mins At 131 Deg F,0.054,0.402,0.402,10.21,1.021,Random,0.049,0.049,1.24,0.124
LE 049E 11 M,LE 049E 11 M,LE049E11M,Extension Spring,11,Stock,,Yes,Yes,Yes,Yes,Yes,Yes,Yes,Yes,Yes,Standard Extension Series (inch),NR,Music Wire,MW,ASTM A228,0.5,0.5,12.7,1.27,0.01,0.01,0.25,0.025,4.5,4.5,114.3,11.43,0.09,0.09,2.29,0.229,1.27,1.27,0.222,2.22,0.0227,0.227,22.7,227,0.127,0.127,0.0222,0.222,0.00227,0.0227,2.27,22.7,0.402,0.402,10.21,1.021,REF,Reference,Reference,Reference,74.22,74.2,0.049,0.049,1.24,0.124,Standard Loops,0.88,0.88,3.914,0.3992,399.2,0.176,0.176,0.7829,0.07983,79.83,10,10,44.482,4.536,4536,11.681,11.681,296.7,29.67,3.686,3.686,93.62,9.362,Factory Option,Zinc Plate and Bake per ASTM B633,0.06073,0.402,0.402,10.21,1.021,Random,0.049,0.049,1.24,0.124
LE 049E 11 S,LE 049E 11 S,LE049E11S,Extension Spring,11,Stock,,Yes,Yes,Yes,Yes,Yes,Yes,Yes,Yes,Yes,Standard Extension Series (inch),NR,Stainless Steel,SS,ASTM A313,0.5,0.5,12.7,1.27,0.01,0.01,0.25,0.025,4.5,4.5,114.3,11.43,0.09,0.09,2.29,0.229,1.058,1.058,0.185,1.85,0.0189,0.189,18.9,189,0.1058,0.1058,0.0185,0.185,0.00189,0.0189,1.89,18.9,0.402,0.402,10.21,1.021,REF,Reference,Reference,Reference,74.25,74.3,0.049,0.049,1.24,0.124,Standard Loops,0.733,0.733,3.261,0.3325,332.5,0.1466,0.1466,0.6521,0.0665,66.5,8.33,8.33,37.054,3.7785,3778.5,11.681,11.681,296.7,29.67,3.687,3.687,93.65,9.365,Factory Option,Passivate per ASTM A967,0.06118,0.402,0.402,10.21,1.021,Random,0.049,0.049,1.24,0.124
LE 049E 11 S316,LE 049E 11 S316,LE049E11S316,Extension Spring,11,Stock,,Yes,Yes,Yes,Yes,Yes,Yes,Yes,Yes,Yes,Standard Extension Series (inch),NR,Stainless Steel Type 316,SS 316,ASTM A313,0.5,0.5,12.7,1.27,0.01,0.01,0.25,0.025,4.5,4.5,114.3,11.43,0.09,0.09,2.29,0.229,1.058,1.058,0.185,1.85,0.0189,0.189,18.9,189,0.1058,0.1058,0.0185,0.185,0.00189,0.0189,1.89,18.9,0.402,0.402,10.21,1.021,REF,Reference,Reference,Reference,74.25,74.3,0.049,0.049,1.24,0.124,Standard Loops,0.733,0.733,3.261,0.3325,332.5,0.1466,0.1466,0.6521,0.0665,66.5,6.247,6.247,27.788,2.8336,2833.6,9.711,9.711,246.66,24.666,3.687,3.687,93.65,9.365,Factory Option,Ultrasonically Passivate with Citric Acid for 10 mins At 131 Deg F,0.06118,0.402,0.402,10.21,1.021,Random,0.049,0.049,1.24,0.124
LE 049E 12 M,LE 049E 12 M,LE049E12M,Extension Spring,11,Stock,,Yes,Yes,Yes,Yes,Yes,Yes,Yes,Yes,Yes,Standard Extension Series (inch),NR,Music Wire,MW,ASTM A228,0.5,0.5,12.7,1.27,0.01,0.01,0.25,0.025,5,5,127,12.7,0.1,0.1,2.54,0.254,1.11,1.11,0.194,1.94,0.0198,0.198,19.8,198,0.111,0.111,0.0194,0.194,0.00198,0.0198,1.98,19.8,0.402,0.402,10.21,1.021,REF,Reference,Reference,Reference,84.92,84.9,0.049,0.049,1.24,0.124,Standard Loops,0.88,0.88,3.914,0.3992,399.2,0.176,0.176,0.7829,0.07983,79.83,10,10,44.482,4.536,4536,13.216,13.216,335.69,33.569,4.21,4.21,106.93,10.693,Factory Option,Zinc Plate and Bake per ASTM B633,0.06926,0.402,0.402,10.21,1.021,Random,0.049,0.049,1.24,0.124
LE 049E 12 S,LE 049E 12 S,LE049E12S,Extension Spring,11,Stock,,Yes,Yes,Yes,Yes,Yes,Yes,Yes,Yes,Yes,Standard Extension Series (inch),NR,Stainless Steel,SS,ASTM A313,0.5,0.5,12.7,1.27,0.01,0.01,0.25,0.025,5,5,127,12.7,0.1,0.1,2.54,0.254,0.925,0.925,0.162,1.62,0.0165,0.165,16.5,165,0.0925,0.0925,0.0162,0.162,0.00165,0.0165,1.65,16.5,0.402,0.402,10.21,1.021,REF,Reference,Reference,Reference,84.92,84.9,0.049,0.049,1.24,0.124,Standard Loops,0.733,0.733,3.261,0.3325,332.5,0.1466,0.1466,0.6521,0.0665,66.5,8.33,8.33,37.054,3.7785,3778.5,13.216,13.216,335.69,33.569,4.21,4.21,106.93,10.693,Factory Option,Passivate per ASTM A967,0.06974,0.402,0.402,10.21,1.021,Random,0.049,0.049,1.24,0.124
LE 049E 12 S316,LE 049E 12 S316,LE049E12S316,Extension Spring,11,Stock,,Yes,Yes,Yes,Yes,Yes,Yes,Yes,Yes,Yes,Standard Extension Series (inch),NR,Stainless Steel Type 316,SS 316,ASTM A313,0.5,0.5,12.7,1.27,0.01,0.01,0.25,0.025,5,5,127,12.7,0.1,0.1,2.54,0.254,0.925,0.925,0.162,1.62,0.0165,0.165,16.5,165,0.0925,0.0925,0.0162,0.162,0.00165,0.0165,1.65,16.5,0.402,0.402,10.21,1.021,REF,Reference,Reference,Reference,84.92,84.9,0.049,0.049,1.24,0.124,Standard Loops,0.733,0.733,3.261,0.3325,332.5,0.1466,0.1466,0.6521,0.0665,66.5,6.247,6.247,27.788,2.8336,2833.6,10.961,10.961,278.41,27.841,4.21,4.21,106.93,10.693,Factory Option,Ultrasonically Passivate with Citric Acid for 10 mins At 131 Deg F,0.06974,0.402,0.402,10.21,1.021,Random,0.049,0.049,1.24,0.124
LE 049E 1A M,LE 049E 1A M,LE049E1AM,Extension Spring,11,Stock,,Yes,Yes,Yes,Yes,Yes,Yes,Yes,Yes,Yes,Standard Extension Series (inch),NR,Music Wire,MW,ASTM A228,0.5,0.5,12.7,1.27,0.01,0.01,0.25,0.025,1.375,1.375,34.93,3.493,0.035,0.035,0.89,0.089,8.85,8.85,1.55,15.5,0.158,1.58,158,1580,0.885,0.885,0.155,1.55,0.0158,0.158,15.8,158,0.402,0.402,10.21,1.021,REF,Reference,Reference,Reference,10.65,10.7,0.049,0.049,1.24,0.124,Standard Loops,0.88,0.88,3.914,0.3992,399.2,0.176,0.176,0.7829,0.07983,79.83,10,10,44.482,4.536,4536,2.406,2.406,61.11,6.111,0.571,0.571,14.5,1.45,Factory Option,Zinc Plate and Bake per ASTM B633,0.01008,0.402,0.402,10.21,1.021,Random,0.049,0.049,1.24,0.124
LE 049E 1A S,LE 049E 1A S,LE049E1AS,Extension Spring,11,Stock,,Yes,Yes,Yes,Yes,Yes,Yes,Yes,Yes,Yes,Standard Extension Series (inch),NR,Stainless Steel,SS,ASTM A313,0.5,0.5,12.7,1.27,0.01,0.01,0.25,0.025,1.375,1.375,34.93,3.493,0.035,0.035,0.89,0.089,7.375,7.375,1.292,12.92,0.1317,1.317,131.7,1317,0.7375,0.7375,0.1292,1.292,0.01317,0.1317,13.17,131.7,0.402,0.402,10.21,1.021,REF,Reference,Reference,Reference,10.65,10.7,0.049,0.049,1.24,0.124,Standard Loops,0.733,0.733,3.261,0.3325,332.5,0.1466,0.1466,0.6521,0.0665,66.5,8.33,8.33,37.054,3.7785,3778.5,2.406,2.406,61.11,6.111,0.571,0.571,14.5,1.45,Factory Option,Passivate per ASTM A967,0.01015,0.402,0.402,10.21,1.021,Random,0.049,0.049,1.24,0.124
LE 049E 1A S316,LE 049E 1A S316,LE049E1AS316,Extension Spring,11,Stock,,Yes,Yes,Yes,Yes,Yes,Yes,Yes,Yes,Yes,Standard Extension Series (inch),NR,Stainless Steel Type 316,SS 316,ASTM A313,0.5,0.5,12.7,1.27,0.01,0.01,0.25,0.025,1.375,1.375,34.93,3.493,0.035,0.035,0.89,0.089,7.375,7.375,1.292,12.92,0.1317,1.317,131.7,1317,0.7375,0.7375,0.1292,1.292,0.01317,0.1317,13.17,131.7,0.402,0.402,10.21,1.021,REF,Reference,Reference,Reference,10.65,10.7,0.049,0.049,1.24,0.124,Standard Loops,0.733,0.733,3.261,0.3325,332.5,0.1466,0.1466,0.6521,0.0665,66.5,6.247,6.247,27.788,2.8336,2833.6,2.122,2.122,53.9,5.39,0.571,0.571,14.5,1.45,Factory Option,Ultrasonically Passivate with Citric Acid for 10 mins At 131 Deg F,0.01015,0.402,0.402,10.21,1.021,Random,0.049,0.049,1.24,0.124
LE 049G 01 M,LE 049G 01 M,LE049G01M,Extension Spring,11,Stock,,Yes,Yes,Yes,Yes,Yes,Yes,Yes,Yes,Yes,Standard Extension Series (inch),NR,Music Wire,MW,ASTM A228,0.75,0.75,19.05,1.905,0.015,0.015,0.38,0.038,2,2,50.8,5.08,0.04,0.04,1.02,0.102,2.3,2.3,0.403,4.03,0.0411,0.411,41.1,411,0.23,0.23,0.0403,0.403,0.00411,0.0411,4.11,41.1,0.652,0.652,16.56,1.656,REF,Reference,Reference,Reference,10.9142,10.9,0.049,0.049,1.24,0.124,Standard Loops,0.59,0.59,2.624,0.2676,267.6,0.118,0.118,0.5249,0.05352,53.52,6.6,6.6,29.358,2.9938,2993.8,4.61,4.61,117.09,11.709,0.696,0.696,17.68,1.768,Factory Option,Zinc Plate and Bake per ASTM B633,0.01602,0.652,0.652,16.56,1.656,Random,0.049,0.049,1.24,0.124
LE 049G 01 S,LE 049G 01 S,LE049G01S,Extension Spring,11,Stock,,Yes,Yes,Yes,Yes,Yes,Yes,Yes,Yes,Yes,Standard Extension Series (inch),NR,Stainless Steel,SS,ASTM A313,0.75,0.75,19.05,1.905,0.015,0.015,0.38,0.038,2,2,50.8,5.08,0.04,0.04,1.02,0.102,1.92,1.92,0.336,3.36,0.0343,0.343,34.3,343,0.192,0.192,0.0336,0.336,0.00343,0.0343,3.43,34.3,0.652,0.652,16.56,1.656,REF,Reference,Reference,Reference,10.8952,10.9,0.049,0.049,1.24,0.124,Standard Loops,0.4914,0.4914,2.186,0.2229,222.9,0.09828,0.09828,0.4372,0.04458,44.58,5.4978,5.4978,24.455,2.4938,2493.8,4.61,4.61,117.09,11.709,0.696,0.696,17.68,1.768,Factory Option,Passivate per ASTM A967,0.0163,0.652,0.652,16.56,1.656,Random,0.049,0.049,1.24,0.124
LE 049G 01 S316,LE 049G 01 S316,LE049G01S316,Extension Spring,11,Stock,,Yes,Yes,Yes,Yes,Yes,Yes,Yes,Yes,Yes,Standard Extension Series (inch),NR,Stainless Steel Type 316,SS 316,ASTM A313,0.75,0.75,19.05,1.905,0.015,0.015,0.38,0.038,2,2,50.8,5.08,0.04,0.04,1.02,0.102,1.92,1.92,0.336,3.36,0.0343,0.343,34.3,343,0.192,0.192,0.0336,0.336,0.00343,0.0343,3.43,34.3,0.652,0.652,16.56,1.656,REF,Reference,Reference,Reference,10.8952,10.9,0.049,0.049,1.24,0.124,Standard Loops,0.4914,0.4914,2.186,0.2229,222.9,0.09828,0.09828,0.4372,0.04458,44.58,4.123,4.123,18.34,1.8702,1870.2,3.891,3.891,98.83,9.883,0.696,0.696,17.68,1.768,Factory Option,Ultrasonically Passivate with Citric Acid for 10 mins At 131 Deg F,0.0163,0.652,0.652,16.56,1.656,Random,0.049,0.049,1.24,0.124
LE 049G 02 M,LE 049G 02 M,LE049G02M,Extension Spring,11,Stock,,Yes,Yes,Yes,Yes,Yes,Yes,Yes,Yes,Yes,Standard Extension Series (inch),NR,Music Wire,MW,ASTM A228,0.75,0.75,19.05,1.905,0.015,0.015,0.38,0.038,2.25,2.25,57.15,5.715,0.05,0.05,1.27,0.127,1.5,1.5,0.263,2.63,0.0268,0.268,26.8,268,0.15,0.15,0.0263,0.263,0.00268,0.0268,2.68,26.8,0.652,0.652,16.56,1.656,REF,Reference,Reference,Reference,16.7351,16.7,0.049,0.049,1.24,0.124,Standard Loops,0.59,0.59,2.624,0.2676,267.6,0.118,0.118,0.5249,0.05352,53.52,6.6,6.6,29.358,2.9938,2993.8,6.26,6.26,159,15.9,0.946,0.946,24.03,2.403,Factory Option,Zinc Plate and Bake per ASTM B633,0.02324,0.652,0.652,16.56,1.656,Random,0.049,0.049,1.24,0.124
LE 049G 02 S,LE 049G 02 S,LE049G02S,Extension Spring,11,Stock,,Yes,Yes,Yes,Yes,Yes,Yes,Yes,Yes,Yes,Standard Extension Series (inch),NR,Stainless Steel,SS,ASTM A313,0.75,0.75,19.05,1.905,0.015,0.015,0.38,0.038,2.25,2.25,57.15,5.715,0.05,0.05,1.27,0.127,1.25,1.25,0.219,2.19,0.0223,0.223,22.3,223,0.125,0.125,0.0219,0.219,0.00223,0.0223,2.23,22.3,0.652,0.652,16.56,1.656,REF,Reference,Reference,Reference,16.7351,16.7,0.049,0.049,1.24,0.124,Standard Loops,0.4914,0.4914,2.186,0.2229,222.9,0.09828,0.09828,0.4372,0.04458,44.58,5.4978,5.4978,24.455,2.4938,2493.8,6.26,6.26,159,15.9,0.946,0.946,24.03,2.403,Factory Option,Passivate per ASTM A967,0.02369,0.652,0.652,16.56,1.656,Random,0.049,0.049,1.24,0.124
LE 049G 02 S316,LE 049G 02 S316,LE049G02S316,Extension Spring,11,Stock,,Yes,Yes,Yes,Yes,Yes,Yes,Yes,Yes,Yes,Standard Extension Series (inch),NR,Stainless Steel Type 316,SS 316,ASTM A313,0.75,0.75,19.05,1.905,0.015,0.015,0.38,0.038,2.25,2.25,57.15,5.715,0.05,0.05,1.27,0.127,1.25,1.25,0.219,2.19,0.0223,0.223,22.3,223,0.125,0.125,0.0219,0.219,0.00223,0.0223,2.23,22.3,0.652,0.652,16.56,1.656,REF,Reference,Reference,Reference,16.7351,16.7,0.049,0.049,1.24,0.124,Standard Loops,0.4914,0.4914,2.186,0.2229,222.9,0.09828,0.09828,0.4372,0.04458,44.58,4.123,4.123,18.34,1.8702,1870.2,5.155,5.155,130.94,13.094,0.946,0.946,24.03,2.403,Factory Option,Ultrasonically Passivate with Citric Acid for 10 mins At 131 Deg F,0.02369,0.652,0.652,16.56,1.656,Random,0.049,0.049,1.24,0.124
LE 049G 03 M,LE 049G 03 M,LE049G03M,Extension Spring,11,Stock,,Yes,Yes,Yes,Yes,Yes,Yes,Yes,Yes,Yes,Standard Extension Series (inch),NR,Music Wire,MW,ASTM A228,0.75,0.75,19.05,1.905,0.015,0.015,0.38,0.038,2.5,2.5,63.5,6.35,0.05,0.05,1.27,0.127,1.2,1.2,0.21,2.1,0.0214,0.214,21.4,214,0.12,0.12,0.021,0.21,0.00214,0.0214,2.14,21.4,0.652,0.652,16.56,1.656,REF,Reference,Reference,Reference,20.9189,20.9,0.049,0.049,1.24,0.124,Standard Loops,0.59,0.59,2.624,0.2676,267.6,0.118,0.118,0.5249,0.05352,53.52,6.6,6.6,29.358,2.9938,2993.8,7.51,7.51,190.75,19.075,1.196,1.196,30.38,3.038,Factory Option,Zinc Plate and Bake per ASTM B633,0.02843,0.652,0.652,16.56,1.656,Random,0.049,0.049,1.24,0.124
LE 049G 03 S,LE 049G 03 S,LE049G03S,Extension Spring,11,Stock,,Yes,Yes,Yes,Yes,Yes,Yes,Yes,Yes,Yes,Standard Extension Series (inch),NR,Stainless Steel,SS,ASTM A313,0.75,0.75,19.05,1.905,0.015,0.015,0.38,0.038,2.5,2.5,63.5,6.35,0.05,0.05,1.27,0.127,1,1,0.175,1.75,0.0179,0.179,17.9,179,0.1,0.1,0.0175,0.175,0.00179,0.0179,1.79,17.9,0.652,0.652,16.56,1.656,REF,Reference,Reference,Reference,20.9189,20.9,0.049,0.049,1.24,0.124,Standard Loops,0.4914,0.4914,2.186,0.2229,222.9,0.09828,0.09828,0.4372,0.04458,44.58,5.4978,5.4978,24.455,2.4938,2493.8,7.51,7.51,190.75,19.075,1.196,1.196,30.38,3.038,Factory Option,Passivate per ASTM A967,0.02898,0.652,0.652,16.56,1.656,Random,0.049,0.049,1.24,0.124
LE 049G 03 S316,LE 049G 03 S316,LE049G03S316,Extension Spring,11,Stock,,Yes,Yes,Yes,Yes,Yes,Yes,Yes,Yes,Yes,Standard Extension Series (inch),NR,Stainless Steel Type 316,SS 316,ASTM A313,0.75,0.75,19.05,1.905,0.015,0.015,0.38,0.038,2.5,2.5,63.5,6.35,0.05,0.05,1.27,0.127,1,1,0.175,1.75,0.0179,0.179,17.9,179,0.1,0.1,0.0175,0.175,0.00179,0.0179,1.79,17.9,0.652,0.652,16.56,1.656,REF,Reference,Reference,Reference,20.9189,20.9,0.049,0.049,1.24,0.124,Standard Loops,0.4914,0.4914,2.186,0.2229,222.9,0.09828,0.09828,0.4372,0.04458,44.58,4.123,4.123,18.34,1.8702,1870.2,6.131,6.131,155.73,15.573,1.196,1.196,30.38,3.038,Factory Option,Ultrasonically Passivate with Citric Acid for 10 mins At 131 Deg F,0.02898,0.652,0.652,16.56,1.656,Random,0.049,0.049,1.24,0.124
LE 049G 04 M,LE 049G 04 M,LE049G04M,Extension Spring,11,Stock,,Yes,Yes,Yes,Yes,Yes,Yes,Yes,Yes,Yes,Standard Extension Series (inch),NR,Music Wire,MW,ASTM A228,0.75,0.75,19.05,1.905,0.015,0.015,0.38,0.038,2.75,2.75,69.85,6.985,0.05,0.05,1.27,0.127,0.9,0.9,0.158,1.58,0.0161,0.161,16.1,161,0.09,0.09,0.0158,0.158,0.00161,0.0161,1.61,16.1,0.652,0.652,16.56,1.656,REF,Reference,Reference,Reference,27.8919,27.9,0.049,0.049,1.24,0.124,Standard Loops,0.59,0.59,2.624,0.2676,267.6,0.118,0.118,0.5249,0.05352,53.52,6.6,6.6,29.358,2.9938,2993.8,9.43,9.43,239.52,23.952,1.446,1.446,36.73,3.673,Factory Option,Zinc Plate and Bake per ASTM B633,0.03708,0.652,0.652,16.56,1.656,Random,0.049,0.049,1.24,0.124
LE 049G 04 S,LE 049G 04 S,LE049G04S,Extension Spring,11,Stock,,Yes,Yes,Yes,Yes,Yes,Yes,Yes,Yes,Yes,Standard Extension Series (inch),NR,Stainless Steel,SS,ASTM A313,0.75,0.75,19.05,1.905,0.015,0.015,0.38,0.038,2.75,2.75,69.85,6.985,0.05,0.05,1.27,0.127,0.75,0.75,0.131,1.31,0.0134,0.134,13.4,134,0.075,0.075,0.0131,0.131,0.00134,0.0134,1.34,13.4,0.652,0.652,16.56,1.656,REF,Reference,Reference,Reference,27.8919,27.9,0.049,0.049,1.24,0.124,Standard Loops,0.4914,0.4914,2.186,0.2229,222.9,0.09828,0.09828,0.4372,0.04458,44.58,5.4978,5.4978,24.455,2.4938,2493.8,9.43,9.43,239.52,23.952,1.446,1.446,36.73,3.673,Factory Option,Passivate per ASTM A967,0.03779,0.652,0.652,16.56,1.656,Random,0.049,0.049,1.24,0.124
LE 049G 04 S316,LE 049G 04 S316,LE049G04S316,Extension Spring,11,Stock,,Yes,Yes,Yes,Yes,Yes,Yes,Yes,Yes,Yes,Standard Extension Series (inch),NR,Stainless Steel Type 316,SS 316,ASTM A313,0.75,0.75,19.05,1.905,0.015,0.015,0.38,0.038,2.75,2.75,69.85,6.985,0.05,0.05,1.27,0.127,0.75,0.75,0.131,1.31,0.0134,0.134,13.4,134,0.075,0.075,0.0131,0.131,0.00134,0.0134,1.34,13.4,0.652,0.652,16.56,1.656,REF,Reference,Reference,Reference,27.8919,27.9,0.049,0.049,1.24,0.124,Standard Loops,0.4914,0.4914,2.186,0.2229,222.9,0.09828,0.09828,0.4372,0.04458,44.58,4.123,4.123,18.34,1.8702,1870.2,7.592,7.592,192.84,19.284,1.446,1.446,36.73,3.673,Factory Option,Ultrasonically Passivate with Citric Acid for 10 mins At 131 Deg F,0.03779,0.652,0.652,16.56,1.656,Random,0.049,0.049,1.24,0.124
LE 049G 05 M,LE 049G 05 M,LE049G05M,Extension Spring,11,Stock,,Yes,Yes,Yes,Yes,Yes,Yes,Yes,Yes,Yes,Standard Extension Series (inch),NR,Music Wire,MW,ASTM A228,0.75,0.75,19.05,1.905,0.015,0.015,0.38,0.038,3,3,76.2,7.62,0.05,0.05,1.27,0.127,0.8,0.8,0.14,1.4,0.0143,0.143,14.3,143,0.08,0.08,0.014,0.14,0.00143,0.0143,1.43,14.3,0.652,0.652,16.56,1.656,REF,Reference,Reference,Reference,31.3784,31.4,0.049,0.049,1.24,0.124,Standard Loops,0.59,0.59,2.624,0.2676,267.6,0.118,0.118,0.5249,0.05352,53.52,6.6,6.6,29.358,2.9938,2993.8,10.51,10.51,266.95,26.695,1.696,1.696,43.08,4.308,Factory Option,Zinc Plate and Bake per ASTM B633,0.04141,0.652,0.652,16.56,1.656,Random,0.049,0.049,1.24,0.124
LE 049G 05 S,LE 049G 05 S,LE049G05S,Extension Spring,11,Stock,,Yes,Yes,Yes,Yes,Yes,Yes,Yes,Yes,Yes,Standard Extension Series (inch),NR,Stainless Steel,SS,ASTM A313,0.75,0.75,19.05,1.905,0.015,0.015,0.38,0.038,3,3,76.2,7.62,0.05,0.05,1.27,0.127,0.67,0.67,0.117,1.17,0.012,0.12,12,120,0.067,0.067,0.0117,0.117,0.0012,0.012,1.2,12,0.652,0.652,16.56,1.656,REF,Reference,Reference,Reference,31.2223,31.2,0.049,0.049,1.24,0.124,Standard Loops,0.4914,0.4914,2.186,0.2229,222.9,0.09828,0.09828,0.4372,0.04458,44.58,5.4978,5.4978,24.455,2.4938,2493.8,10.51,10.51,266.95,26.695,1.696,1.696,43.08,4.308,Factory Option,Passivate per ASTM A967,0.042,0.652,0.652,16.56,1.656,Random,0.049,0.049,1.24,0.124
LE 049G 05 S316,LE 049G 05 S316,LE049G05S316,Extension Spring,11,Stock,,Yes,Yes,Yes,Yes,Yes,Yes,Yes,Yes,Yes,Standard Extension Series (inch),NR,Stainless Steel Type 316,SS 316,ASTM A313,0.75,0.75,19.05,1.905,0.015,0.015,0.38,0.038,3,3,76.2,7.62,0.05,0.05,1.27,0.127,0.67,0.67,0.117,1.17,0.012,0.12,12,120,0.067,0.067,0.0117,0.117,0.0012,0.012,1.2,12,0.652,0.652,16.56,1.656,REF,Reference,Reference,Reference,31.2223,31.2,0.049,0.049,1.24,0.124,Standard Loops,0.4914,0.4914,2.186,0.2229,222.9,0.09828,0.09828,0.4372,0.04458,44.58,4.123,4.123,18.34,1.8702,1870.2,8.42,8.42,213.87,21.387,1.696,1.696,43.08,4.308,Factory Option,Ultrasonically Passivate with Citric Acid for 10 mins At 131 Deg F,0.042,0.652,0.652,16.56,1.656,Random,0.049,0.049,1.24,0.124
LE 049G 06 M,LE 049G 06 M,LE049G06M,Extension Spring,11,Stock,,Yes,Yes,Yes,Yes,Yes,Yes,Yes,Yes,Yes,Standard Extension Series (inch),NR,Music Wire,MW,ASTM A228,0.75,0.75,19.05,1.905,0.015,0.015,0.38,0.038,3.25,3.25,82.55,8.255,0.06,0.06,1.52,0.152,0.7,0.7,0.123,1.23,0.0125,0.125,12.5,125,0.07,0.07,0.0123,0.123,0.00125,0.0125,1.25,12.5,0.652,0.652,16.56,1.656,REF,Reference,Reference,Reference,35.861,35.9,0.049,0.049,1.24,0.124,Standard Loops,0.59,0.59,2.624,0.2676,267.6,0.118,0.118,0.5249,0.05352,53.52,6.6,6.6,29.358,2.9938,2993.8,11.84,11.84,300.74,30.074,1.946,1.946,49.43,4.943,Factory Option,Zinc Plate and Bake per ASTM B633,0.04697,0.652,0.652,16.56,1.656,Random,0.049,0.049,1.24,0.124
LE 049G 06 S,LE 049G 06 S,LE049G06S,Extension Spring,11,Stock,,Yes,Yes,Yes,Yes,Yes,Yes,Yes,Yes,Yes,Standard Extension Series (inch),NR,Stainless Steel,SS,ASTM A313,0.75,0.75,19.05,1.905,0.015,0.015,0.38,0.038,3.25,3.25,82.55,8.255,0.06,0.06,1.52,0.152,0.58,0.58,0.102,1.02,0.0104,0.104,10.4,104,0.058,0.058,0.0102,0.102,0.00104,0.0104,1.04,10.4,0.652,0.652,16.56,1.656,REF,Reference,Reference,Reference,36.0671,36.1,0.049,0.049,1.24,0.124,Standard Loops,0.4914,0.4914,2.186,0.2229,222.9,0.09828,0.09828,0.4372,0.04458,44.58,5.4978,5.4978,24.455,2.4938,2493.8,11.84,11.84,300.74,30.074,1.946,1.946,49.43,4.943,Factory Option,Passivate per ASTM A967,0.04813,0.652,0.652,16.56,1.656,Random,0.049,0.049,1.24,0.124
LE 049G 06 S316,LE 049G 06 S316,LE049G06S316,Extension Spring,11,Stock,,Yes,Yes,Yes,Yes,Yes,Yes,Yes,Yes,Yes,Standard Extension Series (inch),NR,Stainless Steel Type 316,SS 316,ASTM A313,0.75,0.75,19.05,1.905,0.015,0.015,0.38,0.038,3.25,3.25,82.55,8.255,0.06,0.06,1.52,0.152,0.58,0.58,0.102,1.02,0.0104,0.104,10.4,104,0.058,0.058,0.0102,0.102,0.00104,0.0104,1.04,10.4,0.652,0.652,16.56,1.656,REF,Reference,Reference,Reference,36.0671,36.1,0.049,0.049,1.24,0.124,Standard Loops,0.4914,0.4914,2.186,0.2229,222.9,0.09828,0.09828,0.4372,0.04458,44.58,4.123,4.123,18.34,1.8702,1870.2,9.511,9.511,241.58,24.158,1.946,1.946,49.43,4.943,Factory Option,Ultrasonically Passivate with Citric Acid for 10 mins At 131 Deg F,0.04813,0.652,0.652,16.56,1.656,Random,0.049,0.049,1.24,0.124
LE 049G 07 M,LE 049G 07 M,LE049G07M,Extension Spring,11,Stock,,Yes,Yes,Yes,Yes,Yes,Yes,Yes,Yes,Yes,Standard Extension Series (inch),NR,Music Wire,MW,ASTM A228,0.75,0.75,19.05,1.905,0.015,0.015,0.38,0.038,3.5,3.5,88.9,8.89,0.06,0.06,1.52,0.152,0.6,0.6,0.105,1.05,0.0107,0.107,10.7,107,0.06,0.06,0.0105,0.105,0.00107,0.0107,1.07,10.7,0.652,0.652,16.56,1.656,REF,Reference,Reference,Reference,41.8379,41.8,0.049,0.049,1.24,0.124,Standard Loops,0.59,0.59,2.624,0.2676,267.6,0.118,0.118,0.5249,0.05352,53.52,6.6,6.6,29.358,2.9938,2993.8,13.52,13.52,343.41,34.341,2.196,2.196,55.78,5.578,Factory Option,Zinc Plate and Bake per ASTM B633,0.05439,0.652,0.652,16.56,1.656,Random,0.049,0.049,1.24,0.124
LE 049G 07 S,LE 049G 07 S,LE049G07S,Extension Spring,11,Stock,,Yes,Yes,Yes,Yes,Yes,Yes,Yes,Yes,Yes,Standard Extension Series (inch),NR,Stainless Steel,SS,ASTM A313,0.75,0.75,19.05,1.905,0.015,0.015,0.38,0.038,3.5,3.5,88.9,8.89,0.06,0.06,1.52,0.152,0.5,0.5,0.088,0.88,0.0089,0.089,8.9,89,0.05,0.05,0.0088,0.088,0.00089,0.0089,0.89,8.9,0.652,0.652,16.56,1.656,REF,Reference,Reference,Reference,41.8379,41.8,0.049,0.049,1.24,0.124,Standard Loops,0.4914,0.4914,2.186,0.2229,222.9,0.09828,0.09828,0.4372,0.04458,44.58,5.4978,5.4978,24.455,2.4938,2493.8,13.52,13.52,343.41,34.341,2.196,2.196,55.78,5.578,Factory Option,Passivate per ASTM A967,0.05542,0.652,0.652,16.56,1.656,Random,0.049,0.049,1.24,0.124
LE 049G 07 S316,LE 049G 07 S316,LE049G07S316,Extension Spring,11,Stock,,Yes,Yes,Yes,Yes,Yes,Yes,Yes,Yes,Yes,Standard Extension Series (inch),NR,Stainless Steel Type 316,SS 316,ASTM A313,0.75,0.75,19.05,1.905,0.015,0.015,0.38,0.038,3.5,3.5,88.9,8.89,0.06,0.06,1.52,0.152,0.5,0.5,0.088,0.88,0.0089,0.089,8.9,89,0.05,0.05,0.0088,0.088,0.00089,0.0089,0.89,8.9,0.652,0.652,16.56,1.656,REF,Reference,Reference,Reference,41.8379,41.8,0.049,0.049,1.24,0.124,Standard Loops,0.4914,0.4914,2.186,0.2229,222.9,0.09828,0.09828,0.4372,0.04458,44.58,4.123,4.123,18.34,1.8702,1870.2,10.763,10.763,273.38,27.338,2.196,2.196,55.78,5.578,Factory Option,Ultrasonically Passivate with Citric Acid for 10 mins At 131 Deg F,0.05542,0.652,0.652,16.56,1.656,Random,0.049,0.049,1.24,0.124
LE 052D 01 M,LE 052D 01 M,LE052D01M,Extension Spring,11,Stock,,Yes,Yes,Yes,Yes,Yes,Yes,Yes,Yes,Yes,Standard Extension Series (inch),NR,Music Wire,MW,ASTM A228,0.375,0.375,9.53,0.953,0.01,0.01,0.25,0.025,1,1,25.4,2.54,0.03,0.03,0.76,0.076,40.7,40.7,7.128,71.28,0.7268,7.268,726.8,7268,4.07,4.07,0.7128,7.128,0.07268,0.7268,72.68,726.8,0.271,0.271,6.88,0.688,REF,Reference,Reference,Reference,7.9965,8,0.052,0.052,1.32,0.132,Standard Loops,1.75,1.75,7.784,0.7938,793.8,0.35,0.35,1.5569,0.15876,158.76,15.5,15.5,68.947,7.0308,7030.8,1.34,1.34,34.04,3.404,0.458,0.458,11.63,1.163,Factory Option,Zinc Plate and Bake per ASTM B633,0.00644,0.271,0.271,6.88,0.688,Random,0.052,0.052,1.32,0.132
LE 052D 01 S,LE 052D 01 S,LE052D01S,Extension Spring,11,Stock,,Yes,Yes,Yes,Yes,Yes,Yes,Yes,Yes,Yes,Standard Extension Series (inch),NR,Stainless Steel,SS,ASTM A313,0.375,0.375,9.53,0.953,0.01,0.01,0.25,0.025,1,1,25.4,2.54,0.03,0.03,0.76,0.076,33.9,33.9,5.937,59.37,0.6054,6.054,605.4,6054,3.39,3.39,0.5937,5.937,0.06054,0.6054,60.54,605.4,0.271,0.271,6.88,0.688,REF,Reference,Reference,Reference,8.0004,8,0.052,0.052,1.32,0.132,Standard Loops,1.4577,1.4577,6.484,0.6612,661.2,0.29154,0.29154,1.2968,0.13224,132.24,12.9115,12.9115,57.433,5.8567,5856.7,1.34,1.34,34.04,3.404,0.458,0.458,11.63,1.163,Factory Option,Passivate per ASTM A967,0.00656,0.271,0.271,6.88,0.688,Random,0.052,0.052,1.32,0.132
LE 052D 01 S316,LE 052D 01 S316,LE052D01S316,Extension Spring,11,Stock,,Yes,Yes,Yes,Yes,Yes,Yes,Yes,Yes,Yes,Standard Extension Series (inch),NR,Stainless Steel Type 316,SS 316,ASTM A313,0.375,0.375,9.53,0.953,0.01,0.01,0.25,0.025,1,1,25.4,2.54,0.03,0.03,0.76,0.076,33.9,33.9,5.937,59.37,0.6054,6.054,605.4,6054,3.39,3.39,0.5937,5.937,0.06054,0.6054,60.54,605.4,0.271,0.271,6.88,0.688,REF,Reference,Reference,Reference,8.0004,8,0.052,0.052,1.32,0.132,Standard Loops,1.4577,1.4577,6.484,0.6612,661.2,0.29154,0.29154,1.2968,0.13224,132.24,9.683,9.683,43.072,4.3922,4392.2,1.242,1.242,31.55,3.155,0.458,0.458,11.63,1.163,Factory Option,Ultrasonically Passivate with Citric Acid for 10 mins At 131 Deg F,0.00656,0.271,0.271,6.88,0.688,Random,0.052,0.052,1.32,0.132
LE 052D 02 M,LE 052D 02 M,LE052D02M,Extension Spring,11,Stock,,Yes,Yes,Yes,Yes,Yes,Yes,Yes,Yes,Yes,Standard Extension Series (inch),NR,Music Wire,MW,ASTM A228,0.375,0.375,9.53,0.953,0.01,0.01,0.25,0.025,1.125,1.125,28.58,2.858,0.035,0.035,0.89,0.089,31,31,5.429,54.29,0.5536,5.536,553.6,5536,3.1,3.1,0.5429,5.429,0.05536,0.5536,55.36,553.6,0.271,0.271,6.88,0.688,REF,Reference,Reference,Reference,10.4986,10.5,0.052,0.052,1.32,0.132,Standard Loops,1.75,1.75,7.784,0.7938,793.8,0.35,0.35,1.5569,0.15876,158.76,15.5,15.5,68.947,7.0308,7030.8,1.565,1.565,39.75,3.975,0.583,0.583,14.81,1.481,Factory Option,Zinc Plate and Bake per ASTM B633,0.00805,0.271,0.271,6.88,0.688,Random,0.052,0.052,1.32,0.132
LE 052D 02 S,LE 052D 02 S,LE052D02S,Extension Spring,11,Stock,,Yes,Yes,Yes,Yes,Yes,Yes,Yes,Yes,Yes,Standard Extension Series (inch),NR,Stainless Steel,SS,ASTM A313,0.375,0.375,9.53,0.953,0.01,0.01,0.25,0.025,1.125,1.125,28.58,2.858,0.035,0.035,0.89,0.089,25.82,25.82,4.522,45.22,0.4611,4.611,461.1,4611,2.582,2.582,0.4522,4.522,0.04611,0.4611,46.11,461.1,0.271,0.271,6.88,0.688,REF,Reference,Reference,Reference,10.5041,10.5,0.052,0.052,1.32,0.132,Standard Loops,1.4577,1.4577,6.484,0.6612,661.2,0.29154,0.29154,1.2968,0.13224,132.24,12.9115,12.9115,57.433,5.8567,5856.7,1.565,1.565,39.75,3.975,0.583,0.583,14.81,1.481,Factory Option,Passivate per ASTM A967,0.0082,0.271,0.271,6.88,0.688,Random,0.052,0.052,1.32,0.132
LE 052D 02 S316,LE 052D 02 S316,LE052D02S316,Extension Spring,11,Stock,,Yes,Yes,Yes,Yes,Yes,Yes,Yes,Yes,Yes,Standard Extension Series (inch),NR,Stainless Steel Type 316,SS 316,ASTM A313,0.375,0.375,9.53,0.953,0.01,0.01,0.25,0.025,1.125,1.125,28.58,2.858,0.035,0.035,0.89,0.089,25.82,25.82,4.522,45.22,0.4611,4.611,461.1,4611,2.582,2.582,0.4522,4.522,0.04611,0.4611,46.11,461.1,0.271,0.271,6.88,0.688,REF,Reference,Reference,Reference,10.5041,10.5,0.052,0.052,1.32,0.132,Standard Loops,1.4577,1.4577,6.484,0.6612,661.2,0.29154,0.29154,1.2968,0.13224,132.24,9.683,9.683,43.072,4.3922,4392.2,1.443,1.443,36.65,3.665,0.583,0.583,14.81,1.481,Factory Option,Ultrasonically Passivate with Citric Acid for 10 mins At 131 Deg F,0.0082,0.271,0.271,6.88,0.688,Random,0.052,0.052,1.32,0.132
LE 052D 03 M,LE 052D 03 M,LE052D03M,Extension Spring,11,Stock,,Yes,Yes,Yes,Yes,Yes,Yes,Yes,Yes,Yes,Standard Extension Series (inch),NR,Music Wire,MW,ASTM A228,0.375,0.375,9.53,0.953,0.01,0.01,0.25,0.025,1.25,1.25,31.75,3.175,0.035,0.035,0.89,0.089,25,25,4.378,43.78,0.4465,4.465,446.5,4465,2.5,2.5,0.4378,4.378,0.04465,0.4465,44.65,446.5,0.271,0.271,6.88,0.688,REF,Reference,Reference,Reference,13.0183,13,0.052,0.052,1.32,0.132,Standard Loops,1.75,1.75,7.784,0.7938,793.8,0.35,0.35,1.5569,0.15876,158.76,15.5,15.5,68.947,7.0308,7030.8,1.8,1.8,45.72,4.572,0.708,0.708,17.98,1.798,Factory Option,Zinc Plate and Bake per ASTM B633,0.00967,0.271,0.271,6.88,0.688,Random,0.052,0.052,1.32,0.132
LE 052D 03 S,LE 052D 03 S,LE052D03S,Extension Spring,11,Stock,,Yes,Yes,Yes,Yes,Yes,Yes,Yes,Yes,Yes,Standard Extension Series (inch),NR,Stainless Steel,SS,ASTM A313,0.375,0.375,9.53,0.953,0.01,0.01,0.25,0.025,1.25,1.25,31.75,3.175,0.035,0.035,0.89,0.089,20.83,20.83,3.648,36.48,0.372,3.72,372,3720,2.083,2.083,0.3648,3.648,0.0372,0.372,37.2,372,0.271,0.271,6.88,0.688,REF,Reference,Reference,Reference,13.0204,13,0.052,0.052,1.32,0.132,Standard Loops,1.4577,1.4577,6.484,0.6612,661.2,0.29154,0.29154,1.2968,0.13224,132.24,12.9115,12.9115,57.433,5.8567,5856.7,1.8,1.8,45.72,4.572,0.708,0.708,17.98,1.798,Factory Option,Passivate per ASTM A967,0.00985,0.271,0.271,6.88,0.688,Random,0.052,0.052,1.32,0.132
LE 052D 03 S316,LE 052D 03 S316,LE052D03S316,Extension Spring,11,Stock,,Yes,Yes,Yes,Yes,Yes,Yes,Yes,Yes,Yes,Standard Extension Series (inch),NR,Stainless Steel Type 316,SS 316,ASTM A313,0.375,0.375,9.53,0.953,0.01,0.01,0.25,0.025,1.25,1.25,31.75,3.175,0.035,0.035,0.89,0.089,20.83,20.83,3.648,36.48,0.372,3.72,372,3720,2.083,2.083,0.3648,3.648,0.0372,0.372,37.2,372,0.271,0.271,6.88,0.688,REF,Reference,Reference,Reference,13.0204,13,0.052,0.052,1.32,0.132,Standard Loops,1.4577,1.4577,6.484,0.6612,661.2,0.29154,0.29154,1.2968,0.13224,132.24,9.683,9.683,43.072,4.3922,4392.2,1.644,1.644,41.76,4.176,0.708,0.708,17.98,1.798,Factory Option,Ultrasonically Passivate with Citric Acid for 10 mins At 131 Deg F,0.00985,0.271,0.271,6.88,0.688,Random,0.052,0.052,1.32,0.132
LE 052D 04 M,LE 052D 04 M,LE052D04M,Extension Spring,11,Stock,,Yes,Yes,Yes,Yes,Yes,Yes,Yes,Yes,Yes,Standard Extension Series (inch),NR,Music Wire,MW,ASTM A228,0.375,0.375,9.53,0.953,0.01,0.01,0.25,0.025,1.375,1.375,34.93,3.493,0.035,0.035,0.89,0.089,21.7,21.7,3.8,38,0.3875,3.875,387.5,3875,2.17,2.17,0.38,3.8,0.03875,0.3875,38.75,387.5,0.271,0.271,6.88,0.688,REF,Reference,Reference,Reference,14.9981,15,0.052,0.052,1.32,0.132,Standard Loops,1.75,1.75,7.784,0.7938,793.8,0.35,0.35,1.5569,0.15876,158.76,15.5,15.5,68.947,7.0308,7030.8,2.005,2.005,50.93,5.093,0.833,0.833,21.16,2.116,Factory Option,Zinc Plate and Bake per ASTM B633,0.01094,0.271,0.271,6.88,0.688,Random,0.052,0.052,1.32,0.132
LE 052D 04 S,LE 052D 04 S,LE052D04S,Extension Spring,11,Stock,,Yes,Yes,Yes,Yes,Yes,Yes,Yes,Yes,Yes,Standard Extension Series (inch),NR,Stainless Steel,SS,ASTM A313,0.375,0.375,9.53,0.953,0.01,0.01,0.25,0.025,1.375,1.375,34.93,3.493,0.035,0.035,0.89,0.089,18.08,18.08,3.166,31.66,0.3229,3.229,322.9,3229,1.808,1.808,0.3166,3.166,0.03229,0.3229,32.29,322.9,0.271,0.271,6.88,0.688,REF,Reference,Reference,Reference,15.0009,15,0.052,0.052,1.32,0.132,Standard Loops,1.4577,1.4577,6.484,0.6612,661.2,0.29154,0.29154,1.2968,0.13224,132.24,12.9115,12.9115,57.433,5.8567,5856.7,2.005,2.005,50.93,5.093,0.833,0.833,21.16,2.116,Factory Option,Passivate per ASTM A967,0.01115,0.271,0.271,6.88,0.688,Random,0.052,0.052,1.32,0.132
LE 052D 04 S316,LE 052D 04 S316,LE052D04S316,Extension Spring,11,Stock,,Yes,Yes,Yes,Yes,Yes,Yes,Yes,Yes,Yes,Standard Extension Series (inch),NR,Stainless Steel Type 316,SS 316,ASTM A313,0.375,0.375,9.53,0.953,0.01,0.01,0.25,0.025,1.375,1.375,34.93,3.493,0.035,0.035,0.89,0.089,18.08,18.08,3.166,31.66,0.3229,3.229,322.9,3229,1.808,1.808,0.3166,3.166,0.03229,0.3229,32.29,322.9,0.271,0.271,6.88,0.688,REF,Reference,Reference,Reference,15.0009,15,0.052,0.052,1.32,0.132,Standard Loops,1.4577,1.4577,6.484,0.6612,661.2,0.29154,0.29154,1.2968,0.13224,132.24,9.683,9.683,43.072,4.3922,4392.2,1.829,1.829,46.46,4.646,0.833,0.833,21.16,2.116,Factory Option,Ultrasonically Passivate with Citric Acid for 10 mins At 131 Deg F,0.01115,0.271,0.271,6.88,0.688,Random,0.052,0.052,1.32,0.132
LE 052D 05 M,LE 052D 05 M,LE052D05M,Extension Spring,11,Stock,,Yes,Yes,Yes,Yes,Yes,Yes,Yes,Yes,Yes,Standard Extension Series (inch),NR,Music Wire,MW,ASTM A228,0.375,0.375,9.53,0.953,0.01,0.01,0.25,0.025,1.5,1.5,38.1,3.81,0.035,0.035,0.89,0.089,18.6,18.6,3.257,32.57,0.3322,3.322,332.2,3322,1.86,1.86,0.3257,3.257,0.03322,0.3322,33.22,332.2,0.271,0.271,6.88,0.688,REF,Reference,Reference,Reference,17.4978,17.5,0.052,0.052,1.32,0.132,Standard Loops,1.75,1.75,7.784,0.7938,793.8,0.35,0.35,1.5569,0.15876,158.76,15.5,15.5,68.947,7.0308,7030.8,2.24,2.24,56.9,5.69,0.958,0.958,24.33,2.433,Factory Option,Zinc Plate and Bake per ASTM B633,0.01255,0.271,0.271,6.88,0.688,Random,0.052,0.052,1.32,0.132
LE 052D 05 S,LE 052D 05 S,LE052D05S,Extension Spring,11,Stock,,Yes,Yes,Yes,Yes,Yes,Yes,Yes,Yes,Yes,Standard Extension Series (inch),NR,Stainless Steel,SS,ASTM A313,0.375,0.375,9.53,0.953,0.01,0.01,0.25,0.025,1.5,1.5,38.1,3.81,0.035,0.035,0.89,0.089,15.49,15.49,2.713,27.13,0.2766,2.766,276.6,2766,1.549,1.549,0.2713,2.713,0.02766,0.2766,27.66,276.6,0.271,0.271,6.88,0.688,REF,Reference,Reference,Reference,17.5091,17.5,0.052,0.052,1.32,0.132,Standard Loops,1.4577,1.4577,6.484,0.6612,661.2,0.29154,0.29154,1.2968,0.13224,132.24,12.9115,12.9115,57.433,5.8567,5856.7,2.24,2.24,56.9,5.69,0.958,0.958,24.33,2.433,Factory Option,Passivate per ASTM A967,0.0128,0.271,0.271,6.88,0.688,Random,0.052,0.052,1.32,0.132
LE 052D 05 S316,LE 052D 05 S316,LE052D05S316,Extension Spring,11,Stock,,Yes,Yes,Yes,Yes,Yes,Yes,Yes,Yes,Yes,Standard Extension Series (inch),NR,Stainless Steel Type 316,SS 316,ASTM A313,0.375,0.375,9.53,0.953,0.01,0.01,0.25,0.025,1.5,1.5,38.1,3.81,0.035,0.035,0.89,0.089,15.49,15.49,2.713,27.13,0.2766,2.766,276.6,2766,1.549,1.549,0.2713,2.713,0.02766,0.2766,27.66,276.6,0.271,0.271,6.88,0.688,REF,Reference,Reference,Reference,17.5091,17.5,0.052,0.052,1.32,0.132,Standard Loops,1.4577,1.4577,6.484,0.6612,661.2,0.29154,0.29154,1.2968,0.13224,132.24,9.683,9.683,43.072,4.3922,4392.2,2.031,2.031,51.59,5.159,0.958,0.958,24.33,2.433,Factory Option,Ultrasonically Passivate with Citric Acid for 10 mins At 131 Deg F,0.0128,0.271,0.271,6.88,0.688,Random,0.052,0.052,1.32,0.132
LE 052D 06 M,LE 052D 06 M,LE052D06M,Extension Spring,11,Stock,,Yes,Yes,Yes,Yes,Yes,Yes,Yes,Yes,Yes,Standard Extension Series (inch),NR,Music Wire,MW,ASTM A228,0.375,0.375,9.53,0.953,0.01,0.01,0.25,0.025,1.75,1.75,44.45,4.445,0.04,0.04,1.02,0.102,14.5,14.5,2.539,25.39,0.2589,2.589,258.9,2589,1.45,1.45,0.2539,2.539,0.02589,0.2589,25.89,258.9,0.271,0.271,6.88,0.688,REF,Reference,Reference,Reference,22.4454,22.4,0.052,0.052,1.32,0.132,Standard Loops,1.75,1.75,7.784,0.7938,793.8,0.35,0.35,1.5569,0.15876,158.76,15.5,15.5,68.947,7.0308,7030.8,2.7,2.7,68.58,6.858,1.208,1.208,30.68,3.068,Factory Option,Zinc Plate and Bake per ASTM B633,0.01574,0.271,0.271,6.88,0.688,Random,0.052,0.052,1.32,0.132
LE 052D 06 S,LE 052D 06 S,LE052D06S,Extension Spring,11,Stock,,Yes,Yes,Yes,Yes,Yes,Yes,Yes,Yes,Yes,Standard Extension Series (inch),NR,Stainless Steel,SS,ASTM A313,0.375,0.375,9.53,0.953,0.01,0.01,0.25,0.025,1.75,1.75,44.45,4.445,0.04,0.04,1.02,0.102,12.08,12.08,2.116,21.16,0.2157,2.157,215.7,2157,1.208,1.208,0.2116,2.116,0.02157,0.2157,21.57,215.7,0.271,0.271,6.88,0.688,REF,Reference,Reference,Reference,22.4516,22.5,0.052,0.052,1.32,0.132,Standard Loops,1.4577,1.4577,6.484,0.6612,661.2,0.29154,0.29154,1.2968,0.13224,132.24,12.9115,12.9115,57.433,5.8567,5856.7,2.7,2.7,68.58,6.858,1.208,1.208,30.68,3.068,Factory Option,Passivate per ASTM A967,0.01604,0.271,0.271,6.88,0.688,Random,0.052,0.052,1.32,0.132
LE 052D 06 S316,LE 052D 06 S316,LE052D06S316,Extension Spring,11,Stock,,Yes,Yes,Yes,Yes,Yes,Yes,Yes,Yes,Yes,Standard Extension Series (inch),NR,Stainless Steel Type 316,SS 316,ASTM A313,0.375,0.375,9.53,0.953,0.01,0.01,0.25,0.025,1.75,1.75,44.45,4.445,0.04,0.04,1.02,0.102,12.08,12.08,2.116,21.16,0.2157,2.157,215.7,2157,1.208,1.208,0.2116,2.116,0.02157,0.2157,21.57,215.7,0.271,0.271,6.88,0.688,REF,Reference,Reference,Reference,22.4516,22.5,0.052,0.052,1.32,0.132,Standard Loops,1.4577,1.4577,6.484,0.6612,661.2,0.29154,0.29154,1.2968,0.13224,132.24,9.683,9.683,43.072,4.3922,4392.2,2.43,2.43,61.72,6.172,1.208,1.208,30.68,3.068,Factory Option,Ultrasonically Passivate with Citric Acid for 10 mins At 131 Deg F,0.01604,0.271,0.271,6.88,0.688,Random,0.052,0.052,1.32,0.132
LE 052D 07 M,LE 052D 07 M,LE052D07M,Extension Spring,11,Stock,,Yes,Yes,Yes,Yes,Yes,Yes,Yes,Yes,Yes,Standard Extension Series (inch),NR,Music Wire,MW,ASTM A228,0.375,0.375,9.53,0.953,0.01,0.01,0.25,0.025,2,2,50.8,5.08,0.04,0.04,1.02,0.102,13.1,13.1,2.294,22.94,0.2339,2.339,233.9,2339,1.31,1.31,0.2294,2.294,0.02339,0.2339,23.39,233.9,0.271,0.271,6.88,0.688,REF,Reference,Reference,Reference,24.8442,24.8,0.052,0.052,1.32,0.132,Standard Loops,1.75,1.75,7.784,0.7938,793.8,0.35,0.35,1.5569,0.15876,158.76,15.5,15.5,68.947,7.0308,7030.8,3.05,3.05,77.47,7.747,1.458,1.458,37.03,3.703,Factory Option,Zinc Plate and Bake per ASTM B633,0.01728,0.271,0.271,6.88,0.688,Random,0.052,0.052,1.32,0.132
LE 052D 07 S,LE 052D 07 S,LE052D07S,Extension Spring,11,Stock,,Yes,Yes,Yes,Yes,Yes,Yes,Yes,Yes,Yes,Standard Extension Series (inch),NR,Stainless Steel,SS,ASTM A313,0.375,0.375,9.53,0.953,0.01,0.01,0.25,0.025,2,2,50.8,5.08,0.04,0.04,1.02,0.102,10.91,10.91,1.911,19.11,0.1948,1.948,194.8,1948,1.091,1.091,0.1911,1.911,0.01948,0.1948,19.48,194.8,0.271,0.271,6.88,0.688,REF,Reference,Reference,Reference,24.8594,24.9,0.052,0.052,1.32,0.132,Standard Loops,1.4577,1.4577,6.484,0.6612,661.2,0.29154,0.29154,1.2968,0.13224,132.24,12.9115,12.9115,57.433,5.8567,5856.7,3.05,3.05,77.47,7.747,1.458,1.458,37.03,3.703,Factory Option,Passivate per ASTM A967,0.01762,0.271,0.271,6.88,0.688,Random,0.052,0.052,1.32,0.132
LE 052D 07 S316,LE 052D 07 S316,LE052D07S316,Extension Spring,11,Stock,,Yes,Yes,Yes,Yes,Yes,Yes,Yes,Yes,Yes,Standard Extension Series (inch),NR,Stainless Steel Type 316,SS 316,ASTM A313,0.375,0.375,9.53,0.953,0.01,0.01,0.25,0.025,2,2,50.8,5.08,0.04,0.04,1.02,0.102,10.91,10.91,1.911,19.11,0.1948,1.948,194.8,1948,1.091,1.091,0.1911,1.911,0.01948,0.1948,19.48,194.8,0.271,0.271,6.88,0.688,REF,Reference,Reference,Reference,24.8594,24.9,0.052,0.052,1.32,0.132,Standard Loops,1.4577,1.4577,6.484,0.6612,661.2,0.29154,0.29154,1.2968,0.13224,132.24,9.683,9.683,43.072,4.3922,4392.2,2.753,2.753,69.93,6.993,1.458,1.458,37.03,3.703,Factory Option,Ultrasonically Passivate with Citric Acid for 10 mins At 131 Deg F,0.01762,0.271,0.271,6.88,0.688,Random,0.052,0.052,1.32,0.132
LE 052D 08 M,LE 052D 08 M,LE052D08M,Extension Spring,11,Stock,,Yes,Yes,Yes,Yes,Yes,Yes,Yes,Yes,Yes,Standard Extension Series (inch),NR,Music Wire,MW,ASTM A228,0.375,0.375,9.53,0.953,0.01,0.01,0.25,0.025,2.25,2.25,57.15,5.715,0.05,0.05,1.27,0.127,10.2,10.2,1.786,17.86,0.1822,1.822,182.2,1822,1.02,1.02,0.1786,1.786,0.01822,0.1822,18.22,182.2,0.271,0.271,6.88,0.688,REF,Reference,Reference,Reference,31.9078,31.9,0.052,0.052,1.32,0.132,Standard Loops,1.75,1.75,7.784,0.7938,793.8,0.35,0.35,1.5569,0.15876,158.76,15.5,15.5,68.947,7.0308,7030.8,3.6,3.6,91.44,9.144,1.708,1.708,43.38,4.338,Factory Option,Zinc Plate and Bake per ASTM B633,0.02183,0.271,0.271,6.88,0.688,Random,0.052,0.052,1.32,0.132
LE 052D 08 S,LE 052D 08 S,LE052D08S,Extension Spring,11,Stock,,Yes,Yes,Yes,Yes,Yes,Yes,Yes,Yes,Yes,Standard Extension Series (inch),NR,Stainless Steel,SS,ASTM A313,0.375,0.375,9.53,0.953,0.01,0.01,0.25,0.025,2.25,2.25,57.15,5.715,0.05,0.05,1.27,0.127,8.5,8.5,1.489,14.89,0.1518,1.518,151.8,1518,0.85,0.85,0.1489,1.489,0.01518,0.1518,15.18,151.8,0.271,0.271,6.88,0.688,REF,Reference,Reference,Reference,31.9078,31.9,0.052,0.052,1.32,0.132,Standard Loops,1.4577,1.4577,6.484,0.6612,661.2,0.29154,0.29154,1.2968,0.13224,132.24,12.9115,12.9115,57.433,5.8567,5856.7,3.6,3.6,91.44,9.144,1.708,1.708,43.38,4.338,Factory Option,Passivate per ASTM A967,0.02224,0.271,0.271,6.88,0.688,Random,0.052,0.052,1.32,0.132
LE 052D 08 S316,LE 052D 08 S316,LE052D08S316,Extension Spring,11,Stock,,Yes,Yes,Yes,Yes,Yes,Yes,Yes,Yes,Yes,Standard Extension Series (inch),NR,Stainless Steel Type 316,SS 316,ASTM A313,0.375,0.375,9.53,0.953,0.01,0.01,0.25,0.025,2.25,2.25,57.15,5.715,0.05,0.05,1.27,0.127,8.5,8.5,1.489,14.89,0.1518,1.518,151.8,1518,0.85,0.85,0.1489,1.489,0.01518,0.1518,15.18,151.8,0.271,0.271,6.88,0.688,REF,Reference,Reference,Reference,31.9078,31.9,0.052,0.052,1.32,0.132,Standard Loops,1.4577,1.4577,6.484,0.6612,661.2,0.29154,0.29154,1.2968,0.13224,132.24,9.683,9.683,43.072,4.3922,4392.2,3.217,3.217,81.71,8.171,1.708,1.708,43.38,4.338,Factory Option,Ultrasonically Passivate with Citric Acid for 10 mins At 131 Deg F,0.02224,0.271,0.271,6.88,0.688,Random,0.052,0.052,1.32,0.132
LE 052D 09 M,LE 052D 09 M,LE052D09M,Extension Spring,11,Stock,,Yes,Yes,Yes,Yes,Yes,Yes,Yes,Yes,Yes,Standard Extension Series (inch),NR,Music Wire,MW,ASTM A228,0.375,0.375,9.53,0.953,0.01,0.01,0.25,0.025,2.5,2.5,63.5,6.35,0.05,0.05,1.27,0.127,8.8,8.8,1.541,15.41,0.1572,1.572,157.2,1572,0.88,0.88,0.1541,1.541,0.01572,0.1572,15.72,157.2,0.271,0.271,6.88,0.688,REF,Reference,Reference,Reference,36.984,37,0.052,0.052,1.32,0.132,Standard Loops,1.75,1.75,7.784,0.7938,793.8,0.35,0.35,1.5569,0.15876,158.76,15.5,15.5,68.947,7.0308,7030.8,4.06,4.06,103.12,10.312,1.958,1.958,49.73,4.973,Factory Option,Zinc Plate and Bake per ASTM B633,0.0251,0.271,0.271,6.88,0.688,Random,0.052,0.052,1.32,0.132
LE 052D 09 S,LE 052D 09 S,LE052D09S,Extension Spring,11,Stock,,Yes,Yes,Yes,Yes,Yes,Yes,Yes,Yes,Yes,Standard Extension Series (inch),NR,Stainless Steel,SS,ASTM A313,0.375,0.375,9.53,0.953,0.01,0.01,0.25,0.025,2.5,2.5,63.5,6.35,0.05,0.05,1.27,0.127,7.33,7.33,1.284,12.84,0.1309,1.309,130.9,1309,0.733,0.733,0.1284,1.284,0.01309,0.1309,13.09,130.9,0.271,0.271,6.88,0.688,REF,Reference,Reference,Reference,37.0008,37,0.052,0.052,1.32,0.132,Standard Loops,1.4577,1.4577,6.484,0.6612,661.2,0.29154,0.29154,1.2968,0.13224,132.24,12.9115,12.9115,57.433,5.8567,5856.7,4.06,4.06,103.12,10.312,1.958,1.958,49.73,4.973,Factory Option,Passivate per ASTM A967,0.02559,0.271,0.271,6.88,0.688,Random,0.052,0.052,1.32,0.132
LE 052D 09 S316,LE 052D 09 S316,LE052D09S316,Extension Spring,11,Stock,,Yes,Yes,Yes,Yes,Yes,Yes,Yes,Yes,Yes,Standard Extension Series (inch),NR,Stainless Steel Type 316,SS 316,ASTM A313,0.375,0.375,9.53,0.953,0.01,0.01,0.25,0.025,2.5,2.5,63.5,6.35,0.05,0.05,1.27,0.127,7.33,7.33,1.284,12.84,0.1309,1.309,130.9,1309,0.733,0.733,0.1284,1.284,0.01309,0.1309,13.09,130.9,0.271,0.271,6.88,0.688,REF,Reference,Reference,Reference,37.0008,37,0.052,0.052,1.32,0.132,Standard Loops,1.4577,1.4577,6.484,0.6612,661.2,0.29154,0.29154,1.2968,0.13224,132.24,9.683,9.683,43.072,4.3922,4392.2,3.622,3.622,92,9.2,1.958,1.958,49.73,4.973,Factory Option,Ultrasonically Passivate with Citric Acid for 10 mins At 131 Deg F,0.02559,0.271,0.271,6.88,0.688,Random,0.052,0.052,1.32,0.132
LE 052D 10 M,LE 052D 10 M,LE052D10M,Extension Spring,11,Stock,,Yes,Yes,Yes,Yes,Yes,Yes,Yes,Yes,Yes,Standard Extension Series (inch),NR,Music Wire,MW,ASTM A228,0.375,0.375,9.53,0.953,0.01,0.01,0.25,0.025,2.75,2.75,69.85,6.985,0.05,0.05,1.27,0.127,7.8,7.8,1.366,13.66,0.1393,1.393,139.3,1393,0.78,0.78,0.1366,1.366,0.01393,0.1393,13.93,139.3,0.271,0.271,6.88,0.688,REF,Reference,Reference,Reference,41.7255,41.7,0.052,0.052,1.32,0.132,Standard Loops,1.75,1.75,7.784,0.7938,793.8,0.35,0.35,1.5569,0.15876,158.76,15.5,15.5,68.947,7.0308,7030.8,4.51,4.51,114.55,11.455,2.208,2.208,56.08,5.608,Factory Option,Zinc Plate and Bake per ASTM B633,0.02815,0.271,0.271,6.88,0.688,Random,0.052,0.052,1.32,0.132
LE 052D 10 S,LE 052D 10 S,LE052D10S,Extension Spring,11,Stock,,Yes,Yes,Yes,Yes,Yes,Yes,Yes,Yes,Yes,Standard Extension Series (inch),NR,Stainless Steel,SS,ASTM A313,0.375,0.375,9.53,0.953,0.01,0.01,0.25,0.025,2.75,2.75,69.85,6.985,0.05,0.05,1.27,0.127,6.5,6.5,1.138,11.38,0.1161,1.161,116.1,1161,0.65,0.65,0.1138,1.138,0.01161,0.1161,11.61,116.1,0.271,0.271,6.88,0.688,REF,Reference,Reference,Reference,41.7255,41.7,0.052,0.052,1.32,0.132,Standard Loops,1.4577,1.4577,6.484,0.6612,661.2,0.29154,0.29154,1.2968,0.13224,132.24,12.9115,12.9115,57.433,5.8567,5856.7,4.51,4.51,114.55,11.455,2.208,2.208,56.08,5.608,Factory Option,Passivate per ASTM A967,0.02869,0.271,0.271,6.88,0.688,Random,0.052,0.052,1.32,0.132
LE 052D 10 S316,LE 052D 10 S316,LE052D10S316,Extension Spring,11,Stock,,Yes,Yes,Yes,Yes,Yes,Yes,Yes,Yes,Yes,Standard Extension Series (inch),NR,Stainless Steel Type 316,SS 316,ASTM A313,0.375,0.375,9.53,0.953,0.01,0.01,0.25,0.025,2.75,2.75,69.85,6.985,0.05,0.05,1.27,0.127,6.5,6.5,1.138,11.38,0.1161,1.161,116.1,1161,0.65,0.65,0.1138,1.138,0.01161,0.1161,11.61,116.1,0.271,0.271,6.88,0.688,REF,Reference,Reference,Reference,41.7255,41.7,0.052,0.052,1.32,0.132,Standard Loops,1.4577,1.4577,6.484,0.6612,661.2,0.29154,0.29154,1.2968,0.13224,132.24,9.683,9.683,43.072,4.3922,4392.2,4.015,4.015,101.98,10.198,2.208,2.208,56.08,5.608,Factory Option,Ultrasonically Passivate with Citric Acid for 10 mins At 131 Deg F,0.02869,0.271,0.271,6.88,0.688,Random,0.052,0.052,1.32,0.132
LE 052D 11 M,LE 052D 11 M,LE052D11M,Extension Spring,11,Stock,,Yes,Yes,Yes,Yes,Yes,Yes,Yes,Yes,Yes,Standard Extension Series (inch),NR,Music Wire,MW,ASTM A228,0.375,0.375,9.53,0.953,0.01,0.01,0.25,0.025,3,3,76.2,7.62,0.05,0.05,1.27,0.127,7,7,1.226,12.26,0.125,1.25,125,1250,0.7,0.7,0.1226,1.226,0.0125,0.125,12.5,125,0.271,0.271,6.88,0.688,REF,Reference,Reference,Reference,46.4942,46.5,0.052,0.052,1.32,0.132,Standard Loops,1.75,1.75,7.784,0.7938,793.8,0.35,0.35,1.5569,0.15876,158.76,15.5,15.5,68.947,7.0308,7030.8,4.96,4.96,125.98,12.598,2.458,2.458,62.43,6.243,Factory Option,Zinc Plate and Bake per ASTM B633,0.03122,0.271,0.271,6.88,0.688,Random,0.052,0.052,1.32,0.132
LE 052D 11 S,LE 052D 11 S,LE052D11S,Extension Spring,11,Stock,,Yes,Yes,Yes,Yes,Yes,Yes,Yes,Yes,Yes,Standard Extension Series (inch),NR,Stainless Steel,SS,ASTM A313,0.375,0.375,9.53,0.953,0.01,0.01,0.25,0.025,3,3,76.2,7.62,0.05,0.05,1.27,0.127,5.83,5.83,1.021,10.21,0.1041,1.041,104.1,1041,0.583,0.583,0.1021,1.021,0.01041,0.1041,10.41,104.1,0.271,0.271,6.88,0.688,REF,Reference,Reference,Reference,46.5208,46.5,0.052,0.052,1.32,0.132,Standard Loops,1.4577,1.4577,6.484,0.6612,661.2,0.29154,0.29154,1.2968,0.13224,132.24,12.9115,12.9115,57.433,5.8567,5856.7,4.96,4.96,125.98,12.598,2.458,2.458,62.43,6.243,Factory Option,Passivate per ASTM A967,0.03183,0.271,0.271,6.88,0.688,Random,0.052,0.052,1.32,0.132
LE 052D 11 S316,LE 052D 11 S316,LE052D11S316,Extension Spring,11,Stock,,Yes,Yes,Yes,Yes,Yes,Yes,Yes,Yes,Yes,Standard Extension Series (inch),NR,Stainless Steel Type 316,SS 316,ASTM A313,0.375,0.375,9.53,0.953,0.01,0.01,0.25,0.025,3,3,76.2,7.62,0.05,0.05,1.27,0.127,5.83,5.83,1.021,10.21,0.1041,1.041,104.1,1041,0.583,0.583,0.1021,1.021,0.01041,0.1041,10.41,104.1,0.271,0.271,6.88,0.688,REF,Reference,Reference,Reference,46.5208,46.5,0.052,0.052,1.32,0.132,Standard Loops,1.4577,1.4577,6.484,0.6612,661.2,0.29154,0.29154,1.2968,0.13224,132.24,9.683,9.683,43.072,4.3922,4392.2,4.41,4.41,112.01,11.201,2.458,2.458,62.43,6.243,Factory Option,Ultrasonically Passivate with Citric Acid for 10 mins At 131 Deg F,0.03183,0.271,0.271,6.88,0.688,Random,0.052,0.052,1.32,0.132
LE 055CD 01M,LE 055CD 01M,LE055CD01M,Extension Spring,11,Stock,,Yes,Yes,Yes,Yes,Yes,Yes,Yes,Yes,Yes,Standard Extension Series (inch),NR,Music Wire,MW,ASTM A228,0.313,0.313,7.95,0.795,0.01,0.01,0.25,0.025,1,1,25.4,2.54,0.03,0.03,0.76,0.076,82.21,82.21,14.398,143.98,1.4681,14.681,1468.1,14681,8.221,8.221,1.4398,14.398,0.14681,1.4681,146.81,1468.1,0.203,0.203,5.16,0.516,REF,Reference,Reference,Reference,9.722,9.7,0.055,0.055,1.4,0.14,Standard Loops,3,3,13.345,1.3608,1360.8,0.6,0.6,2.6689,0.27216,272.16,21,21,93.413,9.5256,9525.6,1.22,1.22,30.99,3.099,0.594,0.594,15.09,1.509,Factory Option,Zinc Plate and Bake per ASTM B633,0.00674,0.203,0.203,5.16,0.516,Random,0.055,0.055,1.4,0.14
LE 055CD 01S,LE 055CD 01S,LE055CD01S,Extension Spring,11,Stock,,Yes,Yes,Yes,Yes,Yes,Yes,Yes,Yes,Yes,Standard Extension Series (inch),NR,Stainless Steel,SS,ASTM A313,0.313,0.313,7.95,0.795,0.01,0.01,0.25,0.025,1,1,25.4,2.54,0.03,0.03,0.76,0.076,68.48,68.48,11.993,119.93,1.2229,12.229,1222.9,12229,6.848,6.848,1.1993,11.993,0.12229,1.2229,122.29,1222.9,0.203,0.203,5.16,0.516,REF,Reference,Reference,Reference,9.726,9.7,0.055,0.055,1.4,0.14,Standard Loops,2.499,2.499,11.116,1.1335,1133.5,0.4998,0.4998,2.2232,0.22671,226.71,17.493,17.493,77.813,7.9348,7934.8,1.22,1.22,30.99,3.099,0.594,0.594,15.09,1.509,Factory Option,Passivate per ASTM A967,0.00687,0.203,0.203,5.16,0.516,Random,0.055,0.055,1.4,0.14
LE 055CD 01S316,LE 055CD 01S316,LE055CD01S316,Extension Spring,11,Stock,,Yes,Yes,Yes,Yes,Yes,Yes,Yes,Yes,Yes,Standard Extension Series (inch),NR,Stainless Steel Type 316,SS 316,ASTM A313,0.313,0.313,7.95,0.795,0.01,0.01,0.25,0.025,1,1,25.4,2.54,0.03,0.03,0.76,0.076,68.48,68.48,11.993,119.93,1.2229,12.229,1222.9,12229,6.848,6.848,1.1993,11.993,0.12229,1.2229,122.29,1222.9,0.203,0.203,5.16,0.516,REF,Reference,Reference,Reference,9.726,9.7,0.055,0.055,1.4,0.14,Standard Loops,2.499,2.499,11.116,1.1335,1133.5,0.4998,0.4998,2.2232,0.22671,226.71,13.119,13.119,58.356,5.9508,5950.8,1.155,1.155,29.34,2.934,0.594,0.594,15.09,1.509,Factory Option,Ultrasonically Passivate with Citric Acid for 10 mins At 131 Deg F,0.00687,0.203,0.203,5.16,0.516,Random,0.055,0.055,1.4,0.14
LE 055CD 02M,LE 055CD 02M,LE055CD02M,Extension Spring,11,Stock,,Yes,Yes,Yes,Yes,Yes,Yes,Yes,Yes,Yes,Standard Extension Series (inch),NR,Music Wire,MW,ASTM A228,0.313,0.313,7.95,0.795,0.01,0.01,0.25,0.025,1.125,1.125,28.58,2.858,0.035,0.035,0.89,0.089,66.78,66.78,11.695,116.95,1.1926,11.926,1192.6,11926,6.678,6.678,1.1695,11.695,0.11926,1.1926,119.26,1192.6,0.203,0.203,5.16,0.516,REF,Reference,Reference,Reference,11.9684,12,0.055,0.055,1.4,0.14,Standard Loops,3,3,13.345,1.3608,1360.8,0.6,0.6,2.6689,0.27216,272.16,21,21,93.413,9.5256,9525.6,1.395,1.395,35.43,3.543,0.719,0.719,18.26,1.826,Factory Option,Zinc Plate and Bake per ASTM B633,0.00804,0.203,0.203,5.16,0.516,Random,0.055,0.055,1.4,0.14
LE 055CD 02S,LE 055CD 02S,LE055CD02S,Extension Spring,11,Stock,,Yes,Yes,Yes,Yes,Yes,Yes,Yes,Yes,Yes,Standard Extension Series (inch),NR,Stainless Steel,SS,ASTM A313,0.313,0.313,7.95,0.795,0.01,0.01,0.25,0.025,1.125,1.125,28.58,2.858,0.035,0.035,0.89,0.089,55.63,55.63,9.743,97.43,0.9934,9.934,993.4,9934,5.563,5.563,0.9743,9.743,0.09934,0.9934,99.34,993.4,0.203,0.203,5.16,0.516,REF,Reference,Reference,Reference,11.9727,12,0.055,0.055,1.4,0.14,Standard Loops,2.499,2.499,11.116,1.1335,1133.5,0.4998,0.4998,2.2232,0.22671,226.71,17.493,17.493,77.813,7.9348,7934.8,1.395,1.395,35.43,3.543,0.719,0.719,18.26,1.826,Factory Option,Passivate per ASTM A967,0.00819,0.203,0.203,5.16,0.516,Random,0.055,0.055,1.4,0.14
LE 055CD 02S316,LE 055CD 02S316,LE055CD02S316,Extension Spring,11,Stock,,Yes,Yes,Yes,Yes,Yes,Yes,Yes,Yes,Yes,Standard Extension Series (inch),NR,Stainless Steel Type 316,SS 316,ASTM A313,0.313,0.313,7.95,0.795,0.01,0.01,0.25,0.025,1.125,1.125,28.58,2.858,0.035,0.035,0.89,0.089,55.63,55.63,9.743,97.43,0.9934,9.934,993.4,9934,5.563,5.563,0.9743,9.743,0.09934,0.9934,99.34,993.4,0.203,0.203,5.16,0.516,REF,Reference,Reference,Reference,11.9727,12,0.055,0.055,1.4,0.14,Standard Loops,2.499,2.499,11.116,1.1335,1133.5,0.4998,0.4998,2.2232,0.22671,226.71,13.119,13.119,58.356,5.9508,5950.8,1.315,1.315,33.4,3.34,0.719,0.719,18.26,1.826,Factory Option,Ultrasonically Passivate with Citric Acid for 10 mins At 131 Deg F,0.00819,0.203,0.203,5.16,0.516,Random,0.055,0.055,1.4,0.14
LE 055CD 03M,LE 055CD 03M,LE055CD03M,Extension Spring,11,Stock,,Yes,Yes,Yes,Yes,Yes,Yes,Yes,Yes,Yes,Standard Extension Series (inch),NR,Music Wire,MW,ASTM A228,0.313,0.313,7.95,0.795,0.01,0.01,0.25,0.025,1.25,1.25,31.75,3.175,0.035,0.035,0.89,0.089,56.22,56.22,9.846,98.46,1.004,10.04,1004,10040,5.622,5.622,0.9846,9.846,0.1004,1.004,100.4,1004,0.203,0.203,5.16,0.516,REF,Reference,Reference,Reference,14.2164,14.2,0.055,0.055,1.4,0.14,Standard Loops,3,3,13.345,1.3608,1360.8,0.6,0.6,2.6689,0.27216,272.16,21,21,93.413,9.5256,9525.6,1.57,1.57,39.88,3.988,0.844,0.844,21.44,2.144,Factory Option,Zinc Plate and Bake per ASTM B633,0.00933,0.203,0.203,5.16,0.516,Random,0.055,0.055,1.4,0.14
LE 055CD 03S,LE 055CD 03S,LE055CD03S,Extension Spring,11,Stock,,Yes,Yes,Yes,Yes,Yes,Yes,Yes,Yes,Yes,Standard Extension Series (inch),NR,Stainless Steel,SS,ASTM A313,0.313,0.313,7.95,0.795,0.01,0.01,0.25,0.025,1.25,1.25,31.75,3.175,0.035,0.035,0.89,0.089,46.83,46.83,8.201,82.01,0.8363,8.363,836.3,8363,4.683,4.683,0.8201,8.201,0.08363,0.8363,83.63,836.3,0.203,0.203,5.16,0.516,REF,Reference,Reference,Reference,14.2225,14.2,0.055,0.055,1.4,0.14,Standard Loops,2.499,2.499,11.116,1.1335,1133.5,0.4998,0.4998,2.2232,0.22671,226.71,17.493,17.493,77.813,7.9348,7934.8,1.57,1.57,39.88,3.988,0.844,0.844,21.44,2.144,Factory Option,Passivate per ASTM A967,0.00951,0.203,0.203,5.16,0.516,Random,0.055,0.055,1.4,0.14
LE 055CD 03S316,LE 055CD 03S316,LE055CD03S316,Extension Spring,11,Stock,,Yes,Yes,Yes,Yes,Yes,Yes,Yes,Yes,Yes,Standard Extension Series (inch),NR,Stainless Steel Type 316,SS 316,ASTM A313,0.313,0.313,7.95,0.795,0.01,0.01,0.25,0.025,1.25,1.25,31.75,3.175,0.035,0.035,0.89,0.089,46.83,46.83,8.201,82.01,0.8363,8.363,836.3,8363,4.683,4.683,0.8201,8.201,0.08363,0.8363,83.63,836.3,0.203,0.203,5.16,0.516,REF,Reference,Reference,Reference,14.2225,14.2,0.055,0.055,1.4,0.14,Standard Loops,2.499,2.499,11.116,1.1335,1133.5,0.4998,0.4998,2.2232,0.22671,226.71,13.119,13.119,58.356,5.9508,5950.8,1.476,1.476,37.49,3.749,0.844,0.844,21.44,2.144,Factory Option,Ultrasonically Passivate with Citric Acid for 10 mins At 131 Deg F,0.00951,0.203,0.203,5.16,0.516,Random,0.055,0.055,1.4,0.14
LE 055CD 04M,LE 055CD 04M,LE055CD04M,Extension Spring,11,Stock,,Yes,Yes,Yes,Yes,Yes,Yes,Yes,Yes,Yes,Standard Extension Series (inch),NR,Music Wire,MW,ASTM A228,0.313,0.313,7.95,0.795,0.01,0.01,0.25,0.025,1.375,1.375,34.93,3.493,0.035,0.035,0.89,0.089,48.55,48.55,8.503,85.03,0.867,8.67,867,8670,4.855,4.855,0.8503,8.503,0.0867,0.867,86.7,867,0.203,0.203,5.16,0.516,REF,Reference,Reference,Reference,16.4624,16.5,0.055,0.055,1.4,0.14,Standard Loops,3,3,13.345,1.3608,1360.8,0.6,0.6,2.6689,0.27216,272.16,21,21,93.413,9.5256,9525.6,1.745,1.745,44.32,4.432,0.969,0.969,24.61,2.461,Factory Option,Zinc Plate and Bake per ASTM B633,0.01062,0.203,0.203,5.16,0.516,Random,0.055,0.055,1.4,0.14
LE 055CD 04S,LE 055CD 04S,LE055CD04S,Extension Spring,11,Stock,,Yes,Yes,Yes,Yes,Yes,Yes,Yes,Yes,Yes,Standard Extension Series (inch),NR,Stainless Steel,SS,ASTM A313,0.313,0.313,7.95,0.795,0.01,0.01,0.25,0.025,1.375,1.375,34.93,3.493,0.035,0.035,0.89,0.089,40.44,40.44,7.082,70.82,0.7222,7.222,722.2,7222,4.044,4.044,0.7082,7.082,0.07222,0.7222,72.22,722.2,0.203,0.203,5.16,0.516,REF,Reference,Reference,Reference,16.4698,16.5,0.055,0.055,1.4,0.14,Standard Loops,2.499,2.499,11.116,1.1335,1133.5,0.4998,0.4998,2.2232,0.22671,226.71,17.493,17.493,77.813,7.9348,7934.8,1.745,1.745,44.32,4.432,0.969,0.969,24.61,2.461,Factory Option,Passivate per ASTM A967,0.01121,0.203,0.203,5.16,0.516,Random,0.055,0.055,1.4,0.14
LE 055CD 04S316,LE 055CD 04S316,LE055CD04S316,Extension Spring,11,Stock,,Yes,Yes,Yes,Yes,Yes,Yes,Yes,Yes,Yes,Standard Extension Series (inch),NR,Stainless Steel Type 316,SS 316,ASTM A313,0.313,0.313,7.95,0.795,0.01,0.01,0.25,0.025,1.375,1.375,34.93,3.493,0.035,0.035,0.89,0.089,40.44,40.44,7.082,70.82,0.7222,7.222,722.2,7222,4.044,4.044,0.7082,7.082,0.07222,0.7222,72.22,722.2,0.203,0.203,5.16,0.516,REF,Reference,Reference,Reference,16.4698,16.5,0.055,0.055,1.4,0.14,Standard Loops,2.499,2.499,11.116,1.1335,1133.5,0.4998,0.4998,2.2232,0.22671,226.71,13.119,13.119,58.356,5.9508,5950.8,1.637,1.637,41.58,4.158,0.969,0.969,24.61,2.461,Factory Option,Ultrasonically Passivate with Citric Acid for 10 mins At 131 Deg F,0.01121,0.203,0.203,5.16,0.516,Random,0.055,0.055,1.4,0.14
LE 055CD 05M,LE 055CD 05M,LE055CD05M,Extension Spring,11,Stock,,Yes,Yes,Yes,Yes,Yes,Yes,Yes,Yes,Yes,Standard Extension Series (inch),NR,Music Wire,MW,ASTM A228,0.313,0.313,7.95,0.795,0.01,0.01,0.25,0.025,1.5,1.5,38.1,3.81,0.035,0.035,0.89,0.089,42.72,42.72,7.482,74.82,0.7629,7.629,762.9,7629,4.272,4.272,0.7482,7.482,0.07629,0.7629,76.29,762.9,0.203,0.203,5.16,0.516,REF,Reference,Reference,Reference,18.709,18.7,0.055,0.055,1.4,0.14,Standard Loops,3,3,13.345,1.3608,1360.8,0.6,0.6,2.6689,0.27216,272.16,21,21,93.413,9.5256,9525.6,1.92,1.92,48.77,4.877,1.094,1.094,27.79,2.779,Factory Option,Zinc Plate and Bake per ASTM B633,0.01191,0.203,0.203,5.16,0.516,Random,0.055,0.055,1.4,0.14
LE 055CD 05S,LE 055CD 05S,LE055CD05S,Extension Spring,11,Stock,,Yes,Yes,Yes,Yes,Yes,Yes,Yes,Yes,Yes,Standard Extension Series (inch),NR,Stainless Steel,SS,ASTM A313,0.313,0.313,7.95,0.795,0.01,0.01,0.25,0.025,1.5,1.5,38.1,3.81,0.035,0.035,0.89,0.089,35.59,35.59,6.233,62.33,0.6356,6.356,635.6,6356,3.559,3.559,0.6233,6.233,0.06356,0.6356,63.56,635.6,0.203,0.203,5.16,0.516,REF,Reference,Reference,Reference,18.7143,18.7,0.055,0.055,1.4,0.14,Standard Loops,2.499,2.499,11.116,1.1335,1133.5,0.4998,0.4998,2.2232,0.22671,226.71,17.493,17.493,77.813,7.9348,7934.8,1.92,1.92,48.77,4.877,1.094,1.094,27.79,2.779,Factory Option,Passivate per ASTM A967,0.01214,0.203,0.203,5.16,0.516,Random,0.055,0.055,1.4,0.14
LE 055CD 05S316,LE 055CD 05S316,LE055CD05S316,Extension Spring,11,Stock,,Yes,Yes,Yes,Yes,Yes,Yes,Yes,Yes,Yes,Standard Extension Series (inch),NR,Stainless Steel Type 316,SS 316,ASTM A313,0.313,0.313,7.95,0.795,0.01,0.01,0.25,0.025,1.5,1.5,38.1,3.81,0.035,0.035,0.89,0.089,35.59,35.59,6.233,62.33,0.6356,6.356,635.6,6356,3.559,3.559,0.6233,6.233,0.06356,0.6356,63.56,635.6,0.203,0.203,5.16,0.516,REF,Reference,Reference,Reference,18.7143,18.7,0.055,0.055,1.4,0.14,Standard Loops,2.499,2.499,11.116,1.1335,1133.5,0.4998,0.4998,2.2232,0.22671,226.71,13.119,13.119,58.356,5.9508,5950.8,1.798,1.798,45.67,4.567,1.094,1.094,27.79,2.779,Factory Option,Ultrasonically Passivate with Citric Acid for 10 mins At 131 Deg F,0.01214,0.203,0.203,5.16,0.516,Random,0.055,0.055,1.4,0.14
LE 055CD 06M,LE 055CD 06M,LE055CD06M,Extension Spring,11,Stock,,Yes,Yes,Yes,Yes,Yes,Yes,Yes,Yes,Yes,Standard Extension Series (inch),NR,Music Wire,MW,ASTM A228,0.313,0.313,7.95,0.795,0.01,0.01,0.25,0.025,1.75,1.75,44.45,4.445,0.04,0.04,1.02,0.102,34.45,34.45,6.033,60.33,0.6152,6.152,615.2,6152,3.445,3.445,0.6033,6.033,0.06152,0.6152,61.52,615.2,0.203,0.203,5.16,0.516,REF,Reference,Reference,Reference,23.2003,23.2,0.055,0.055,1.4,0.14,Standard Loops,3,3,13.345,1.3608,1360.8,0.6,0.6,2.6689,0.27216,272.16,21,21,93.413,9.5256,9525.6,2.27,2.27,57.66,5.766,1.344,1.344,34.14,3.414,Factory Option,Zinc Plate and Bake per ASTM B633,0.0145,0.203,0.203,5.16,0.516,Random,0.055,0.055,1.4,0.14
LE 055CD 06S,LE 055CD 06S,LE055CD06S,Extension Spring,11,Stock,,Yes,Yes,Yes,Yes,Yes,Yes,Yes,Yes,Yes,Standard Extension Series (inch),NR,Stainless Steel,SS,ASTM A313,0.313,0.313,7.95,0.795,0.01,0.01,0.25,0.025,1.75,1.75,44.45,4.445,0.04,0.04,1.02,0.102,28.7,28.7,5.026,50.26,0.5125,5.125,512.5,5125,2.87,2.87,0.5026,5.026,0.05125,0.5125,51.25,512.5,0.203,0.203,5.16,0.516,REF,Reference,Reference,Reference,23.207,23.2,0.055,0.055,1.4,0.14,Standard Loops,2.499,2.499,11.116,1.1335,1133.5,0.4998,0.4998,2.2232,0.22671,226.71,17.493,17.493,77.813,7.9348,7934.8,2.27,2.27,57.66,5.766,1.344,1.344,34.14,3.414,Factory Option,Passivate per ASTM A967,0.01478,0.203,0.203,5.16,0.516,Random,0.055,0.055,1.4,0.14
LE 055CD 06S316,LE 055CD 06S316,LE055CD06S316,Extension Spring,11,Stock,,Yes,Yes,Yes,Yes,Yes,Yes,Yes,Yes,Yes,Standard Extension Series (inch),NR,Stainless Steel Type 316,SS 316,ASTM A313,0.313,0.313,7.95,0.795,0.01,0.01,0.25,0.025,1.75,1.75,44.45,4.445,0.04,0.04,1.02,0.102,28.7,28.7,5.026,50.26,0.5125,5.125,512.5,5125,2.87,2.87,0.5026,5.026,0.05125,0.5125,51.25,512.5,0.203,0.203,5.16,0.516,REF,Reference,Reference,Reference,23.207,23.2,0.055,0.055,1.4,0.14,Standard Loops,2.499,2.499,11.116,1.1335,1133.5,0.4998,0.4998,2.2232,0.22671,226.71,13.119,13.119,58.356,5.9508,5950.8,2.12,2.12,53.85,5.385,1.344,1.344,34.14,3.414,Factory Option,Ultrasonically Passivate with Citric Acid for 10 mins At 131 Deg F,0.01478,0.203,0.203,5.16,0.516,Random,0.055,0.055,1.4,0.14
LE 055CD 07M,LE 055CD 07M,LE055CD07M,Extension Spring,11,Stock,,Yes,Yes,Yes,Yes,Yes,Yes,Yes,Yes,Yes,Standard Extension Series (inch),NR,Music Wire,MW,ASTM A228,0.313,0.313,7.95,0.795,0.01,0.01,0.25,0.025,2,2,50.8,5.08,0.04,0.04,1.02,0.102,28.85,28.85,5.053,50.53,0.5152,5.152,515.2,5152,2.885,2.885,0.5053,5.053,0.05152,0.5152,51.52,515.2,0.203,0.203,5.16,0.516,REF,Reference,Reference,Reference,27.7036,27.7,0.055,0.055,1.4,0.14,Standard Loops,3,3,13.345,1.3608,1360.8,0.6,0.6,2.6689,0.27216,272.16,21,21,93.413,9.5256,9525.6,2.62,2.62,66.55,6.655,1.594,1.594,40.49,4.049,Factory Option,Zinc Plate and Bake per ASTM B633,0.01709,0.203,0.203,5.16,0.516,Random,0.055,0.055,1.4,0.14
LE 055CD 07S,LE 055CD 07S,LE055CD07S,Extension Spring,11,Stock,,Yes,Yes,Yes,Yes,Yes,Yes,Yes,Yes,Yes,Standard Extension Series (inch),NR,Stainless Steel,SS,ASTM A313,0.313,0.313,7.95,0.795,0.01,0.01,0.25,0.025,2,2,50.8,5.08,0.04,0.04,1.02,0.102,24.03,24.03,4.208,42.08,0.4291,4.291,429.1,4291,2.403,2.403,0.4208,4.208,0.04291,0.4291,42.91,429.1,0.203,0.203,5.16,0.516,REF,Reference,Reference,Reference,27.7171,27.7,0.055,0.055,1.4,0.14,Standard Loops,2.499,2.499,11.116,1.1335,1133.5,0.4998,0.4998,2.2232,0.22671,226.71,17.493,17.493,77.813,7.9348,7934.8,2.62,2.62,66.55,6.655,1.594,1.594,40.49,4.049,Factory Option,Passivate per ASTM A967,0.01742,0.203,0.203,5.16,0.516,Random,0.055,0.055,1.4,0.14
LE 055CD 07S316,LE 055CD 07S316,LE055CD07S316,Extension Spring,11,Stock,,Yes,Yes,Yes,Yes,Yes,Yes,Yes,Yes,Yes,Standard Extension Series (inch),NR,Stainless Steel Type 316,SS 316,ASTM A313,0.313,0.313,7.95,0.795,0.01,0.01,0.25,0.025,2,2,50.8,5.08,0.04,0.04,1.02,0.102,24.03,24.03,4.208,42.08,0.4291,4.291,429.1,4291,2.403,2.403,0.4208,4.208,0.04291,0.4291,42.91,429.1,0.203,0.203,5.16,0.516,REF,Reference,Reference,Reference,27.7171,27.7,0.055,0.055,1.4,0.14,Standard Loops,2.499,2.499,11.116,1.1335,1133.5,0.4998,0.4998,2.2232,0.22671,226.71,13.119,13.119,58.356,5.9508,5950.8,2.441,2.441,62,6.2,1.594,1.594,40.49,4.049,Factory Option,Ultrasonically Passivate with Citric Acid for 10 mins At 131 Deg F,0.01742,0.203,0.203,5.16,0.516,Random,0.055,0.055,1.4,0.14
LE 055CD 08M,LE 055CD 08M,LE055CD08M,Extension Spring,11,Stock,,Yes,Yes,Yes,Yes,Yes,Yes,Yes,Yes,Yes,Standard Extension Series (inch),NR,Music Wire,MW,ASTM A228,0.313,0.313,7.95,0.795,0.01,0.01,0.25,0.025,2.25,2.25,57.15,5.715,0.05,0.05,1.27,0.127,24.83,24.83,4.349,43.49,0.4434,4.434,443.4,4434,2.483,2.483,0.4349,4.349,0.04434,0.4434,44.34,443.4,0.203,0.203,5.16,0.516,REF,Reference,Reference,Reference,32.1889,32.2,0.055,0.055,1.4,0.14,Standard Loops,3,3,13.345,1.3608,1360.8,0.6,0.6,2.6689,0.27216,272.16,21,21,93.413,9.5256,9525.6,2.97,2.97,75.44,7.544,1.844,1.844,46.84,4.684,Factory Option,Zinc Plate and Bake per ASTM B633,0.01967,0.203,0.203,5.16,0.516,Random,0.055,0.055,1.4,0.14
LE 055CD 08S,LE 055CD 08S,LE055CD08S,Extension Spring,11,Stock,,Yes,Yes,Yes,Yes,Yes,Yes,Yes,Yes,Yes,Standard Extension Series (inch),NR,Stainless Steel,SS,ASTM A313,0.313,0.313,7.95,0.795,0.01,0.01,0.25,0.025,2.25,2.25,57.15,5.715,0.05,0.05,1.27,0.127,20.68,20.68,3.622,36.22,0.3693,3.693,369.3,3693,2.068,2.068,0.3622,3.622,0.03693,0.3693,36.93,369.3,0.203,0.203,5.16,0.516,REF,Reference,Reference,Reference,32.207,32.2,0.055,0.055,1.4,0.14,Standard Loops,2.499,2.499,11.116,1.1335,1133.5,0.4998,0.4998,2.2232,0.22671,226.71,17.493,17.493,77.813,7.9348,7934.8,2.97,2.97,75.44,7.544,1.844,1.844,46.84,4.684,Factory Option,Passivate per ASTM A967,0.02005,0.203,0.203,5.16,0.516,Random,0.055,0.055,1.4,0.14
LE 055CD 08S316,LE 055CD 08S316,LE055CD08S316,Extension Spring,11,Stock,,Yes,Yes,Yes,Yes,Yes,Yes,Yes,Yes,Yes,Standard Extension Series (inch),NR,Stainless Steel Type 316,SS 316,ASTM A313,0.313,0.313,7.95,0.795,0.01,0.01,0.25,0.025,2.25,2.25,57.15,5.715,0.05,0.05,1.27,0.127,20.68,20.68,3.622,36.22,0.3693,3.693,369.3,3693,2.068,2.068,0.3622,3.622,0.03693,0.3693,36.93,369.3,0.203,0.203,5.16,0.516,REF,Reference,Reference,Reference,32.207,32.2,0.055,0.055,1.4,0.14,Standard Loops,2.499,2.499,11.116,1.1335,1133.5,0.4998,0.4998,2.2232,0.22671,226.71,13.119,13.119,58.356,5.9508,5950.8,2.763,2.763,70.18,7.018,1.844,1.844,46.84,4.684,Factory Option,Ultrasonically Passivate with Citric Acid for 10 mins At 131 Deg F,0.02005,0.203,0.203,5.16,0.516,Random,0.055,0.055,1.4,0.14
LE 055CD 09M,LE 055CD 09M,LE055CD09M,Extension Spring,11,Stock,,Yes,Yes,Yes,Yes,Yes,Yes,Yes,Yes,Yes,Standard Extension Series (inch),NR,Music Wire,MW,ASTM A228,0.313,0.313,7.95,0.795,0.01,0.01,0.25,0.025,2.5,2.5,63.5,6.35,0.05,0.05,1.27,0.127,21.79,21.79,3.816,38.16,0.3891,3.891,389.1,3891,2.179,2.179,0.3816,3.816,0.03891,0.3891,38.91,389.1,0.203,0.203,5.16,0.516,REF,Reference,Reference,Reference,36.6796,36.7,0.055,0.055,1.4,0.14,Standard Loops,3,3,13.345,1.3608,1360.8,0.6,0.6,2.6689,0.27216,272.16,21,21,93.413,9.5256,9525.6,3.33,3.33,84.58,8.458,2.094,2.094,53.19,5.319,Factory Option,Zinc Plate and Bake per ASTM B633,0.02225,0.203,0.203,5.16,0.516,Random,0.055,0.055,1.4,0.14
LE 055CD 09S,LE 055CD 09S,LE055CD09S,Extension Spring,11,Stock,,Yes,Yes,Yes,Yes,Yes,Yes,Yes,Yes,Yes,Standard Extension Series (inch),NR,Stainless Steel,SS,ASTM A313,0.313,0.313,7.95,0.795,0.01,0.01,0.25,0.025,2.5,2.5,63.5,6.35,0.05,0.05,1.27,0.127,18.15,18.15,3.179,31.79,0.3241,3.241,324.1,3241,1.815,1.815,0.3179,3.179,0.03241,0.3241,32.41,324.1,0.203,0.203,5.16,0.516,REF,Reference,Reference,Reference,36.6965,36.7,0.055,0.055,1.4,0.14,Standard Loops,2.499,2.499,11.116,1.1335,1133.5,0.4998,0.4998,2.2232,0.22671,226.71,17.493,17.493,77.813,7.9348,7934.8,3.33,3.33,84.58,8.458,2.094,2.094,53.19,5.319,Factory Option,Passivate per ASTM A967,0.02268,0.203,0.203,5.16,0.516,Random,0.055,0.055,1.4,0.14
LE 055CD 09S316,LE 055CD 09S316,LE055CD09S316,Extension Spring,11,Stock,,Yes,Yes,Yes,Yes,Yes,Yes,Yes,Yes,Yes,Standard Extension Series (inch),NR,Stainless Steel Type 316,SS 316,ASTM A313,0.313,0.313,7.95,0.795,0.01,0.01,0.25,0.025,2.5,2.5,63.5,6.35,0.05,0.05,1.27,0.127,18.15,18.15,3.179,31.79,0.3241,3.241,324.1,3241,1.815,1.815,0.3179,3.179,0.03241,0.3241,32.41,324.1,0.203,0.203,5.16,0.516,REF,Reference,Reference,Reference,36.6965,36.7,0.055,0.055,1.4,0.14,Standard Loops,2.499,2.499,11.116,1.1335,1133.5,0.4998,0.4998,2.2232,0.22671,226.71,13.119,13.119,58.356,5.9508,5950.8,3.085,3.085,78.36,7.836,2.094,2.094,53.19,5.319,Factory Option,Ultrasonically Passivate with Citric Acid for 10 mins At 131 Deg F,0.02268,0.203,0.203,5.16,0.516,Random,0.055,0.055,1.4,0.14
LE 055CD 10M,LE 055CD 10M,LE055CD10M,Extension Spring,11,Stock,,Yes,Yes,Yes,Yes,Yes,Yes,Yes,Yes,Yes,Standard Extension Series (inch),NR,Music Wire,MW,ASTM A228,0.313,0.313,7.95,0.795,0.01,0.01,0.25,0.025,2.75,2.75,69.85,6.985,0.05,0.05,1.27,0.127,19.41,19.41,3.399,33.99,0.3466,3.466,346.6,3466,1.941,1.941,0.3399,3.399,0.03466,0.3466,34.66,346.6,0.203,0.203,5.16,0.516,REF,Reference,Reference,Reference,41.1772,41.2,0.055,0.055,1.4,0.14,Standard Loops,3,3,13.345,1.3608,1360.8,0.6,0.6,2.6689,0.27216,272.16,21,21,93.413,9.5256,9525.6,3.68,3.68,93.47,9.347,2.344,2.344,59.54,5.954,Factory Option,Zinc Plate and Bake per ASTM B633,0.02484,0.203,0.203,5.16,0.516,Random,0.055,0.055,1.4,0.14
LE 055CD 10S,LE 055CD 10S,LE055CD10S,Extension Spring,11,Stock,,Yes,Yes,Yes,Yes,Yes,Yes,Yes,Yes,Yes,Standard Extension Series (inch),NR,Stainless Steel,SS,ASTM A313,0.313,0.313,7.95,0.795,0.01,0.01,0.25,0.025,2.75,2.75,69.85,6.985,0.05,0.05,1.27,0.127,16.17,16.17,2.832,28.32,0.2888,2.888,288.8,2888,1.617,1.617,0.2832,2.832,0.02888,0.2888,28.88,288.8,0.203,0.203,5.16,0.516,REF,Reference,Reference,Reference,41.1899,41.2,0.055,0.055,1.4,0.14,Standard Loops,2.499,2.499,11.116,1.1335,1133.5,0.4998,0.4998,2.2232,0.22671,226.71,17.493,17.493,77.813,7.9348,7934.8,3.68,3.68,93.47,9.347,2.344,2.344,59.54,5.954,Factory Option,Passivate per ASTM A967,0.02532,0.203,0.203,5.16,0.516,Random,0.055,0.055,1.4,0.14
LE 055CD 10S316,LE 055CD 10S316,LE055CD10S316,Extension Spring,11,Stock,,Yes,Yes,Yes,Yes,Yes,Yes,Yes,Yes,Yes,Standard Extension Series (inch),NR,Stainless Steel Type 316,SS 316,ASTM A313,0.313,0.313,7.95,0.795,0.01,0.01,0.25,0.025,2.75,2.75,69.85,6.985,0.05,0.05,1.27,0.127,16.17,16.17,2.832,28.32,0.2888,2.888,288.8,2888,1.617,1.617,0.2832,2.832,0.02888,0.2888,28.88,288.8,0.203,0.203,5.16,0.516,REF,Reference,Reference,Reference,41.1899,41.2,0.055,0.055,1.4,0.14,Standard Loops,2.499,2.499,11.116,1.1335,1133.5,0.4998,0.4998,2.2232,0.22671,226.71,13.119,13.119,58.356,5.9508,5950.8,3.406,3.406,86.51,8.651,2.344,2.344,59.54,5.954,Factory Option,Ultrasonically Passivate with Citric Acid for 10 mins At 131 Deg F,0.02532,0.203,0.203,5.16,0.516,Random,0.055,0.055,1.4,0.14
LE 055CD 11M,LE 055CD 11M,LE055CD11M,Extension Spring,11,Stock,,Yes,Yes,Yes,Yes,Yes,Yes,Yes,Yes,Yes,Standard Extension Series (inch),NR,Music Wire,MW,ASTM A228,0.313,0.313,7.95,0.795,0.01,0.01,0.25,0.025,3,3,76.2,7.62,0.05,0.05,1.27,0.127,17.5,17.5,3.065,30.65,0.3125,3.125,312.5,3125,1.75,1.75,0.3065,3.065,0.03125,0.3125,31.25,312.5,0.203,0.203,5.16,0.516,REF,Reference,Reference,Reference,45.6714,45.7,0.055,0.055,1.4,0.14,Standard Loops,3,3,13.345,1.3608,1360.8,0.6,0.6,2.6689,0.27216,272.16,21,21,93.413,9.5256,9525.6,4.03,4.03,102.36,10.236,2.594,2.594,65.89,6.589,Factory Option,Zinc Plate and Bake per ASTM B633,0.02742,0.203,0.203,5.16,0.516,Random,0.055,0.055,1.4,0.14
LE 055CD 11S,LE 055CD 11S,LE055CD11S,Extension Spring,11,Stock,,Yes,Yes,Yes,Yes,Yes,Yes,Yes,Yes,Yes,Standard Extension Series (inch),NR,Stainless Steel,SS,ASTM A313,0.313,0.313,7.95,0.795,0.01,0.01,0.25,0.025,3,3,76.2,7.62,0.05,0.05,1.27,0.127,14.58,14.58,2.553,25.53,0.2604,2.604,260.4,2604,1.458,1.458,0.2553,2.553,0.02604,0.2604,26.04,260.4,0.203,0.203,5.16,0.516,REF,Reference,Reference,Reference,45.6818,45.7,0.055,0.055,1.4,0.14,Standard Loops,2.499,2.499,11.116,1.1335,1133.5,0.4998,0.4998,2.2232,0.22671,226.71,17.493,17.493,77.813,7.9348,7934.8,4.03,4.03,102.36,10.236,2.594,2.594,65.89,6.589,Factory Option,Passivate per ASTM A967,0.02795,0.203,0.203,5.16,0.516,Random,0.055,0.055,1.4,0.14
LE 055CD 11S316,LE 055CD 11S316,LE055CD11S316,Extension Spring,11,Stock,,Yes,Yes,Yes,Yes,Yes,Yes,Yes,Yes,Yes,Standard Extension Series (inch),NR,Stainless Steel Type 316,SS 316,ASTM A313,0.313,0.313,7.95,0.795,0.01,0.01,0.25,0.025,3,3,76.2,7.62,0.05,0.05,1.27,0.127,14.58,14.58,2.553,25.53,0.2604,2.604,260.4,2604,1.458,1.458,0.2553,2.553,0.02604,0.2604,26.04,260.4,0.203,0.203,5.16,0.516,REF,Reference,Reference,Reference,45.6818,45.7,0.055,0.055,1.4,0.14,Standard Loops,2.499,2.499,11.116,1.1335,1133.5,0.4998,0.4998,2.2232,0.22671,226.71,13.119,13.119,58.356,5.9508,5950.8,3.728,3.728,94.69,9.469,2.594,2.594,65.89,6.589,Factory Option,Ultrasonically Passivate with Citric Acid for 10 mins At 131 Deg F,0.02795,0.203,0.203,5.16,0.516,Random,0.055,0.055,1.4,0.14
LE 055D 0 M,LE 055D 0 M,LE055D0M,Extension Spring,11,Stock,,Yes,Yes,Yes,Yes,Yes,Yes,Yes,Yes,Yes,Standard Extension Series (inch),NR,Music Wire,MW,ASTM A228,0.375,0.375,9.53,0.953,0.01,0.01,0.25,0.025,1,1,25.4,2.54,0.03,0.03,0.76,0.076,55.8,55.8,9.772,97.72,0.9965,9.965,996.5,9965,5.58,5.58,0.9772,9.772,0.09965,0.9965,99.65,996.5,0.265,0.265,6.73,0.673,REF,Reference,Reference,Reference,7.5068,7.5,0.055,0.055,1.4,0.14,Standard Loops,2,2,8.896,0.9072,907.2,0.4,0.4,1.7793,0.18144,181.44,17.5,17.5,77.844,7.938,7938,1.28,1.28,32.51,3.251,0.47,0.47,11.94,1.194,Factory Option,Zinc Plate and Bake per ASTM B633,0.00678,0.265,0.265,6.73,0.673,Random,0.055,0.055,1.4,0.14
LE 055D 0 S,LE 055D 0 S,LE055D0S,Extension Spring,11,Stock,,Yes,Yes,Yes,Yes,Yes,Yes,Yes,Yes,Yes,Standard Extension Series (inch),NR,Stainless Steel,SS,ASTM A313,0.375,0.375,9.53,0.953,0.01,0.01,0.25,0.025,1,1,25.4,2.54,0.03,0.03,0.76,0.076,46.48,46.48,8.14,81.4,0.83,8.3,830,8300,4.648,4.648,0.814,8.14,0.083,0.83,83,830,0.265,0.265,6.73,0.673,REF,Reference,Reference,Reference,7.51,7.5,0.055,0.055,1.4,0.14,Standard Loops,1.666,1.666,7.411,0.7557,755.7,0.3332,0.3332,1.4821,0.15114,151.14,14.5775,14.5775,64.844,6.6124,6612.4,1.28,1.28,32.51,3.251,0.47,0.47,11.94,1.194,Factory Option,Passivate per ASTM A967,0.00691,0.265,0.265,6.73,0.673,Random,0.055,0.055,1.4,0.14
LE 055D 0 S316,LE 055D 0 S316,LE055D0S316,Extension Spring,11,Stock,,Yes,Yes,Yes,Yes,Yes,Yes,Yes,Yes,Yes,Standard Extension Series (inch),NR,Stainless Steel Type 316,SS 316,ASTM A313,0.375,0.375,9.53,0.953,0.01,0.01,0.25,0.025,1,1,25.4,2.54,0.03,0.03,0.76,0.076,46.48,46.48,8.14,81.4,0.83,8.3,830,8300,4.648,4.648,0.814,8.14,0.083,0.83,83,830,0.265,0.265,6.73,0.673,REF,Reference,Reference,Reference,7.51,7.5,0.055,0.055,1.4,0.14,Standard Loops,1.666,1.666,7.411,0.7557,755.7,0.3332,0.3332,1.4821,0.15114,151.14,10.933,10.933,48.632,4.9592,4959.2,1.199,1.199,30.45,3.045,0.47,0.47,11.94,1.194,Factory Option,Ultrasonically Passivate with Citric Acid for 10 mins At 131 Deg F,0.00691,0.265,0.265,6.73,0.673,Random,0.055,0.055,1.4,0.14
LE 055D 01 M,LE 055D 01 M,LE055D01M,Extension Spring,11,Stock,,Yes,Yes,Yes,Yes,Yes,Yes,Yes,Yes,Yes,Standard Extension Series (inch),NR,Music Wire,MW,ASTM A228,0.375,0.375,9.53,0.953,0.01,0.01,0.25,0.025,1.25,1.25,31.75,3.175,0.035,0.035,0.89,0.089,34.8,34.8,6.095,60.95,0.6215,6.215,621.5,6215,3.48,3.48,0.6095,6.095,0.06215,0.6215,62.15,621.5,0.265,0.265,6.73,0.673,REF,Reference,Reference,Reference,12.0368,12,0.055,0.055,1.4,0.14,Standard Loops,2,2,8.896,0.9072,907.2,0.4,0.4,1.7793,0.18144,181.44,17.5,17.5,77.844,7.938,7938,1.7,1.7,43.18,4.318,0.72,0.72,18.29,1.829,Factory Option,Zinc Plate and Bake per ASTM B633,0.01002,0.265,0.265,6.73,0.673,Random,0.055,0.055,1.4,0.14
LE 055D 01 S,LE 055D 01 S,LE055D01S,Extension Spring,11,Stock,,Yes,Yes,Yes,Yes,Yes,Yes,Yes,Yes,Yes,Standard Extension Series (inch),NR,Stainless Steel,SS,ASTM A313,0.375,0.375,9.53,0.953,0.01,0.01,0.25,0.025,1.25,1.25,31.75,3.175,0.035,0.035,0.89,0.089,28.99,28.99,5.077,50.77,0.5177,5.177,517.7,5177,2.899,2.899,0.5077,5.077,0.05177,0.5177,51.77,517.7,0.265,0.265,6.73,0.673,REF,Reference,Reference,Reference,12.041,12,0.055,0.055,1.4,0.14,Standard Loops,1.666,1.666,7.411,0.7557,755.7,0.3332,0.3332,1.4821,0.15114,151.14,14.5775,14.5775,64.844,6.6124,6612.4,1.7,1.7,43.18,4.318,0.72,0.72,18.29,1.829,Factory Option,Passivate per ASTM A967,0.01021,0.265,0.265,6.73,0.673,Random,0.055,0.055,1.4,0.14
LE 055D 01 S316,LE 055D 01 S316,LE055D01S316,Extension Spring,11,Stock,,Yes,Yes,Yes,Yes,Yes,Yes,Yes,Yes,Yes,Standard Extension Series (inch),NR,Stainless Steel Type 316,SS 316,ASTM A313,0.375,0.375,9.53,0.953,0.01,0.01,0.25,0.025,1.25,1.25,31.75,3.175,0.035,0.035,0.89,0.089,28.99,28.99,5.077,50.77,0.5177,5.177,517.7,5177,2.899,2.899,0.5077,5.077,0.05177,0.5177,51.77,517.7,0.265,0.265,6.73,0.673,REF,Reference,Reference,Reference,12.041,12,0.055,0.055,1.4,0.14,Standard Loops,1.666,1.666,7.411,0.7557,755.7,0.3332,0.3332,1.4821,0.15114,151.14,10.933,10.933,48.632,4.9592,4959.2,1.569,1.569,39.85,3.985,0.72,0.72,18.29,1.829,Factory Option,Ultrasonically Passivate with Citric Acid for 10 mins At 131 Deg F,0.01021,0.265,0.265,6.73,0.673,Random,0.055,0.055,1.4,0.14
LE 055D 02 M,LE 055D 02 M,LE055D02M,Extension Spring,11,Stock,,Yes,Yes,Yes,Yes,Yes,Yes,Yes,Yes,Yes,Standard Extension Series (inch),NR,Music Wire,MW,ASTM A228,0.375,0.375,9.53,0.953,0.01,0.01,0.25,0.025,1.375,1.375,34.93,3.493,0.035,0.035,0.89,0.089,29.8,29.8,5.219,52.19,0.5322,5.322,532.2,5322,2.98,2.98,0.5219,5.219,0.05322,0.5322,53.22,532.2,0.265,0.265,6.73,0.673,REF,Reference,Reference,Reference,14.0564,14.1,0.055,0.055,1.4,0.14,Standard Loops,2,2,8.896,0.9072,907.2,0.4,0.4,1.7793,0.18144,181.44,17.5,17.5,77.844,7.938,7938,1.895,1.895,48.13,4.813,0.845,0.845,21.46,2.146,Factory Option,Zinc Plate and Bake per ASTM B633,0.01146,0.265,0.265,6.73,0.673,Random,0.055,0.055,1.4,0.14
LE 055D 02 S,LE 055D 02 S,LE055D02S,Extension Spring,11,Stock,,Yes,Yes,Yes,Yes,Yes,Yes,Yes,Yes,Yes,Standard Extension Series (inch),NR,Stainless Steel,SS,ASTM A313,0.375,0.375,9.53,0.953,0.01,0.01,0.25,0.025,1.375,1.375,34.93,3.493,0.035,0.035,0.89,0.089,24.82,24.82,4.347,43.47,0.4432,4.432,443.2,4432,2.482,2.482,0.4347,4.347,0.04432,0.4432,44.32,443.2,0.265,0.265,6.73,0.673,REF,Reference,Reference,Reference,14.064,14.1,0.055,0.055,1.4,0.14,Standard Loops,1.666,1.666,7.411,0.7557,755.7,0.3332,0.3332,1.4821,0.15114,151.14,14.5775,14.5775,64.844,6.6124,6612.4,1.895,1.895,48.13,4.813,0.845,0.845,21.46,2.146,Factory Option,Passivate per ASTM A967,0.01168,0.265,0.265,6.73,0.673,Random,0.055,0.055,1.4,0.14
LE 055D 02 S316,LE 055D 02 S316,LE055D02S316,Extension Spring,11,Stock,,Yes,Yes,Yes,Yes,Yes,Yes,Yes,Yes,Yes,Standard Extension Series (inch),NR,Stainless Steel Type 316,SS 316,ASTM A313,0.375,0.375,9.53,0.953,0.01,0.01,0.25,0.025,1.375,1.375,34.93,3.493,0.035,0.035,0.89,0.089,24.82,24.82,4.347,43.47,0.4432,4.432,443.2,4432,2.482,2.482,0.4347,4.347,0.04432,0.4432,44.32,443.2,0.265,0.265,6.73,0.673,REF,Reference,Reference,Reference,14.064,14.1,0.055,0.055,1.4,0.14,Standard Loops,1.666,1.666,7.411,0.7557,755.7,0.3332,0.3332,1.4821,0.15114,151.14,10.933,10.933,48.632,4.9592,4959.2,1.748,1.748,44.4,4.44,0.845,0.845,21.46,2.146,Factory Option,Ultrasonically Passivate with Citric Acid for 10 mins At 131 Deg F,0.01168,0.265,0.265,6.73,0.673,Random,0.055,0.055,1.4,0.14
LE 055D 03 M,LE 055D 03 M,LE055D03M,Extension Spring,11,Stock,,Yes,Yes,Yes,Yes,Yes,Yes,Yes,Yes,Yes,Standard Extension Series (inch),NR,Music Wire,MW,ASTM A228,0.375,0.375,9.53,0.953,0.01,0.01,0.25,0.025,1.5,1.5,38.1,3.81,0.035,0.035,0.89,0.089,25.4,25.4,4.448,44.48,0.4536,4.536,453.6,4536,2.54,2.54,0.4448,4.448,0.04536,0.4536,45.36,453.6,0.265,0.265,6.73,0.673,REF,Reference,Reference,Reference,16.4914,16.5,0.055,0.055,1.4,0.14,Standard Loops,2,2,8.896,0.9072,907.2,0.4,0.4,1.7793,0.18144,181.44,17.5,17.5,77.844,7.938,7938,2.11,2.11,53.59,5.359,0.97,0.97,24.64,2.464,Factory Option,Zinc Plate and Bake per ASTM B633,0.01319,0.265,0.265,6.73,0.673,Random,0.055,0.055,1.4,0.14
LE 055D 03 S,LE 055D 03 S,LE055D03S,Extension Spring,11,Stock,,Yes,Yes,Yes,Yes,Yes,Yes,Yes,Yes,Yes,Standard Extension Series (inch),NR,Stainless Steel,SS,ASTM A313,0.375,0.375,9.53,0.953,0.01,0.01,0.25,0.025,1.5,1.5,38.1,3.81,0.035,0.035,0.89,0.089,21.16,21.16,3.706,37.06,0.3779,3.779,377.9,3779,2.116,2.116,0.3706,3.706,0.03779,0.3779,37.79,377.9,0.265,0.265,6.73,0.673,REF,Reference,Reference,Reference,16.4966,16.5,0.055,0.055,1.4,0.14,Standard Loops,1.666,1.666,7.411,0.7557,755.7,0.3332,0.3332,1.4821,0.15114,151.14,14.5775,14.5775,64.844,6.6124,6612.4,2.11,2.11,53.59,5.359,0.97,0.97,24.64,2.464,Factory Option,Passivate per ASTM A967,0.01345,0.265,0.265,6.73,0.673,Random,0.055,0.055,1.4,0.14
LE 055D 03 S316,LE 055D 03 S316,LE055D03S316,Extension Spring,11,Stock,,Yes,Yes,Yes,Yes,Yes,Yes,Yes,Yes,Yes,Standard Extension Series (inch),NR,Stainless Steel Type 316,SS 316,ASTM A313,0.375,0.375,9.53,0.953,0.01,0.01,0.25,0.025,1.5,1.5,38.1,3.81,0.035,0.035,0.89,0.089,21.16,21.16,3.706,37.06,0.3779,3.779,377.9,3779,2.116,2.116,0.3706,3.706,0.03779,0.3779,37.79,377.9,0.265,0.265,6.73,0.673,REF,Reference,Reference,Reference,16.4966,16.5,0.055,0.055,1.4,0.14,Standard Loops,1.666,1.666,7.411,0.7557,755.7,0.3332,0.3332,1.4821,0.15114,151.14,10.933,10.933,48.632,4.9592,4959.2,1.937,1.937,49.2,4.92,0.97,0.97,24.64,2.464,Factory Option,Ultrasonically Passivate with Citric Acid for 10 mins At 131 Deg F,0.01345,0.265,0.265,6.73,0.673,Random,0.055,0.055,1.4,0.14
LE 055D 04 M,LE 055D 04 M,LE055D04M,Extension Spring,11,Stock,,Yes,Yes,Yes,Yes,Yes,Yes,Yes,Yes,Yes,Standard Extension Series (inch),NR,Music Wire,MW,ASTM A228,0.375,0.375,9.53,0.953,0.01,0.01,0.25,0.025,1.75,1.75,44.45,4.445,0.04,0.04,1.02,0.102,19.9,19.9,3.485,34.85,0.3554,3.554,355.4,3554,1.99,1.99,0.3485,3.485,0.03554,0.3554,35.54,355.4,0.265,0.265,6.73,0.673,REF,Reference,Reference,Reference,21.0493,21,0.055,0.055,1.4,0.14,Standard Loops,2,2,8.896,0.9072,907.2,0.4,0.4,1.7793,0.18144,181.44,17.5,17.5,77.844,7.938,7938,2.53,2.53,64.26,6.426,1.22,1.22,30.99,3.099,Factory Option,Zinc Plate and Bake per ASTM B633,0.01645,0.265,0.265,6.73,0.673,Random,0.055,0.055,1.4,0.14
LE 055D 04 S,LE 055D 04 S,LE055D04S,Extension Spring,11,Stock,,Yes,Yes,Yes,Yes,Yes,Yes,Yes,Yes,Yes,Standard Extension Series (inch),NR,Stainless Steel,SS,ASTM A313,0.375,0.375,9.53,0.953,0.01,0.01,0.25,0.025,1.75,1.75,44.45,4.445,0.04,0.04,1.02,0.102,16.58,16.58,2.904,29.04,0.2961,2.961,296.1,2961,1.658,1.658,0.2904,2.904,0.02961,0.2961,29.61,296.1,0.265,0.265,6.73,0.673,REF,Reference,Reference,Reference,21.0535,21.1,0.055,0.055,1.4,0.14,Standard Loops,1.666,1.666,7.411,0.7557,755.7,0.3332,0.3332,1.4821,0.15114,151.14,14.5775,14.5775,64.844,6.6124,6612.4,2.53,2.53,64.26,6.426,1.22,1.22,30.99,3.099,Factory Option,Passivate per ASTM A967,0.01676,0.265,0.265,6.73,0.673,Random,0.055,0.055,1.4,0.14
LE 055D 04 S316,LE 055D 04 S316,LE055D04S316,Extension Spring,11,Stock,,Yes,Yes,Yes,Yes,Yes,Yes,Yes,Yes,Yes,Standard Extension Series (inch),NR,Stainless Steel Type 316,SS 316,ASTM A313,0.375,0.375,9.53,0.953,0.01,0.01,0.25,0.025,1.75,1.75,44.45,4.445,0.04,0.04,1.02,0.102,16.58,16.58,2.904,29.04,0.2961,2.961,296.1,2961,1.658,1.658,0.2904,2.904,0.02961,0.2961,29.61,296.1,0.265,0.265,6.73,0.673,REF,Reference,Reference,Reference,21.0535,21.1,0.055,0.055,1.4,0.14,Standard Loops,1.666,1.666,7.411,0.7557,755.7,0.3332,0.3332,1.4821,0.15114,151.14,10.933,10.933,48.632,4.9592,4959.2,2.308,2.308,58.62,5.862,1.22,1.22,30.99,3.099,Factory Option,Ultrasonically Passivate with Citric Acid for 10 mins At 131 Deg F,0.01676,0.265,0.265,6.73,0.673,Random,0.055,0.055,1.4,0.14
LE 055D 05 M,LE 055D 05 M,LE055D05M,Extension Spring,11,Stock,,Yes,Yes,Yes,Yes,Yes,Yes,Yes,Yes,Yes,Standard Extension Series (inch),NR,Music Wire,MW,ASTM A228,0.375,0.375,9.53,0.953,0.01,0.01,0.25,0.025,2,2,50.8,5.08,0.04,0.04,1.02,0.102,16.4,16.4,2.872,28.72,0.2929,2.929,292.9,2929,1.64,1.64,0.2872,2.872,0.02929,0.2929,29.29,292.9,0.265,0.265,6.73,0.673,REF,Reference,Reference,Reference,25.5416,25.5,0.055,0.055,1.4,0.14,Standard Loops,2,2,8.896,0.9072,907.2,0.4,0.4,1.7793,0.18144,181.44,17.5,17.5,77.844,7.938,7938,2.95,2.95,74.93,7.493,1.47,1.47,37.34,3.734,Factory Option,Zinc Plate and Bake per ASTM B633,0.01965,0.265,0.265,6.73,0.673,Random,0.055,0.055,1.4,0.14
LE 055D 05 S,LE 055D 05 S,LE055D05S,Extension Spring,11,Stock,,Yes,Yes,Yes,Yes,Yes,Yes,Yes,Yes,Yes,Standard Extension Series (inch),NR,Stainless Steel,SS,ASTM A313,0.375,0.375,9.53,0.953,0.01,0.01,0.25,0.025,2,2,50.8,5.08,0.04,0.04,1.02,0.102,13.66,13.66,2.392,23.92,0.2439,2.439,243.9,2439,1.366,1.366,0.2392,2.392,0.02439,0.2439,24.39,243.9,0.265,0.265,6.73,0.673,REF,Reference,Reference,Reference,25.554,25.6,0.055,0.055,1.4,0.14,Standard Loops,1.666,1.666,7.411,0.7557,755.7,0.3332,0.3332,1.4821,0.15114,151.14,14.5775,14.5775,64.844,6.6124,6612.4,2.95,2.95,74.93,7.493,1.47,1.47,37.34,3.734,Factory Option,Passivate per ASTM A967,0.02003,0.265,0.265,6.73,0.673,Random,0.055,0.055,1.4,0.14
LE 055D 05 S316,LE 055D 05 S316,LE055D05S316,Extension Spring,11,Stock,,Yes,Yes,Yes,Yes,Yes,Yes,Yes,Yes,Yes,Standard Extension Series (inch),NR,Stainless Steel Type 316,SS 316,ASTM A313,0.375,0.375,9.53,0.953,0.01,0.01,0.25,0.025,2,2,50.8,5.08,0.04,0.04,1.02,0.102,13.66,13.66,2.392,23.92,0.2439,2.439,243.9,2439,1.366,1.366,0.2392,2.392,0.02439,0.2439,24.39,243.9,0.265,0.265,6.73,0.673,REF,Reference,Reference,Reference,25.554,25.6,0.055,0.055,1.4,0.14,Standard Loops,1.666,1.666,7.411,0.7557,755.7,0.3332,0.3332,1.4821,0.15114,151.14,10.933,10.933,48.632,4.9592,4959.2,2.678,2.678,68.02,6.802,1.47,1.47,37.34,3.734,Factory Option,Ultrasonically Passivate with Citric Acid for 10 mins At 131 Deg F,0.02003,0.265,0.265,6.73,0.673,Random,0.055,0.055,1.4,0.14
LE 055D 06 M,LE 055D 06 M,LE055D06M,Extension Spring,11,Stock,,Yes,Yes,Yes,Yes,Yes,Yes,Yes,Yes,Yes,Standard Extension Series (inch),NR,Music Wire,MW,ASTM A228,0.375,0.375,9.53,0.953,0.01,0.01,0.25,0.025,2.25,2.25,57.15,5.715,0.05,0.05,1.27,0.127,13.9,13.9,2.434,24.34,0.2482,2.482,248.2,2482,1.39,1.39,0.2434,2.434,0.02482,0.2482,24.82,248.2,0.265,0.265,6.73,0.673,REF,Reference,Reference,Reference,30.1354,30.1,0.055,0.055,1.4,0.14,Standard Loops,2,2,8.896,0.9072,907.2,0.4,0.4,1.7793,0.18144,181.44,17.5,17.5,77.844,7.938,7938,3.37,3.37,85.6,8.56,1.72,1.72,43.69,4.369,Factory Option,Zinc Plate and Bake per ASTM B633,0.02293,0.265,0.265,6.73,0.673,Random,0.055,0.055,1.4,0.14
LE 055D 06 S,LE 055D 06 S,LE055D06S,Extension Spring,11,Stock,,Yes,Yes,Yes,Yes,Yes,Yes,Yes,Yes,Yes,Standard Extension Series (inch),NR,Stainless Steel,SS,ASTM A313,0.375,0.375,9.53,0.953,0.01,0.01,0.25,0.025,2.25,2.25,57.15,5.715,0.05,0.05,1.27,0.127,11.58,11.58,2.028,20.28,0.2068,2.068,206.8,2068,1.158,1.158,0.2028,2.028,0.02068,0.2068,20.68,206.8,0.265,0.265,6.73,0.673,REF,Reference,Reference,Reference,30.144,30.1,0.055,0.055,1.4,0.14,Standard Loops,1.666,1.666,7.411,0.7557,755.7,0.3332,0.3332,1.4821,0.15114,151.14,14.5775,14.5775,64.844,6.6124,6612.4,3.37,3.37,85.6,8.56,1.72,1.72,43.69,4.369,Factory Option,Passivate per ASTM A967,0.02337,0.265,0.265,6.73,0.673,Random,0.055,0.055,1.4,0.14
LE 055D 06 S316,LE 055D 06 S316,LE055D06S316,Extension Spring,11,Stock,,Yes,Yes,Yes,Yes,Yes,Yes,Yes,Yes,Yes,Standard Extension Series (inch),NR,Stainless Steel Type 316,SS 316,ASTM A313,0.375,0.375,9.53,0.953,0.01,0.01,0.25,0.025,2.25,2.25,57.15,5.715,0.05,0.05,1.27,0.127,11.58,11.58,2.028,20.28,0.2068,2.068,206.8,2068,1.158,1.158,0.2028,2.028,0.02068,0.2068,20.68,206.8,0.265,0.265,6.73,0.673,REF,Reference,Reference,Reference,30.144,30.1,0.055,0.055,1.4,0.14,Standard Loops,1.666,1.666,7.411,0.7557,755.7,0.3332,0.3332,1.4821,0.15114,151.14,10.933,10.933,48.632,4.9592,4959.2,3.05,3.05,77.47,7.747,1.72,1.72,43.69,4.369,Factory Option,Ultrasonically Passivate with Citric Acid for 10 mins At 131 Deg F,0.02337,0.265,0.265,6.73,0.673,Random,0.055,0.055,1.4,0.14
LE 055D 07 M,LE 055D 07 M,LE055D07M,Extension Spring,11,Stock,,Yes,Yes,Yes,Yes,Yes,Yes,Yes,Yes,Yes,Standard Extension Series (inch),NR,Music Wire,MW,ASTM A228,0.375,0.375,9.53,0.953,0.01,0.01,0.25,0.025,2.5,2.5,63.5,6.35,0.05,0.05,1.27,0.127,11.9,11.9,2.084,20.84,0.2125,2.125,212.5,2125,1.19,1.19,0.2084,2.084,0.02125,0.2125,21.25,212.5,0.265,0.265,6.73,0.673,REF,Reference,Reference,Reference,35.2001,35.2,0.055,0.055,1.4,0.14,Standard Loops,2,2,8.896,0.9072,907.2,0.4,0.4,1.7793,0.18144,181.44,17.5,17.5,77.844,7.938,7938,3.8,3.8,96.52,9.652,1.97,1.97,50.04,5.004,Factory Option,Zinc Plate and Bake per ASTM B633,0.02654,0.265,0.265,6.73,0.673,Random,0.055,0.055,1.4,0.14
LE 055D 07 S,LE 055D 07 S,LE055D07S,Extension Spring,11,Stock,,Yes,Yes,Yes,Yes,Yes,Yes,Yes,Yes,Yes,Standard Extension Series (inch),NR,Stainless Steel,SS,ASTM A313,0.375,0.375,9.53,0.953,0.01,0.01,0.25,0.025,2.5,2.5,63.5,6.35,0.05,0.05,1.27,0.127,9.91,9.91,1.736,17.36,0.177,1.77,177,1770,0.991,0.991,0.1736,1.736,0.0177,0.177,17.7,177,0.265,0.265,6.73,0.673,REF,Reference,Reference,Reference,35.2238,35.2,0.055,0.055,1.4,0.14,Standard Loops,1.666,1.666,7.411,0.7557,755.7,0.3332,0.3332,1.4821,0.15114,151.14,14.5775,14.5775,64.844,6.6124,6612.4,3.8,3.8,96.52,9.652,1.97,1.97,50.04,5.004,Factory Option,Passivate per ASTM A967,0.02707,0.265,0.265,6.73,0.673,Random,0.055,0.055,1.4,0.14
LE 055D 07 S316,LE 055D 07 S316,LE055D07S316,Extension Spring,11,Stock,,Yes,Yes,Yes,Yes,Yes,Yes,Yes,Yes,Yes,Standard Extension Series (inch),NR,Stainless Steel Type 316,SS 316,ASTM A313,0.375,0.375,9.53,0.953,0.01,0.01,0.25,0.025,2.5,2.5,63.5,6.35,0.05,0.05,1.27,0.127,9.91,9.91,1.736,17.36,0.177,1.77,177,1770,0.991,0.991,0.1736,1.736,0.0177,0.177,17.7,177,0.265,0.265,6.73,0.673,REF,Reference,Reference,Reference,35.2238,35.2,0.055,0.055,1.4,0.14,Standard Loops,1.666,1.666,7.411,0.7557,755.7,0.3332,0.3332,1.4821,0.15114,151.14,10.933,10.933,48.632,4.9592,4959.2,3.435,3.435,87.25,8.725,1.97,1.97,50.04,5.004,Factory Option,Ultrasonically Passivate with Citric Acid for 10 mins At 131 Deg F,0.02707,0.265,0.265,6.73,0.673,Random,0.055,0.055,1.4,0.14
LE 055D 08 M,LE 055D 08 M,LE055D08M,Extension Spring,11,Stock,,Yes,Yes,Yes,Yes,Yes,Yes,Yes,Yes,Yes,Standard Extension Series (inch),NR,Music Wire,MW,ASTM A228,0.375,0.375,9.53,0.953,0.01,0.01,0.25,0.025,2.75,2.75,69.85,6.985,0.05,0.05,1.27,0.127,10.6,10.6,1.856,18.56,0.1893,1.893,189.3,1893,1.06,1.06,0.1856,1.856,0.01893,0.1893,18.93,189.3,0.265,0.265,6.73,0.673,REF,Reference,Reference,Reference,39.5172,39.5,0.055,0.055,1.4,0.14,Standard Loops,2,2,8.896,0.9072,907.2,0.4,0.4,1.7793,0.18144,181.44,17.5,17.5,77.844,7.938,7938,4.21,4.21,106.93,10.693,2.22,2.22,56.39,5.639,Factory Option,Zinc Plate and Bake per ASTM B633,0.02962,0.265,0.265,6.73,0.673,Random,0.055,0.055,1.4,0.14
LE 055D 08 S,LE 055D 08 S,LE055D08S,Extension Spring,11,Stock,,Yes,Yes,Yes,Yes,Yes,Yes,Yes,Yes,Yes,Standard Extension Series (inch),NR,Stainless Steel,SS,ASTM A313,0.375,0.375,9.53,0.953,0.01,0.01,0.25,0.025,2.75,2.75,69.85,6.985,0.05,0.05,1.27,0.127,8.83,8.83,1.546,15.46,0.1577,1.577,157.7,1577,0.883,0.883,0.1546,1.546,0.01577,0.1577,15.77,157.7,0.265,0.265,6.73,0.673,REF,Reference,Reference,Reference,39.5321,39.5,0.055,0.055,1.4,0.14,Standard Loops,1.666,1.666,7.411,0.7557,755.7,0.3332,0.3332,1.4821,0.15114,151.14,14.5775,14.5775,64.844,6.6124,6612.4,4.21,4.21,106.93,10.693,2.22,2.22,56.39,5.639,Factory Option,Passivate per ASTM A967,0.0302,0.265,0.265,6.73,0.673,Random,0.055,0.055,1.4,0.14
LE 055D 08 S316,LE 055D 08 S316,LE055D08S316,Extension Spring,11,Stock,,Yes,Yes,Yes,Yes,Yes,Yes,Yes,Yes,Yes,Standard Extension Series (inch),NR,Stainless Steel Type 316,SS 316,ASTM A313,0.375,0.375,9.53,0.953,0.01,0.01,0.25,0.025,2.75,2.75,69.85,6.985,0.05,0.05,1.27,0.127,8.83,8.83,1.546,15.46,0.1577,1.577,157.7,1577,0.883,0.883,0.1546,1.546,0.01577,0.1577,15.77,157.7,0.265,0.265,6.73,0.673,REF,Reference,Reference,Reference,39.5321,39.5,0.055,0.055,1.4,0.14,Standard Loops,1.666,1.666,7.411,0.7557,755.7,0.3332,0.3332,1.4821,0.15114,151.14,10.933,10.933,48.632,4.9592,4959.2,3.799,3.799,96.49,9.649,2.22,2.22,56.39,5.639,Factory Option,Ultrasonically Passivate with Citric Acid for 10 mins At 131 Deg F,0.0302,0.265,0.265,6.73,0.673,Random,0.055,0.055,1.4,0.14
LE 055D 09 M,LE 055D 09 M,LE055D09M,Extension Spring,11,Stock,,Yes,Yes,Yes,Yes,Yes,Yes,Yes,Yes,Yes,Standard Extension Series (inch),NR,Music Wire,MW,ASTM A228,0.375,0.375,9.53,0.953,0.01,0.01,0.25,0.025,3,3,76.2,7.62,0.05,0.05,1.27,0.127,9.5,9.5,1.664,16.64,0.1697,1.697,169.7,1697,0.95,0.95,0.1664,1.664,0.01697,0.1697,16.97,169.7,0.265,0.265,6.73,0.673,REF,Reference,Reference,Reference,44.0928,44.1,0.055,0.055,1.4,0.14,Standard Loops,2,2,8.896,0.9072,907.2,0.4,0.4,1.7793,0.18144,181.44,17.5,17.5,77.844,7.938,7938,4.63,4.63,117.6,11.76,2.47,2.47,62.74,6.274,Factory Option,Zinc Plate and Bake per ASTM B633,0.03289,0.265,0.265,6.73,0.673,Random,0.055,0.055,1.4,0.14
LE 055D 09 S,LE 055D 09 S,LE055D09S,Extension Spring,11,Stock,,Yes,Yes,Yes,Yes,Yes,Yes,Yes,Yes,Yes,Standard Extension Series (inch),NR,Stainless Steel,SS,ASTM A313,0.375,0.375,9.53,0.953,0.01,0.01,0.25,0.025,3,3,76.2,7.62,0.05,0.05,1.27,0.127,7.91,7.91,1.385,13.85,0.1413,1.413,141.3,1413,0.791,0.791,0.1385,1.385,0.01413,0.1413,14.13,141.3,0.265,0.265,6.73,0.673,REF,Reference,Reference,Reference,44.13,44.1,0.055,0.055,1.4,0.14,Standard Loops,1.666,1.666,7.411,0.7557,755.7,0.3332,0.3332,1.4821,0.15114,151.14,14.5775,14.5775,64.844,6.6124,6612.4,4.63,4.63,117.6,11.76,2.47,2.47,62.74,6.274,Factory Option,Passivate per ASTM A967,0.03354,0.265,0.265,6.73,0.673,Random,0.055,0.055,1.4,0.14
LE 055D 09 S316,LE 055D 09 S316,LE055D09S316,Extension Spring,11,Stock,,Yes,Yes,Yes,Yes,Yes,Yes,Yes,Yes,Yes,Standard Extension Series (inch),NR,Stainless Steel Type 316,SS 316,ASTM A313,0.375,0.375,9.53,0.953,0.01,0.01,0.25,0.025,3,3,76.2,7.62,0.05,0.05,1.27,0.127,7.91,7.91,1.385,13.85,0.1413,1.413,141.3,1413,0.791,0.791,0.1385,1.385,0.01413,0.1413,14.13,141.3,0.265,0.265,6.73,0.673,REF,Reference,Reference,Reference,44.13,44.1,0.055,0.055,1.4,0.14,Standard Loops,1.666,1.666,7.411,0.7557,755.7,0.3332,0.3332,1.4821,0.15114,151.14,10.933,10.933,48.632,4.9592,4959.2,4.171,4.171,105.94,10.594,2.47,2.47,62.74,6.274,Factory Option,Ultrasonically Passivate with Citric Acid for 10 mins At 131 Deg F,0.03354,0.265,0.265,6.73,0.673,Random,0.055,0.055,1.4,0.14
LE 055D 0A M,LE 055D 0A M,LE055D0AM,Extension Spring,11,Stock,,Yes,Yes,Yes,Yes,Yes,Yes,Yes,Yes,Yes,Standard Extension Series (inch),NR,Music Wire,MW,ASTM A228,0.375,0.375,9.53,0.953,0.01,0.01,0.25,0.025,1.125,1.125,28.58,2.858,0.035,0.035,0.89,0.089,42.664,42.664,7.472,74.72,0.7619,7.619,761.9,7619,4.2664,4.2664,0.7472,7.472,0.07619,0.7619,76.19,761.9,0.265,0.265,6.73,0.673,REF,Reference,Reference,Reference,9.82,9.8,0.055,0.055,1.4,0.14,Standard Loops,2,2,8.896,0.9072,907.2,0.4,0.4,1.7793,0.18144,181.44,17.5,17.5,77.844,7.938,7938,1.488,1.488,37.8,3.78,0.595,0.595,15.11,1.511,Factory Option,Zinc Plate and Bake per ASTM B633,0.00842,0.265,0.265,6.73,0.673,Random,0.055,0.055,1.4,0.14
LE 055D 0A S,LE 055D 0A S,LE055D0AS,Extension Spring,11,Stock,,Yes,Yes,Yes,Yes,Yes,Yes,Yes,Yes,Yes,Standard Extension Series (inch),NR,Stainless Steel,SS,ASTM A313,0.375,0.375,9.53,0.953,0.01,0.01,0.25,0.025,1.125,1.125,28.58,2.858,0.035,0.035,0.89,0.089,35.553,35.553,6.227,62.27,0.6349,6.349,634.9,6349,3.5553,3.5553,0.6227,6.227,0.06349,0.6349,63.49,634.9,0.265,0.265,6.73,0.673,REF,Reference,Reference,Reference,9.82,9.8,0.055,0.055,1.4,0.14,Standard Loops,1.666,1.666,7.411,0.7557,755.7,0.3332,0.3332,1.4821,0.15114,151.14,14.5775,14.5775,64.844,6.6124,6612.4,1.488,1.488,37.8,3.78,0.595,0.595,15.11,1.511,Factory Option,Passivate per ASTM A967,0.00848,0.265,0.265,6.73,0.673,Random,0.055,0.055,1.4,0.14
LE 055D 0A S316,LE 055D 0A S316,LE055D0AS316,Extension Spring,11,Stock,,Yes,Yes,Yes,Yes,Yes,Yes,Yes,Yes,Yes,Standard Extension Series (inch),NR,Stainless Steel Type 316,SS 316,ASTM A313,0.375,0.375,9.53,0.953,0.01,0.01,0.25,0.025,1.125,1.125,28.58,2.858,0.035,0.035,0.89,0.089,35.553,35.553,6.227,62.27,0.6349,6.349,634.9,6349,3.5553,3.5553,0.6227,6.227,0.06349,0.6349,63.49,634.9,0.265,0.265,6.73,0.673,REF,Reference,Reference,Reference,9.82,9.8,0.055,0.055,1.4,0.14,Standard Loops,1.666,1.666,7.411,0.7557,755.7,0.3332,0.3332,1.4821,0.15114,151.14,10.933,10.933,48.632,4.9592,4959.2,1.385,1.385,35.18,3.518,0.595,0.595,15.11,1.511,Factory Option,Ultrasonically Passivate with Citric Acid for 10 mins At 131 Deg F,0.00848,0.265,0.265,6.73,0.673,Random,0.055,0.055,1.4,0.14
LE 055D 10 M,LE 055D 10 M,LE055D10M,Extension Spring,11,Stock,,Yes,Yes,Yes,Yes,Yes,Yes,Yes,Yes,Yes,Standard Extension Series (inch),NR,Music Wire,MW,ASTM A228,0.375,0.375,9.53,0.953,0.01,0.01,0.25,0.025,3.5,3.5,88.9,8.89,0.06,0.06,1.52,0.152,7.9,7.9,1.384,13.84,0.1411,1.411,141.1,1411,0.79,0.79,0.1384,1.384,0.01411,0.1411,14.11,141.1,0.265,0.265,6.73,0.673,REF,Reference,Reference,Reference,53.023,53,0.055,0.055,1.4,0.14,Standard Loops,2,2,8.896,0.9072,907.2,0.4,0.4,1.7793,0.18144,181.44,17.5,17.5,77.844,7.938,7938,5.46,5.46,138.68,13.868,2.97,2.97,75.44,7.544,Factory Option,Zinc Plate and Bake per ASTM B633,0.04112,0.265,0.265,6.73,0.673,Random,0.055,0.055,1.4,0.14
LE 055D 10 S,LE 055D 10 S,LE055D10S,Extension Spring,11,Stock,,Yes,Yes,Yes,Yes,Yes,Yes,Yes,Yes,Yes,Standard Extension Series (inch),NR,Stainless Steel,SS,ASTM A313,0.375,0.375,9.53,0.953,0.01,0.01,0.25,0.025,3.5,3.5,88.9,8.89,0.06,0.06,1.52,0.152,6.58,6.58,1.152,11.52,0.1175,1.175,117.5,1175,0.658,0.658,0.1152,1.152,0.01175,0.1175,11.75,117.5,0.265,0.265,6.73,0.673,REF,Reference,Reference,Reference,53.0499,53,0.055,0.055,1.4,0.14,Standard Loops,1.666,1.666,7.411,0.7557,755.7,0.3332,0.3332,1.4821,0.15114,151.14,14.5775,14.5775,64.844,6.6124,6612.4,5.46,5.46,138.68,13.868,2.97,2.97,75.44,7.544,Factory Option,Passivate per ASTM A967,0.04003,0.265,0.265,6.73,0.673,Random,0.055,0.055,1.4,0.14
LE 055D 10 S316,LE 055D 10 S316,LE055D10S316,Extension Spring,11,Stock,,Yes,Yes,Yes,Yes,Yes,Yes,Yes,Yes,Yes,Standard Extension Series (inch),NR,Stainless Steel Type 316,SS 316,ASTM A313,0.375,0.375,9.53,0.953,0.01,0.01,0.25,0.025,3.5,3.5,88.9,8.89,0.06,0.06,1.52,0.152,6.58,6.58,1.152,11.52,0.1175,1.175,117.5,1175,0.658,0.658,0.1152,1.152,0.01175,0.1175,11.75,117.5,0.265,0.265,6.73,0.673,REF,Reference,Reference,Reference,53.0499,53,0.055,0.055,1.4,0.14,Standard Loops,1.666,1.666,7.411,0.7557,755.7,0.3332,0.3332,1.4821,0.15114,151.14,10.933,10.933,48.632,4.9592,4959.2,4.908,4.908,124.66,12.466,2.97,2.97,75.44,7.544,Factory Option,Ultrasonically Passivate with Citric Acid for 10 mins At 131 Deg F,0.04003,0.265,0.265,6.73,0.673,Random,0.055,0.055,1.4,0.14
LE 055D 11 M,LE 055D 11 M,LE055D11M,Extension Spring,11,Stock,,Yes,Yes,Yes,Yes,Yes,Yes,Yes,Yes,Yes,Standard Extension Series (inch),NR,Music Wire,MW,ASTM A228,0.375,0.375,9.53,0.953,0.01,0.01,0.25,0.025,4,4,101.6,10.16,0.06,0.06,1.52,0.152,6.8,6.8,1.191,11.91,0.1214,1.214,121.4,1214,0.68,0.68,0.1191,1.191,0.01214,0.1214,12.14,121.4,0.265,0.265,6.73,0.673,REF,Reference,Reference,Reference,61.6003,61.6,0.055,0.055,1.4,0.14,Standard Loops,2,2,8.896,0.9072,907.2,0.4,0.4,1.7793,0.18144,181.44,17.5,17.5,77.844,7.938,7938,6.28,6.28,159.51,15.951,3.47,3.47,88.14,8.814,Factory Option,Zinc Plate and Bake per ASTM B633,0.04538,0.265,0.265,6.73,0.673,Random,0.055,0.055,1.4,0.14
LE 055D 11 S,LE 055D 11 S,LE055D11S,Extension Spring,11,Stock,,Yes,Yes,Yes,Yes,Yes,Yes,Yes,Yes,Yes,Standard Extension Series (inch),NR,Stainless Steel,SS,ASTM A313,0.375,0.375,9.53,0.953,0.01,0.01,0.25,0.025,4,4,101.6,10.16,0.06,0.06,1.52,0.152,5.66,5.66,0.991,9.91,0.1011,1.011,101.1,1011,0.566,0.566,0.0991,0.991,0.01011,0.1011,10.11,101.1,0.265,0.265,6.73,0.673,REF,Reference,Reference,Reference,61.6729,61.7,0.055,0.055,1.4,0.14,Standard Loops,1.666,1.666,7.411,0.7557,755.7,0.3332,0.3332,1.4821,0.15114,151.14,14.5775,14.5775,64.844,6.6124,6612.4,6.28,6.28,159.51,15.951,3.47,3.47,88.14,8.814,Factory Option,Passivate per ASTM A967,0.0463,0.265,0.265,6.73,0.673,Random,0.055,0.055,1.4,0.14
LE 055D 11 S316,LE 055D 11 S316,LE055D11S316,Extension Spring,11,Stock,,Yes,Yes,Yes,Yes,Yes,Yes,Yes,Yes,Yes,Standard Extension Series (inch),NR,Stainless Steel Type 316,SS 316,ASTM A313,0.375,0.375,9.53,0.953,0.01,0.01,0.25,0.025,4,4,101.6,10.16,0.06,0.06,1.52,0.152,5.66,5.66,0.991,9.91,0.1011,1.011,101.1,1011,0.566,0.566,0.0991,0.991,0.01011,0.1011,10.11,101.1,0.265,0.265,6.73,0.673,REF,Reference,Reference,Reference,61.6729,61.7,0.055,0.055,1.4,0.14,Standard Loops,1.666,1.666,7.411,0.7557,755.7,0.3332,0.3332,1.4821,0.15114,151.14,10.933,10.933,48.632,4.9592,4959.2,5.637,5.637,143.18,14.318,3.47,3.47,88.14,8.814,Factory Option,Ultrasonically Passivate with Citric Acid for 10 mins At 131 Deg F,0.0463,0.265,0.265,6.73,0.673,Random,0.055,0.055,1.4,0.14
LE 055D 12 M,LE 055D 12 M,LE055D12M,Extension Spring,11,Stock,,Yes,Yes,Yes,Yes,Yes,Yes,Yes,Yes,Yes,Standard Extension Series (inch),NR,Music Wire,MW,ASTM A228,0.375,0.375,9.53,0.953,0.01,0.01,0.25,0.025,4.5,4.5,114.3,11.43,0.075,0.075,1.91,0.191,5.9,5.9,1.033,10.33,0.1054,1.054,105.4,1054,0.59,0.59,0.1033,1.033,0.01054,0.1054,10.54,105.4,0.265,0.265,6.73,0.673,REF,Reference,Reference,Reference,70.997,71,0.055,0.055,1.4,0.14,Standard Loops,2,2,8.896,0.9072,907.2,0.4,0.4,1.7793,0.18144,181.44,17.5,17.5,77.844,7.938,7938,7.13,7.13,181.1,18.11,3.97,3.97,100.84,10.084,Factory Option,Zinc Plate and Bake per ASTM B633,0.05208,0.265,0.265,6.73,0.673,Random,0.055,0.055,1.4,0.14
LE 055D 12 S,LE 055D 12 S,LE055D12S,Extension Spring,11,Stock,,Yes,Yes,Yes,Yes,Yes,Yes,Yes,Yes,Yes,Standard Extension Series (inch),NR,Stainless Steel,SS,ASTM A313,0.375,0.375,9.53,0.953,0.01,0.01,0.25,0.025,4.5,4.5,114.3,11.43,0.075,0.075,1.91,0.191,4.91,4.91,0.86,8.6,0.0877,0.877,87.7,877,0.491,0.491,0.086,0.86,0.00877,0.0877,8.77,87.7,0.265,0.265,6.73,0.673,REF,Reference,Reference,Reference,71.0934,71.1,0.055,0.055,1.4,0.14,Standard Loops,1.666,1.666,7.411,0.7557,755.7,0.3332,0.3332,1.4821,0.15114,151.14,14.5775,14.5775,64.844,6.6124,6612.4,7.13,7.13,181.1,18.11,3.97,3.97,100.84,10.084,Factory Option,Passivate per ASTM A967,0.05315,0.265,0.265,6.73,0.673,Random,0.055,0.055,1.4,0.14
LE 055D 12 S316,LE 055D 12 S316,LE055D12S316,Extension Spring,11,Stock,,Yes,Yes,Yes,Yes,Yes,Yes,Yes,Yes,Yes,Standard Extension Series (inch),NR,Stainless Steel Type 316,SS 316,ASTM A313,0.375,0.375,9.53,0.953,0.01,0.01,0.25,0.025,4.5,4.5,114.3,11.43,0.075,0.075,1.91,0.191,4.91,4.91,0.86,8.6,0.0877,0.877,87.7,877,0.491,0.491,0.086,0.86,0.00877,0.0877,8.77,87.7,0.265,0.265,6.73,0.673,REF,Reference,Reference,Reference,71.0934,71.1,0.055,0.055,1.4,0.14,Standard Loops,1.666,1.666,7.411,0.7557,755.7,0.3332,0.3332,1.4821,0.15114,151.14,10.933,10.933,48.632,4.9592,4959.2,6.387,6.387,162.23,16.223,3.97,3.97,100.84,10.084,Factory Option,Ultrasonically Passivate with Citric Acid for 10 mins At 131 Deg F,0.05315,0.265,0.265,6.73,0.673,Random,0.055,0.055,1.4,0.14
LE 055D 13 M,LE 055D 13 M,LE055D13M,Extension Spring,11,Stock,,Yes,Yes,Yes,Yes,Yes,Yes,Yes,Yes,Yes,Standard Extension Series (inch),NR,Music Wire,MW,ASTM A228,0.375,0.375,9.53,0.953,0.01,0.01,0.25,0.025,5,5,127,12.7,0.075,0.075,1.91,0.191,5.3,5.3,0.928,9.28,0.0946,0.946,94.6,946,0.53,0.53,0.0928,0.928,0.00946,0.0946,9.46,94.6,0.265,0.265,6.73,0.673,REF,Reference,Reference,Reference,79.0344,79,0.055,0.055,1.4,0.14,Standard Loops,2,2,8.896,0.9072,907.2,0.4,0.4,1.7793,0.18144,181.44,17.5,17.5,77.844,7.938,7938,7.92,7.92,201.17,20.117,4.47,4.47,113.54,11.354,Factory Option,Zinc Plate and Bake per ASTM B633,0.05782,0.265,0.265,6.73,0.673,Random,0.055,0.055,1.4,0.14
LE 055D 13 S,LE 055D 13 S,LE055D13S,Extension Spring,11,Stock,,Yes,Yes,Yes,Yes,Yes,Yes,Yes,Yes,Yes,Standard Extension Series (inch),NR,Stainless Steel,SS,ASTM A313,0.375,0.375,9.53,0.953,0.01,0.01,0.25,0.025,5,5,127,12.7,0.075,0.075,1.91,0.191,4.41,4.41,0.772,7.72,0.0788,0.788,78.8,788,0.441,0.441,0.0772,0.772,0.00788,0.0788,7.88,78.8,0.265,0.265,6.73,0.673,REF,Reference,Reference,Reference,79.1538,79.2,0.055,0.055,1.4,0.14,Standard Loops,1.666,1.666,7.411,0.7557,755.7,0.3332,0.3332,1.4821,0.15114,151.14,14.5775,14.5775,64.844,6.6124,6612.4,7.92,7.92,201.17,20.117,4.47,4.47,113.54,11.354,Factory Option,Passivate per ASTM A967,0.05901,0.265,0.265,6.73,0.673,Random,0.055,0.055,1.4,0.14
LE 055D 13 S316,LE 055D 13 S316,LE055D13S316,Extension Spring,11,Stock,,Yes,Yes,Yes,Yes,Yes,Yes,Yes,Yes,Yes,Standard Extension Series (inch),NR,Stainless Steel Type 316,SS 316,ASTM A313,0.375,0.375,9.53,0.953,0.01,0.01,0.25,0.025,5,5,127,12.7,0.075,0.075,1.91,0.191,4.41,4.41,0.772,7.72,0.0788,0.788,78.8,788,0.441,0.441,0.0772,0.772,0.00788,0.0788,7.88,78.8,0.265,0.265,6.73,0.673,REF,Reference,Reference,Reference,79.1538,79.2,0.055,0.055,1.4,0.14,Standard Loops,1.666,1.666,7.411,0.7557,755.7,0.3332,0.3332,1.4821,0.15114,151.14,10.933,10.933,48.632,4.9592,4959.2,7.101,7.101,180.37,18.037,4.47,4.47,113.54,11.354,Factory Option,Ultrasonically Passivate with Citric Acid for 10 mins At 131 Deg F,0.05901,0.265,0.265,6.73,0.673,Random,0.055,0.055,1.4,0.14
LE 055D 14 M,LE 055D 14 M,LE055D14M,Extension Spring,11,Stock,,Yes,Yes,Yes,Yes,Yes,Yes,Yes,Yes,Yes,Standard Extension Series (inch),NR,Music Wire,MW,ASTM A228,0.375,0.375,9.53,0.953,0.01,0.01,0.25,0.025,5.5,5.5,139.7,13.97,0.093,0.093,2.36,0.236,4.68,4.68,0.82,8.2,0.0836,0.836,83.6,836,0.468,0.468,0.082,0.82,0.00836,0.0836,8.36,83.6,0.265,0.265,6.73,0.673,REF,Reference,Reference,Reference,89.5047,89.5,0.055,0.055,1.4,0.14,Standard Loops,2,2,8.896,0.9072,907.2,0.4,0.4,1.7793,0.18144,181.44,17.5,17.5,77.844,7.938,7938,8.81,8.81,223.77,22.377,4.97,4.97,126.24,12.624,Factory Option,Zinc Plate and Bake per ASTM B633,0.06529,0.265,0.265,6.73,0.673,Random,0.055,0.055,1.4,0.14
LE 055D 14 S,LE 055D 14 S,LE055D14S,Extension Spring,11,Stock,,Yes,Yes,Yes,Yes,Yes,Yes,Yes,Yes,Yes,Standard Extension Series (inch),NR,Stainless Steel,SS,ASTM A313,0.375,0.375,9.53,0.953,0.01,0.01,0.25,0.025,5.5,5.5,139.7,13.97,0.093,0.093,2.36,0.236,3.9,3.9,0.683,6.83,0.0696,0.696,69.6,696,0.39,0.39,0.0683,0.683,0.00696,0.0696,6.96,69.6,0.265,0.265,6.73,0.673,REF,Reference,Reference,Reference,89.5047,89.5,0.055,0.055,1.4,0.14,Standard Loops,1.666,1.666,7.411,0.7557,755.7,0.3332,0.3332,1.4821,0.15114,151.14,14.5775,14.5775,64.844,6.6124,6612.4,8.81,8.81,223.77,22.377,4.97,4.97,126.24,12.624,Factory Option,Passivate per ASTM A967,0.06653,0.265,0.265,6.73,0.673,Random,0.055,0.055,1.4,0.14
LE 055D 14 S316,LE 055D 14 S316,LE055D14S316,Extension Spring,11,Stock,,Yes,Yes,Yes,Yes,Yes,Yes,Yes,Yes,Yes,Standard Extension Series (inch),NR,Stainless Steel Type 316,SS 316,ASTM A313,0.375,0.375,9.53,0.953,0.01,0.01,0.25,0.025,5.5,5.5,139.7,13.97,0.093,0.093,2.36,0.236,3.9,3.9,0.683,6.83,0.0696,0.696,69.6,696,0.39,0.39,0.0683,0.683,0.00696,0.0696,6.96,69.6,0.265,0.265,6.73,0.673,REF,Reference,Reference,Reference,89.5047,89.5,0.055,0.055,1.4,0.14,Standard Loops,1.666,1.666,7.411,0.7557,755.7,0.3332,0.3332,1.4821,0.15114,151.14,10.933,10.933,48.632,4.9592,4959.2,7.876,7.876,200.05,20.005,4.97,4.97,126.24,12.624,Factory Option,Ultrasonically Passivate with Citric Acid for 10 mins At 131 Deg F,0.06653,0.265,0.265,6.73,0.673,Random,0.055,0.055,1.4,0.14
LE 055D 15 M,LE 055D 15 M,LE055D15M,Extension Spring,11,Stock,,Yes,Yes,Yes,Yes,Yes,Yes,Yes,Yes,Yes,Standard Extension Series (inch),NR,Music Wire,MW,ASTM A228,0.375,0.375,9.53,0.953,0.01,0.01,0.25,0.025,6,6,152.4,15.24,0.093,0.093,2.36,0.236,4.23,4.23,0.741,7.41,0.0755,0.755,75.5,755,0.423,0.423,0.0741,0.741,0.00755,0.0755,7.55,75.5,0.265,0.265,6.73,0.673,REF,Reference,Reference,Reference,99.0265,99,0.055,0.055,1.4,0.14,Standard Loops,2,2,8.896,0.9072,907.2,0.4,0.4,1.7793,0.18144,181.44,17.5,17.5,77.844,7.938,7938,9.66,9.66,245.36,24.536,5.47,5.47,138.94,13.894,Factory Option,Zinc Plate and Bake per ASTM B633,0.07208,0.265,0.265,6.73,0.673,Random,0.055,0.055,1.4,0.14
LE 055D 15 S,LE 055D 15 S,LE055D15S,Extension Spring,11,Stock,,Yes,Yes,Yes,Yes,Yes,Yes,Yes,Yes,Yes,Standard Extension Series (inch),NR,Stainless Steel,SS,ASTM A313,0.375,0.375,9.53,0.953,0.01,0.01,0.25,0.025,6,6,152.4,15.24,0.093,0.093,2.36,0.236,3.52,3.52,0.616,6.16,0.0629,0.629,62.9,629,0.352,0.352,0.0616,0.616,0.00629,0.0629,6.29,62.9,0.265,0.265,6.73,0.673,REF,Reference,Reference,Reference,99.1672,99.2,0.055,0.055,1.4,0.14,Standard Loops,1.666,1.666,7.411,0.7557,755.7,0.3332,0.3332,1.4821,0.15114,151.14,14.5775,14.5775,64.844,6.6124,6612.4,9.66,9.66,245.36,24.536,5.47,5.47,138.94,13.894,Factory Option,Passivate per ASTM A967,0.07356,0.265,0.265,6.73,0.673,Random,0.055,0.055,1.4,0.14
LE 055D 15 S316,LE 055D 15 S316,LE055D15S316,Extension Spring,11,Stock,,Yes,Yes,Yes,Yes,Yes,Yes,Yes,Yes,Yes,Standard Extension Series (inch),NR,Stainless Steel Type 316,SS 316,ASTM A313,0.375,0.375,9.53,0.953,0.01,0.01,0.25,0.025,6,6,152.4,15.24,0.093,0.093,2.36,0.236,3.52,3.52,0.616,6.16,0.0629,0.629,62.9,629,0.352,0.352,0.0616,0.616,0.00629,0.0629,6.29,62.9,0.265,0.265,6.73,0.673,REF,Reference,Reference,Reference,99.1672,99.2,0.055,0.055,1.4,0.14,Standard Loops,1.666,1.666,7.411,0.7557,755.7,0.3332,0.3332,1.4821,0.15114,151.14,10.933,10.933,48.632,4.9592,4959.2,8.632,8.632,219.25,21.925,5.47,5.47,138.94,13.894,Factory Option,Ultrasonically Passivate with Citric Acid for 10 mins At 131 Deg F,0.07356,0.265,0.265,6.73,0.673,Random,0.055,0.055,1.4,0.14
LE 055DD 01M,LE 055DD 01M,LE055DD01M,Extension Spring,11,Stock,,Yes,Yes,Yes,Yes,Yes,Yes,Yes,Yes,Yes,Standard Extension Series (inch),NR,Music Wire,MW,ASTM A228,0.42,0.42,10.67,1.067,0.01,0.01,0.25,0.025,1,1,25.4,2.54,0.03,0.03,0.76,0.076,56.6,56.6,9.913,99.13,1.0108,10.108,1010.8,10108,5.66,5.66,0.9913,9.913,0.10108,1.0108,101.08,1010.8,0.31,0.31,7.87,0.787,REF,Reference,Reference,Reference,4.99,5,0.055,0.055,1.4,0.14,Standard Loops,1.4,1.4,6.228,0.635,635,0.28,0.28,1.2455,0.12701,127.01,16.11,16.11,71.661,7.3075,7307.5,1.26,1.26,32,3.2,0.38,0.38,9.65,0.965,Factory Option,Zinc Plate and Bake per ASTM B633,0.0057,0.31,0.31,7.87,0.787,Random,0.055,0.055,1.4,0.14
LE 055DD 01S,LE 055DD 01S,LE055DD01S,Extension Spring,11,Stock,,Yes,Yes,Yes,Yes,Yes,Yes,Yes,Yes,Yes,Standard Extension Series (inch),NR,Stainless Steel,SS,ASTM A313,0.42,0.42,10.67,1.067,0.01,0.01,0.25,0.025,1,1,25.4,2.54,0.03,0.03,0.76,0.076,47.1696,47.17,8.261,82.61,0.8424,8.424,842.4,8424,4.717,4.717,0.8261,8.261,0.08424,0.8424,84.24,842.4,0.31,0.31,7.87,0.787,REF,Reference,Reference,Reference,4.99,5,0.055,0.055,1.4,0.14,Standard Loops,1.17,1.17,5.204,0.5307,530.7,0.234,0.234,1.0409,0.10614,106.14,13.425,13.425,59.717,6.0896,6089.6,1.26,1.26,32,3.2,0.38,0.38,9.65,0.965,Factory Option,Passivate per ASTM A967,0.0058,0.31,0.31,7.87,0.787,Random,0.055,0.055,1.4,0.14
LE 055DD 01S316,LE 055DD 01S316,LE055DD01S316,Extension Spring,11,Stock,,Yes,Yes,Yes,Yes,Yes,Yes,Yes,Yes,Yes,Standard Extension Series (inch),NR,Stainless Steel Type 316,SS 316,ASTM A313,0.42,0.42,10.67,1.067,0.01,0.01,0.25,0.025,1,1,25.4,2.54,0.03,0.03,0.76,0.076,47.1696,47.17,8.261,82.61,0.8424,8.424,842.4,8424,4.717,4.717,0.8261,8.261,0.08424,0.8424,84.24,842.4,0.31,0.31,7.87,0.787,REF,Reference,Reference,Reference,4.99,5,0.055,0.055,1.4,0.14,Standard Loops,1.17,1.17,5.204,0.5307,530.7,0.234,0.234,1.0409,0.10614,106.14,10.068,10.068,44.785,4.5668,4566.8,1.188,1.188,30.18,3.018,0.38,0.38,9.65,0.965,Factory Option,Ultrasonically Passivate with Citric Acid for 10 mins At 131 Deg F,0.0058,0.31,0.31,7.87,0.787,Random,0.055,0.055,1.4,0.14
LE 055DD 02M,LE 055DD 02M,LE055DD02M,Extension Spring,11,Stock,,Yes,Yes,Yes,Yes,Yes,Yes,Yes,Yes,Yes,Standard Extension Series (inch),NR,Music Wire,MW,ASTM A228,0.42,0.42,10.67,1.067,0.01,0.01,0.25,0.025,1.125,1.125,28.58,2.858,0.04,0.04,1.02,0.102,38.8,38.8,6.795,67.95,0.6929,6.929,692.9,6929,3.88,3.88,0.6795,6.795,0.06929,0.6929,69.29,692.9,0.31,0.31,7.87,0.787,REF,Reference,Reference,Reference,7.27,7.3,0.055,0.055,1.4,0.14,Standard Loops,1.4,1.4,6.228,0.635,635,0.28,0.28,1.2455,0.12701,127.01,16.11,16.11,71.661,7.3075,7307.5,1.504,1.504,38.2,3.82,0.505,0.505,12.83,1.283,Factory Option,Zinc Plate and Bake per ASTM B633,0.0075,0.31,0.31,7.87,0.787,Random,0.055,0.055,1.4,0.14
LE 055DD 02S,LE 055DD 02S,LE055DD02S,Extension Spring,11,Stock,,Yes,Yes,Yes,Yes,Yes,Yes,Yes,Yes,Yes,Standard Extension Series (inch),NR,Stainless Steel,SS,ASTM A313,0.42,0.42,10.67,1.067,0.01,0.01,0.25,0.025,1.125,1.125,28.58,2.858,0.04,0.04,1.02,0.102,32.3299,32.33,5.662,56.62,0.5773,5.773,577.3,5773,3.233,3.233,0.5662,5.662,0.05773,0.5773,57.73,577.3,0.31,0.31,7.87,0.787,REF,Reference,Reference,Reference,7.28,7.3,0.055,0.055,1.4,0.14,Standard Loops,1.17,1.17,5.204,0.5307,530.7,0.234,0.234,1.0409,0.10614,106.14,13.425,13.425,59.717,6.0896,6089.6,1.504,1.504,38.2,3.82,0.505,0.505,12.83,1.283,Factory Option,Passivate per ASTM A967,0.0077,0.31,0.31,7.87,0.787,Random,0.055,0.055,1.4,0.14
LE 055DD 02S316,LE 055DD 02S316,LE055DD02S316,Extension Spring,11,Stock,,Yes,Yes,Yes,Yes,Yes,Yes,Yes,Yes,Yes,Standard Extension Series (inch),NR,Stainless Steel Type 316,SS 316,ASTM A313,0.42,0.42,10.67,1.067,0.01,0.01,0.25,0.025,1.125,1.125,28.58,2.858,0.04,0.04,1.02,0.102,32.3299,32.33,5.662,56.62,0.5773,5.773,577.3,5773,3.233,3.233,0.5662,5.662,0.05773,0.5773,57.73,577.3,0.31,0.31,7.87,0.787,REF,Reference,Reference,Reference,7.28,7.3,0.055,0.055,1.4,0.14,Standard Loops,1.17,1.17,5.204,0.5307,530.7,0.234,0.234,1.0409,0.10614,106.14,10.068,10.068,44.785,4.5668,4566.8,1.4,1.4,35.56,3.556,0.505,0.505,12.83,1.283,Factory Option,Ultrasonically Passivate with Citric Acid for 10 mins At 131 Deg F,0.0077,0.31,0.31,7.87,0.787,Random,0.055,0.055,1.4,0.14
LE 055DD 03M,LE 055DD 03M,LE055DD03M,Extension Spring,11,Stock,,Yes,Yes,Yes,Yes,Yes,Yes,Yes,Yes,Yes,Standard Extension Series (inch),NR,Music Wire,MW,ASTM A228,0.42,0.42,10.67,1.067,0.01,0.01,0.25,0.025,1.25,1.25,31.75,3.175,0.04,0.04,1.02,0.102,29,29,5.079,50.79,0.5179,5.179,517.9,5179,2.9,2.9,0.5079,5.079,0.05179,0.5179,51.79,517.9,0.31,0.31,7.87,0.787,REF,Reference,Reference,Reference,9.73,9.7,0.055,0.055,1.4,0.14,Standard Loops,1.4,1.4,6.228,0.635,635,0.28,0.28,1.2455,0.12701,127.01,16.11,16.11,71.661,7.3075,7307.5,1.757,1.757,44.63,4.463,0.63,0.63,16,1.6,Factory Option,Zinc Plate and Bake per ASTM B633,0.0095,0.31,0.31,7.87,0.787,Random,0.055,0.055,1.4,0.14
LE 055DD 03S,LE 055DD 03S,LE055DD03S,Extension Spring,11,Stock,,Yes,Yes,Yes,Yes,Yes,Yes,Yes,Yes,Yes,Standard Extension Series (inch),NR,Stainless Steel,SS,ASTM A313,0.42,0.42,10.67,1.067,0.01,0.01,0.25,0.025,1.25,1.25,31.75,3.175,0.04,0.04,1.02,0.102,24.17,24.17,4.233,42.33,0.4316,4.316,431.6,4316,2.417,2.417,0.4233,4.233,0.04316,0.4316,43.16,431.6,0.31,0.31,7.87,0.787,REF,Reference,Reference,Reference,9.73,9.7,0.055,0.055,1.4,0.14,Standard Loops,1.17,1.17,5.204,0.5307,530.7,0.234,0.234,1.0409,0.10614,106.14,13.425,13.425,59.717,6.0896,6089.6,1.757,1.757,44.63,4.463,0.63,0.63,16,1.6,Factory Option,Passivate per ASTM A967,0.0097,0.31,0.31,7.87,0.787,Random,0.055,0.055,1.4,0.14
LE 055DD 03S316,LE 055DD 03S316,LE055DD03S316,Extension Spring,11,Stock,,Yes,Yes,Yes,Yes,Yes,Yes,Yes,Yes,Yes,Standard Extension Series (inch),NR,Stainless Steel Type 316,SS 316,ASTM A313,0.42,0.42,10.67,1.067,0.01,0.01,0.25,0.025,1.25,1.25,31.75,3.175,0.04,0.04,1.02,0.102,24.17,24.17,4.233,42.33,0.4316,4.316,431.6,4316,2.417,2.417,0.4233,4.233,0.04316,0.4316,43.16,431.6,0.31,0.31,7.87,0.787,REF,Reference,Reference,Reference,9.73,9.7,0.055,0.055,1.4,0.14,Standard Loops,1.17,1.17,5.204,0.5307,530.7,0.234,0.234,1.0409,0.10614,106.14,10.068,10.068,44.785,4.5668,4566.8,1.618,1.618,41.1,4.11,0.63,0.63,16,1.6,Factory Option,Ultrasonically Passivate with Citric Acid for 10 mins At 131 Deg F,0.0097,0.31,0.31,7.87,0.787,Random,0.055,0.055,1.4,0.14
LE 055DD 04M,LE 055DD 04M,LE055DD04M,Extension Spring,11,Stock,,Yes,Yes,Yes,Yes,Yes,Yes,Yes,Yes,Yes,Standard Extension Series (inch),NR,Music Wire,MW,ASTM A228,0.42,0.42,10.67,1.067,0.01,0.01,0.25,0.025,1.375,1.375,34.93,3.493,0.04,0.04,1.02,0.102,23.5,23.5,4.116,41.16,0.4197,4.197,419.7,4197,2.35,2.35,0.4116,4.116,0.04197,0.4197,41.97,419.7,0.31,0.31,7.87,0.787,REF,Reference,Reference,Reference,12.01,12,0.055,0.055,1.4,0.14,Standard Loops,1.4,1.4,6.228,0.635,635,0.28,0.28,1.2455,0.12701,127.01,16.11,16.11,71.661,7.3075,7307.5,2,2,50.8,5.08,0.755,0.755,19.18,1.918,Factory Option,Zinc Plate and Bake per ASTM B633,0.0114,0.31,0.31,7.87,0.787,Random,0.055,0.055,1.4,0.14
LE 055DD 04S,LE 055DD 04S,LE055DD04S,Extension Spring,11,Stock,,Yes,Yes,Yes,Yes,Yes,Yes,Yes,Yes,Yes,Standard Extension Series (inch),NR,Stainless Steel,SS,ASTM A313,0.42,0.42,10.67,1.067,0.01,0.01,0.25,0.025,1.375,1.375,34.93,3.493,0.04,0.04,1.02,0.102,19.5799,19.58,3.429,34.29,0.3497,3.497,349.7,3497,1.958,1.958,0.3429,3.429,0.03497,0.3497,34.97,349.7,0.31,0.31,7.87,0.787,REF,Reference,Reference,Reference,12.01,12,0.055,0.055,1.4,0.14,Standard Loops,1.17,1.17,5.204,0.5307,530.7,0.234,0.234,1.0409,0.10614,106.14,13.425,13.425,59.717,6.0896,6089.6,2,2,50.8,5.08,0.755,0.755,19.18,1.918,Factory Option,Passivate per ASTM A967,0.0116,0.31,0.31,7.87,0.787,Random,0.055,0.055,1.4,0.14
LE 055DD 04S316,LE 055DD 04S316,LE055DD04S316,Extension Spring,11,Stock,,Yes,Yes,Yes,Yes,Yes,Yes,Yes,Yes,Yes,Standard Extension Series (inch),NR,Stainless Steel Type 316,SS 316,ASTM A313,0.42,0.42,10.67,1.067,0.01,0.01,0.25,0.025,1.375,1.375,34.93,3.493,0.04,0.04,1.02,0.102,19.5799,19.58,3.429,34.29,0.3497,3.497,349.7,3497,1.958,1.958,0.3429,3.429,0.03497,0.3497,34.97,349.7,0.31,0.31,7.87,0.787,REF,Reference,Reference,Reference,12.01,12,0.055,0.055,1.4,0.14,Standard Loops,1.17,1.17,5.204,0.5307,530.7,0.234,0.234,1.0409,0.10614,106.14,10.068,10.068,44.785,4.5668,4566.8,1.829,1.829,46.46,4.646,0.755,0.755,19.18,1.918,Factory Option,Ultrasonically Passivate with Citric Acid for 10 mins At 131 Deg F,0.0116,0.31,0.31,7.87,0.787,Random,0.055,0.055,1.4,0.14
LE 055DD 05M,LE 055DD 05M,LE055DD05M,Extension Spring,11,Stock,,Yes,Yes,Yes,Yes,Yes,Yes,Yes,Yes,Yes,Standard Extension Series (inch),NR,Music Wire,MW,ASTM A228,0.42,0.42,10.67,1.067,0.01,0.01,0.25,0.025,1.5,1.5,38.1,3.81,0.04,0.04,1.02,0.102,19.5,19.5,3.415,34.15,0.3482,3.482,348.2,3482,1.95,1.95,0.3415,3.415,0.03482,0.3482,34.82,348.2,0.31,0.31,7.87,0.787,REF,Reference,Reference,Reference,14.48,14.5,0.055,0.055,1.4,0.14,Standard Loops,1.4,1.4,6.228,0.635,635,0.28,0.28,1.2455,0.12701,127.01,16.11,16.11,71.661,7.3075,7307.5,2.254,2.254,57.25,5.725,0.88,0.88,22.35,2.235,Factory Option,Zinc Plate and Bake per ASTM B633,0.0134,0.31,0.31,7.87,0.787,Random,0.055,0.055,1.4,0.14
LE 055DD 05S,LE 055DD 05S,LE055DD05S,Extension Spring,11,Stock,,Yes,Yes,Yes,Yes,Yes,Yes,Yes,Yes,Yes,Standard Extension Series (inch),NR,Stainless Steel,SS,ASTM A313,0.42,0.42,10.67,1.067,0.01,0.01,0.25,0.025,1.5,1.5,38.1,3.81,0.04,0.04,1.02,0.102,16.2502,16.25,2.846,28.46,0.2902,2.902,290.2,2902,1.625,1.625,0.2846,2.846,0.02902,0.2902,29.02,290.2,0.31,0.31,7.87,0.787,REF,Reference,Reference,Reference,14.48,14.5,0.055,0.055,1.4,0.14,Standard Loops,1.17,1.17,5.204,0.5307,530.7,0.234,0.234,1.0409,0.10614,106.14,13.425,13.425,59.717,6.0896,6089.6,2.254,2.254,57.25,5.725,0.88,0.88,22.35,2.235,Factory Option,Passivate per ASTM A967,0.0137,0.31,0.31,7.87,0.787,Random,0.055,0.055,1.4,0.14
LE 055DD 05S316,LE 055DD 05S316,LE055DD05S316,Extension Spring,11,Stock,,Yes,Yes,Yes,Yes,Yes,Yes,Yes,Yes,Yes,Standard Extension Series (inch),NR,Stainless Steel Type 316,SS 316,ASTM A313,0.42,0.42,10.67,1.067,0.01,0.01,0.25,0.025,1.5,1.5,38.1,3.81,0.04,0.04,1.02,0.102,16.2502,16.25,2.846,28.46,0.2902,2.902,290.2,2902,1.625,1.625,0.2846,2.846,0.02902,0.2902,29.02,290.2,0.31,0.31,7.87,0.787,REF,Reference,Reference,Reference,14.48,14.5,0.055,0.055,1.4,0.14,Standard Loops,1.17,1.17,5.204,0.5307,530.7,0.234,0.234,1.0409,0.10614,106.14,10.068,10.068,44.785,4.5668,4566.8,2.047,2.047,51.99,5.199,0.88,0.88,22.35,2.235,Factory Option,Ultrasonically Passivate with Citric Acid for 10 mins At 131 Deg F,0.0137,0.31,0.31,7.87,0.787,Random,0.055,0.055,1.4,0.14
LE 055DD 06M,LE 055DD 06M,LE055DD06M,Extension Spring,11,Stock,,Yes,Yes,Yes,Yes,Yes,Yes,Yes,Yes,Yes,Standard Extension Series (inch),NR,Music Wire,MW,ASTM A228,0.42,0.42,10.67,1.067,0.01,0.01,0.25,0.025,1.75,1.75,44.45,4.445,0.04,0.04,1.02,0.102,14.7,14.7,2.574,25.74,0.2625,2.625,262.5,2625,1.47,1.47,0.2574,2.574,0.02625,0.2625,26.25,262.5,0.31,0.31,7.87,0.787,REF,Reference,Reference,Reference,19.2,19.2,0.055,0.055,1.4,0.14,Standard Loops,1.4,1.4,6.228,0.635,635,0.28,0.28,1.2455,0.12701,127.01,16.11,16.11,71.661,7.3075,7307.5,2.751,2.751,69.88,6.988,1.13,1.13,28.7,2.87,Factory Option,Zinc Plate and Bake per ASTM B633,0.0173,0.31,0.31,7.87,0.787,Random,0.055,0.055,1.4,0.14
LE 055DD 06S,LE 055DD 06S,LE055DD06S,Extension Spring,11,Stock,,Yes,Yes,Yes,Yes,Yes,Yes,Yes,Yes,Yes,Standard Extension Series (inch),NR,Stainless Steel,SS,ASTM A313,0.42,0.42,10.67,1.067,0.01,0.01,0.25,0.025,1.75,1.75,44.45,4.445,0.04,0.04,1.02,0.102,12.25,12.25,2.145,21.45,0.2188,2.188,218.8,2188,1.225,1.225,0.2145,2.145,0.02188,0.2188,21.88,218.8,0.31,0.31,7.87,0.787,REF,Reference,Reference,Reference,19.2,19.2,0.055,0.055,1.4,0.14,Standard Loops,1.17,1.17,5.204,0.5307,530.7,0.234,0.234,1.0409,0.10614,106.14,13.425,13.425,59.717,6.0896,6089.6,2.75,2.75,69.85,6.985,1.13,1.13,28.7,2.87,Factory Option,Passivate per ASTM A967,0.0176,0.31,0.31,7.87,0.787,Random,0.055,0.055,1.4,0.14
LE 055DD 06S316,LE 055DD 06S316,LE055DD06S316,Extension Spring,11,Stock,,Yes,Yes,Yes,Yes,Yes,Yes,Yes,Yes,Yes,Standard Extension Series (inch),NR,Stainless Steel Type 316,SS 316,ASTM A313,0.42,0.42,10.67,1.067,0.01,0.01,0.25,0.025,1.75,1.75,44.45,4.445,0.04,0.04,1.02,0.102,12.25,12.25,2.145,21.45,0.2188,2.188,218.8,2188,1.225,1.225,0.2145,2.145,0.02188,0.2188,21.88,218.8,0.31,0.31,7.87,0.787,REF,Reference,Reference,Reference,19.2,19.2,0.055,0.055,1.4,0.14,Standard Loops,1.17,1.17,5.204,0.5307,530.7,0.234,0.234,1.0409,0.10614,106.14,10.068,10.068,44.785,4.5668,4566.8,2.476,2.476,62.89,6.289,1.13,1.13,28.7,2.87,Factory Option,Ultrasonically Passivate with Citric Acid for 10 mins At 131 Deg F,0.0176,0.31,0.31,7.87,0.787,Random,0.055,0.055,1.4,0.14
LE 055DD 07M,LE 055DD 07M,LE055DD07M,Extension Spring,11,Stock,,Yes,Yes,Yes,Yes,Yes,Yes,Yes,Yes,Yes,Standard Extension Series (inch),NR,Music Wire,MW,ASTM A228,0.42,0.42,10.67,1.067,0.01,0.01,0.25,0.025,2,2,50.8,5.08,0.04,0.04,1.02,0.102,11.8,11.8,2.067,20.67,0.2107,2.107,210.7,2107,1.18,1.18,0.2067,2.067,0.02107,0.2107,21.07,210.7,0.31,0.31,7.87,0.787,REF,Reference,Reference,Reference,23.92,23.9,0.055,0.055,1.4,0.14,Standard Loops,1.4,1.4,6.228,0.635,635,0.28,0.28,1.2455,0.12701,127.01,16.11,16.11,71.661,7.3075,7307.5,3.247,3.247,82.47,8.247,1.38,1.38,35.05,3.505,Factory Option,Zinc Plate and Bake per ASTM B633,0.0211,0.31,0.31,7.87,0.787,Random,0.055,0.055,1.4,0.14
LE 055DD 07S,LE 055DD 07S,LE055DD07S,Extension Spring,11,Stock,,Yes,Yes,Yes,Yes,Yes,Yes,Yes,Yes,Yes,Standard Extension Series (inch),NR,Stainless Steel,SS,ASTM A313,0.42,0.42,10.67,1.067,0.01,0.01,0.25,0.025,2,2,50.8,5.08,0.04,0.04,1.02,0.102,9.8304,9.83,1.722,17.22,0.1755,1.755,175.5,1755,0.983,0.983,0.1722,1.722,0.01755,0.1755,17.55,175.5,0.31,0.31,7.87,0.787,REF,Reference,Reference,Reference,23.93,23.9,0.055,0.055,1.4,0.14,Standard Loops,1.17,1.17,5.204,0.5307,530.7,0.234,0.234,1.0409,0.10614,106.14,13.425,13.425,59.717,6.0896,6089.6,3.247,3.247,82.47,8.247,1.38,1.38,35.05,3.505,Factory Option,Passivate per ASTM A967,0.0215,0.31,0.31,7.87,0.787,Random,0.055,0.055,1.4,0.14
LE 055DD 07S316,LE 055DD 07S316,LE055DD07S316,Extension Spring,11,Stock,,Yes,Yes,Yes,Yes,Yes,Yes,Yes,Yes,Yes,Standard Extension Series (inch),NR,Stainless Steel Type 316,SS 316,ASTM A313,0.42,0.42,10.67,1.067,0.01,0.01,0.25,0.025,2,2,50.8,5.08,0.04,0.04,1.02,0.102,9.8304,9.83,1.722,17.22,0.1755,1.755,175.5,1755,0.983,0.983,0.1722,1.722,0.01755,0.1755,17.55,175.5,0.31,0.31,7.87,0.787,REF,Reference,Reference,Reference,23.93,23.9,0.055,0.055,1.4,0.14,Standard Loops,1.17,1.17,5.204,0.5307,530.7,0.234,0.234,1.0409,0.10614,106.14,10.068,10.068,44.785,4.5668,4566.8,2.905,2.905,73.79,7.379,1.38,1.38,35.05,3.505,Factory Option,Ultrasonically Passivate with Citric Acid for 10 mins At 131 Deg F,0.0215,0.31,0.31,7.87,0.787,Random,0.055,0.055,1.4,0.14
LE 055DD 08M,LE 055DD 08M,LE055DD08M,Extension Spring,11,Stock,,Yes,Yes,Yes,Yes,Yes,Yes,Yes,Yes,Yes,Standard Extension Series (inch),NR,Music Wire,MW,ASTM A228,0.42,0.42,10.67,1.067,0.01,0.01,0.25,0.025,2.25,2.25,57.15,5.715,0.06,0.06,1.52,0.152,9.8,9.8,1.716,17.16,0.175,1.75,175,1750,0.98,0.98,0.1716,1.716,0.0175,0.175,17.5,175,0.31,0.31,7.87,0.787,REF,Reference,Reference,Reference,28.8,28.8,0.055,0.055,1.4,0.14,Standard Loops,1.4,1.4,6.228,0.635,635,0.28,0.28,1.2455,0.12701,127.01,16.11,16.11,71.661,7.3075,7307.5,3.751,3.751,95.28,9.528,1.63,1.63,41.4,4.14,Factory Option,Zinc Plate and Bake per ASTM B633,0.0251,0.31,0.31,7.87,0.787,Random,0.055,0.055,1.4,0.14
LE 055DD 08S,LE 055DD 08S,LE055DD08S,Extension Spring,11,Stock,,Yes,Yes,Yes,Yes,Yes,Yes,Yes,Yes,Yes,Standard Extension Series (inch),NR,Stainless Steel,SS,ASTM A313,0.42,0.42,10.67,1.067,0.01,0.01,0.25,0.025,2.25,2.25,57.15,5.715,0.06,0.06,1.52,0.152,8.17,8.17,1.431,14.31,0.1459,1.459,145.9,1459,0.817,0.817,0.1431,1.431,0.01459,0.1459,14.59,145.9,0.31,0.31,7.87,0.787,REF,Reference,Reference,Reference,28.79,28.8,0.055,0.055,1.4,0.14,Standard Loops,1.17,1.17,5.204,0.5307,530.7,0.234,0.234,1.0409,0.10614,106.14,13.425,13.425,59.717,6.0896,6089.6,3.75,3.75,95.25,9.525,1.63,1.63,41.4,4.14,Factory Option,Passivate per ASTM A967,0.0255,0.31,0.31,7.87,0.787,Random,0.055,0.055,1.4,0.14
LE 055DD 08S316,LE 055DD 08S316,LE055DD08S316,Extension Spring,11,Stock,,Yes,Yes,Yes,Yes,Yes,Yes,Yes,Yes,Yes,Standard Extension Series (inch),NR,Stainless Steel Type 316,SS 316,ASTM A313,0.42,0.42,10.67,1.067,0.01,0.01,0.25,0.025,2.25,2.25,57.15,5.715,0.06,0.06,1.52,0.152,8.17,8.17,1.431,14.31,0.1459,1.459,145.9,1459,0.817,0.817,0.1431,1.431,0.01459,0.1459,14.59,145.9,0.31,0.31,7.87,0.787,REF,Reference,Reference,Reference,28.79,28.8,0.055,0.055,1.4,0.14,Standard Loops,1.17,1.17,5.204,0.5307,530.7,0.234,0.234,1.0409,0.10614,106.14,10.068,10.068,44.785,4.5668,4566.8,3.339,3.339,84.81,8.481,1.63,1.63,41.4,4.14,Factory Option,Ultrasonically Passivate with Citric Acid for 10 mins At 131 Deg F,0.0255,0.31,0.31,7.87,0.787,Random,0.055,0.055,1.4,0.14
LE 055DD 09M,LE 055DD 09M,LE055DD09M,Extension Spring,11,Stock,,Yes,Yes,Yes,Yes,Yes,Yes,Yes,Yes,Yes,Standard Extension Series (inch),NR,Music Wire,MW,ASTM A228,0.42,0.42,10.67,1.067,0.01,0.01,0.25,0.025,2.5,2.5,63.5,6.35,0.06,0.06,1.52,0.152,8.4,8.4,1.471,14.71,0.15,1.5,150,1500,0.84,0.84,0.1471,1.471,0.015,0.15,15,150,0.31,0.31,7.87,0.787,REF,Reference,Reference,Reference,33.6,33.6,0.055,0.055,1.4,0.14,Standard Loops,1.4,1.4,6.228,0.635,635,0.28,0.28,1.2455,0.12701,127.01,16.11,16.11,71.661,7.3075,7307.5,4.251,4.251,107.98,10.798,1.88,1.88,47.75,4.775,Factory Option,Zinc Plate and Bake per ASTM B633,0.029,0.31,0.31,7.87,0.787,Random,0.055,0.055,1.4,0.14
LE 055DD 09S,LE 055DD 09S,LE055DD09S,Extension Spring,11,Stock,,Yes,Yes,Yes,Yes,Yes,Yes,Yes,Yes,Yes,Standard Extension Series (inch),NR,Stainless Steel,SS,ASTM A313,0.42,0.42,10.67,1.067,0.01,0.01,0.25,0.025,2.5,2.5,63.5,6.35,0.06,0.06,1.52,0.152,7,7,1.226,12.26,0.125,1.25,125,1250,0.7,0.7,0.1226,1.226,0.0125,0.125,12.5,125,0.31,0.31,7.87,0.787,REF,Reference,Reference,Reference,33.6,33.6,0.055,0.055,1.4,0.14,Standard Loops,1.17,1.17,5.204,0.5307,530.7,0.234,0.234,1.0409,0.10614,106.14,13.425,13.425,59.717,6.0896,6089.6,4.251,4.251,107.98,10.798,1.88,1.88,47.75,4.775,Factory Option,Passivate per ASTM A967,0.0295,0.31,0.31,7.87,0.787,Random,0.055,0.055,1.4,0.14
LE 055DD 09S316,LE 055DD 09S316,LE055DD09S316,Extension Spring,11,Stock,,Yes,Yes,Yes,Yes,Yes,Yes,Yes,Yes,Yes,Standard Extension Series (inch),NR,Stainless Steel Type 316,SS 316,ASTM A313,0.42,0.42,10.67,1.067,0.01,0.01,0.25,0.025,2.5,2.5,63.5,6.35,0.06,0.06,1.52,0.152,7,7,1.226,12.26,0.125,1.25,125,1250,0.7,0.7,0.1226,1.226,0.0125,0.125,12.5,125,0.31,0.31,7.87,0.787,REF,Reference,Reference,Reference,33.6,33.6,0.055,0.055,1.4,0.14,Standard Loops,1.17,1.17,5.204,0.5307,530.7,0.234,0.234,1.0409,0.10614,106.14,10.068,10.068,44.785,4.5668,4566.8,3.771,3.771,95.78,9.578,1.88,1.88,47.75,4.775,Factory Option,Ultrasonically Passivate with Citric Acid for 10 mins At 131 Deg F,0.0295,0.31,0.31,7.87,0.787,Random,0.055,0.055,1.4,0.14
LE 055DD 10M,LE 055DD 10M,LE055DD10M,Extension Spring,11,Stock,,Yes,Yes,Yes,Yes,Yes,Yes,Yes,Yes,Yes,Standard Extension Series (inch),NR,Music Wire,MW,ASTM A228,0.42,0.42,10.67,1.067,0.01,0.01,0.25,0.025,2.75,2.75,69.85,6.985,0.06,0.06,1.52,0.152,7.4,7.4,1.296,12.96,0.1321,1.321,132.1,1321,0.74,0.74,0.1296,1.296,0.01321,0.1321,13.21,132.1,0.31,0.31,7.87,0.787,REF,Reference,Reference,Reference,38.14,38.1,0.055,0.055,1.4,0.14,Standard Loops,1.4,1.4,6.228,0.635,635,0.28,0.28,1.2455,0.12701,127.01,16.11,16.11,71.661,7.3075,7307.5,4.738,4.738,120.35,12.035,2.13,2.13,54.1,5.41,Factory Option,Zinc Plate and Bake per ASTM B633,0.0327,0.31,0.31,7.87,0.787,Random,0.055,0.055,1.4,0.14
LE 055DD 10S,LE 055DD 10S,LE055DD10S,Extension Spring,11,Stock,,Yes,Yes,Yes,Yes,Yes,Yes,Yes,Yes,Yes,Standard Extension Series (inch),NR,Stainless Steel,SS,ASTM A313,0.42,0.42,10.67,1.067,0.01,0.01,0.25,0.025,2.75,2.75,69.85,6.985,0.06,0.06,1.52,0.152,6.1703,6.17,1.081,10.81,0.1102,1.102,110.2,1102,0.617,0.617,0.1081,1.081,0.01102,0.1102,11.02,110.2,0.31,0.31,7.87,0.787,REF,Reference,Reference,Reference,38.12,38.1,0.055,0.055,1.4,0.14,Standard Loops,1.17,1.17,5.204,0.5307,530.7,0.234,0.234,1.0409,0.10614,106.14,13.425,13.425,59.717,6.0896,6089.6,4.736,4.736,120.29,12.029,2.13,2.13,54.1,5.41,Factory Option,Passivate per ASTM A967,0.0333,0.31,0.31,7.87,0.787,Random,0.055,0.055,1.4,0.14
LE 055DD 10S316,LE 055DD 10S316,LE055DD10S316,Extension Spring,11,Stock,,Yes,Yes,Yes,Yes,Yes,Yes,Yes,Yes,Yes,Standard Extension Series (inch),NR,Stainless Steel Type 316,SS 316,ASTM A313,0.42,0.42,10.67,1.067,0.01,0.01,0.25,0.025,2.75,2.75,69.85,6.985,0.06,0.06,1.52,0.152,6.1703,6.17,1.081,10.81,0.1102,1.102,110.2,1102,0.617,0.617,0.1081,1.081,0.01102,0.1102,11.02,110.2,0.31,0.31,7.87,0.787,REF,Reference,Reference,Reference,38.12,38.1,0.055,0.055,1.4,0.14,Standard Loops,1.17,1.17,5.204,0.5307,530.7,0.234,0.234,1.0409,0.10614,106.14,10.068,10.068,44.785,4.5668,4566.8,4.192,4.192,106.48,10.648,2.13,2.13,54.1,5.41,Factory Option,Ultrasonically Passivate with Citric Acid for 10 mins At 131 Deg F,0.0333,0.31,0.31,7.87,0.787,Random,0.055,0.055,1.4,0.14
LE 055DD 11M,LE 055DD 11M,LE055DD11M,Extension Spring,11,Stock,,Yes,Yes,Yes,Yes,Yes,Yes,Yes,Yes,Yes,Standard Extension Series (inch),NR,Music Wire,MW,ASTM A228,0.42,0.42,10.67,1.067,0.01,0.01,0.25,0.025,3,3,76.2,7.62,0.06,0.06,1.52,0.152,6.6,6.6,1.156,11.56,0.1179,1.179,117.9,1179,0.66,0.66,0.1156,1.156,0.01179,0.1179,11.79,117.9,0.31,0.31,7.87,0.787,REF,Reference,Reference,Reference,42.77,42.8,0.055,0.055,1.4,0.14,Standard Loops,1.4,1.4,6.228,0.635,635,0.28,0.28,1.2455,0.12701,127.01,16.11,16.11,71.661,7.3075,7307.5,5.229,5.229,132.82,13.282,2.38,2.38,60.45,6.045,Factory Option,Zinc Plate and Bake per ASTM B633,0.0364,0.31,0.31,7.87,0.787,Random,0.055,0.055,1.4,0.14
LE 055DD 11S,LE 055DD 11S,LE055DD11S,Extension Spring,11,Stock,,Yes,Yes,Yes,Yes,Yes,Yes,Yes,Yes,Yes,Standard Extension Series (inch),NR,Stainless Steel,SS,ASTM A313,0.42,0.42,10.67,1.067,0.01,0.01,0.25,0.025,3,3,76.2,7.62,0.06,0.06,1.52,0.152,5.5,5.5,0.963,9.63,0.0982,0.982,98.2,982,0.55,0.55,0.0963,0.963,0.00982,0.0982,9.82,98.2,0.31,0.31,7.87,0.787,REF,Reference,Reference,Reference,42.77,42.8,0.055,0.055,1.4,0.14,Standard Loops,1.17,1.17,5.204,0.5307,530.7,0.234,0.234,1.0409,0.10614,106.14,13.425,13.425,59.717,6.0896,6089.6,5.228,5.228,132.79,13.279,2.38,2.38,60.45,6.045,Factory Option,Passivate per ASTM A967,0.0371,0.31,0.31,7.87,0.787,Random,0.055,0.055,1.4,0.14
LE 055DD 11S316,LE 055DD 11S316,LE055DD11S316,Extension Spring,11,Stock,,Yes,Yes,Yes,Yes,Yes,Yes,Yes,Yes,Yes,Standard Extension Series (inch),NR,Stainless Steel Type 316,SS 316,ASTM A313,0.42,0.42,10.67,1.067,0.01,0.01,0.25,0.025,3,3,76.2,7.62,0.06,0.06,1.52,0.152,5.5,5.5,0.963,9.63,0.0982,0.982,98.2,982,0.55,0.55,0.0963,0.963,0.00982,0.0982,9.82,98.2,0.31,0.31,7.87,0.787,REF,Reference,Reference,Reference,42.77,42.8,0.055,0.055,1.4,0.14,Standard Loops,1.17,1.17,5.204,0.5307,530.7,0.234,0.234,1.0409,0.10614,106.14,10.068,10.068,44.785,4.5668,4566.8,4.617,4.617,117.27,11.727,2.38,2.38,60.45,6.045,Factory Option,Ultrasonically Passivate with Citric Acid for 10 mins At 131 Deg F,0.0371,0.31,0.31,7.87,0.787,Random,0.055,0.055,1.4,0.14
LE 055DE 01M,LE 055DE 01M,LE055DE01M,Extension Spring,11,Stock,,Yes,Yes,Yes,Yes,Yes,Yes,Yes,Yes,Yes,Standard Extension Series (inch),NR,Music Wire,MW,ASTM A228,0.438,0.438,11.13,1.113,0.01,0.01,0.25,0.025,1,1,25.4,2.54,0.03,0.03,0.76,0.076,29,29,5.079,50.79,0.5179,5.179,517.9,5179,2.9,2.9,0.5079,5.079,0.05179,0.5179,51.79,517.9,0.338,0.338,8.59,0.859,REF,Reference,Reference,Reference,5.48,5.5,0.05,0.05,1.27,0.127,Standard Loops,1.5,1.5,6.672,0.6804,680.4,0.3,0.3,1.3345,0.13608,136.08,14,14,62.275,6.3504,6350.4,1.43,1.43,36.32,3.632,0.324,0.324,8.23,0.823,Factory Option,Zinc Plate and Bake per ASTM B633,0.0089,0.338,0.338,8.59,0.859,Random,0.05,0.05,1.27,0.127
LE 055DE 01S,LE 055DE 01S,LE055DE01S,Extension Spring,11,Stock,,Yes,Yes,Yes,Yes,Yes,Yes,Yes,Yes,Yes,Standard Extension Series (inch),NR,Stainless Steel,SS,ASTM A313,0.438,0.438,11.13,1.113,0.01,0.01,0.25,0.025,1,1,25.4,2.54,0.03,0.03,0.76,0.076,24.157,24.157,4.231,42.31,0.4314,4.314,431.4,4314,2.4157,2.4157,0.4231,4.231,0.04314,0.4314,43.14,431.4,0.338,0.338,8.59,0.859,REF,Reference,Reference,Reference,5.48,5.5,0.05,0.05,1.27,0.127,Standard Loops,1.25,1.25,5.56,0.567,567,0.25,0.25,1.1121,0.1134,113.4,11.662,11.662,51.875,5.2899,5289.9,1.43,1.43,36.32,3.632,0.324,0.324,8.23,0.823,Factory Option,Passivate per ASTM A967,0.00907,0.338,0.338,8.59,0.859,Random,0.05,0.05,1.27,0.127
LE 055DE 01S316,LE 055DE 01S316,LE055DE01S316,Extension Spring,11,Stock,,Yes,Yes,Yes,Yes,Yes,Yes,Yes,Yes,Yes,Standard Extension Series (inch),NR,Stainless Steel Type 316,SS 316,ASTM A313,0.438,0.438,11.13,1.113,0.01,0.01,0.25,0.025,1,1,25.4,2.54,0.03,0.03,0.76,0.076,24.157,24.157,4.231,42.31,0.4314,4.314,431.4,4314,2.4157,2.4157,0.4231,4.231,0.04314,0.4314,43.14,431.4,0.338,0.338,8.59,0.859,REF,Reference,Reference,Reference,5.48,5.5,0.05,0.05,1.27,0.127,Standard Loops,1.25,1.25,5.56,0.567,567,0.25,0.25,1.1121,0.1134,113.4,8.746,8.746,38.904,3.9672,3967.2,1.31,1.31,33.27,3.327,0.324,0.324,8.23,0.823,Factory Option,Ultrasonically Passivate with Citric Acid for 10 mins At 131 Deg F,0.00907,0.338,0.338,8.59,0.859,Random,0.05,0.05,1.27,0.127
LE 055DE 02M,LE 055DE 02M,LE055DE02M,Extension Spring,11,Stock,,Yes,Yes,Yes,Yes,Yes,Yes,Yes,Yes,Yes,Standard Extension Series (inch),NR,Music Wire,MW,ASTM A228,0.438,0.438,11.13,1.113,0.01,0.01,0.25,0.025,1.125,1.125,28.58,2.858,0.035,0.035,0.89,0.089,22.5,22.5,3.94,39.4,0.4018,4.018,401.8,4018,2.25,2.25,0.394,3.94,0.04018,0.4018,40.18,401.8,0.336,0.336,8.53,0.853,REF,Reference,Reference,Reference,7.76,7.8,0.051,0.051,1.3,0.13,Standard Loops,1.5,1.5,6.672,0.6804,680.4,0.3,0.3,1.3345,0.13608,136.08,14.6,14.6,64.944,6.6226,6622.6,1.7,1.7,43.18,4.318,0.447,0.447,11.35,1.135,Factory Option,Zinc Plate and Bake per ASTM B633,0.01098,0.336,0.336,8.53,0.853,Random,0.051,0.051,1.3,0.13
LE 055DE 02S,LE 055DE 02S,LE055DE02S,Extension Spring,11,Stock,,Yes,Yes,Yes,Yes,Yes,Yes,Yes,Yes,Yes,Standard Extension Series (inch),NR,Stainless Steel,SS,ASTM A313,0.438,0.438,11.13,1.113,0.01,0.01,0.25,0.025,1.125,1.125,28.58,2.858,0.035,0.035,0.89,0.089,18.743,18.743,3.283,32.83,0.3347,3.347,334.7,3347,1.8743,1.8743,0.3283,3.283,0.03347,0.3347,33.47,334.7,0.336,0.336,8.53,0.853,REF,Reference,Reference,Reference,7.76,7.8,0.051,0.051,1.3,0.13,Standard Loops,1.25,1.25,5.56,0.567,567,0.25,0.25,1.1121,0.1134,113.4,12.162,12.162,54.099,5.5167,5516.7,1.7,1.7,43.18,4.318,0.447,0.447,11.35,1.135,Factory Option,Passivate per ASTM A967,0.0112,0.336,0.336,8.53,0.853,Random,0.051,0.051,1.3,0.13
LE 055DE 02S316,LE 055DE 02S316,LE055DE02S316,Extension Spring,11,Stock,,Yes,Yes,Yes,Yes,Yes,Yes,Yes,Yes,Yes,Standard Extension Series (inch),NR,Stainless Steel Type 316,SS 316,ASTM A313,0.438,0.438,11.13,1.113,0.01,0.01,0.25,0.025,1.125,1.125,28.58,2.858,0.035,0.035,0.89,0.089,18.743,18.743,3.283,32.83,0.3347,3.347,334.7,3347,1.8743,1.8743,0.3283,3.283,0.03347,0.3347,33.47,334.7,0.336,0.336,8.53,0.853,REF,Reference,Reference,Reference,7.76,7.8,0.051,0.051,1.3,0.13,Standard Loops,1.25,1.25,5.56,0.567,567,0.25,0.25,1.1121,0.1134,113.4,9.121,9.121,40.572,4.1373,4137.3,1.544,1.544,39.22,3.922,0.447,0.447,11.35,1.135,Factory Option,Ultrasonically Passivate with Citric Acid for 10 mins At 131 Deg F,0.0112,0.336,0.336,8.53,0.853,Random,0.051,0.051,1.3,0.13
LE 055DE 03M,LE 055DE 03M,LE055DE03M,Extension Spring,11,Stock,,Yes,Yes,Yes,Yes,Yes,Yes,Yes,Yes,Yes,Standard Extension Series (inch),NR,Music Wire,MW,ASTM A228,0.438,0.438,11.13,1.113,0.01,0.01,0.25,0.025,1.25,1.25,31.75,3.175,0.035,0.035,0.89,0.089,19,19,3.328,33.28,0.3393,3.393,339.3,3393,1.9,1.9,0.3328,3.328,0.03393,0.3393,33.93,339.3,0.334,0.334,8.48,0.848,REF,Reference,Reference,Reference,10.04,10,0.052,0.052,1.32,0.132,Standard Loops,1.5,1.5,6.672,0.6804,680.4,0.3,0.3,1.3345,0.13608,136.08,15,15,66.723,6.804,6804,1.96,1.96,49.78,4.978,0.574,0.574,14.58,1.458,Factory Option,Zinc Plate and Bake per ASTM B633,0.01269,0.334,0.334,8.48,0.848,Random,0.052,0.052,1.32,0.132
LE 055DE 03S,LE 055DE 03S,LE055DE03S,Extension Spring,11,Stock,,Yes,Yes,Yes,Yes,Yes,Yes,Yes,Yes,Yes,Standard Extension Series (inch),NR,Stainless Steel,SS,ASTM A313,0.438,0.438,11.13,1.113,0.01,0.01,0.25,0.025,1.25,1.25,31.75,3.175,0.035,0.035,0.89,0.089,15.827,15.827,2.772,27.72,0.2826,2.826,282.6,2826,1.5827,1.5827,0.2772,2.772,0.02826,0.2826,28.26,282.6,0.334,0.334,8.48,0.848,REF,Reference,Reference,Reference,10.04,10,0.052,0.052,1.32,0.132,Standard Loops,1.25,1.25,5.56,0.567,567,0.25,0.25,1.1121,0.1134,113.4,12.495,12.495,55.581,5.6677,5667.7,1.96,1.96,49.78,4.978,0.574,0.574,14.58,1.458,Factory Option,Passivate per ASTM A967,0.01293,0.334,0.334,8.48,0.848,Random,0.052,0.052,1.32,0.132
LE 055DE 03S316,LE 055DE 03S316,LE055DE03S316,Extension Spring,11,Stock,,Yes,Yes,Yes,Yes,Yes,Yes,Yes,Yes,Yes,Standard Extension Series (inch),NR,Stainless Steel Type 316,SS 316,ASTM A313,0.438,0.438,11.13,1.113,0.01,0.01,0.25,0.025,1.25,1.25,31.75,3.175,0.035,0.035,0.89,0.089,15.827,15.827,2.772,27.72,0.2826,2.826,282.6,2826,1.5827,1.5827,0.2772,2.772,0.02826,0.2826,28.26,282.6,0.334,0.334,8.48,0.848,REF,Reference,Reference,Reference,10.04,10,0.052,0.052,1.32,0.132,Standard Loops,1.25,1.25,5.56,0.567,567,0.25,0.25,1.1121,0.1134,113.4,9.371,9.371,41.684,4.2507,4250.7,1.763,1.763,44.78,4.478,0.574,0.574,14.58,1.458,Factory Option,Ultrasonically Passivate with Citric Acid for 10 mins At 131 Deg F,0.01293,0.334,0.334,8.48,0.848,Random,0.052,0.052,1.32,0.132
LE 055DE 04M,LE 055DE 04M,LE055DE04M,Extension Spring,11,Stock,,Yes,Yes,Yes,Yes,Yes,Yes,Yes,Yes,Yes,Standard Extension Series (inch),NR,Music Wire,MW,ASTM A228,0.438,0.438,11.13,1.113,0.01,0.01,0.25,0.025,1.375,1.375,34.93,3.493,0.035,0.035,0.89,0.089,16,16,2.802,28.02,0.2857,2.857,285.7,2857,1.6,1.6,0.2802,2.802,0.02857,0.2857,28.57,285.7,0.332,0.332,8.43,0.843,REF,Reference,Reference,Reference,12.96,13,0.053,0.053,1.35,0.135,Standard Loops,1.5,1.5,6.672,0.6804,680.4,0.3,0.3,1.3345,0.13608,136.08,15,15,66.723,6.804,6804,2.215,2.215,56.26,5.626,0.74,0.74,18.8,1.88,Factory Option,Zinc Plate and Bake per ASTM B633,0.01475,0.332,0.332,8.43,0.843,Random,0.053,0.053,1.35,0.135
LE 055DE 04S,LE 055DE 04S,LE055DE04S,Extension Spring,11,Stock,,Yes,Yes,Yes,Yes,Yes,Yes,Yes,Yes,Yes,Standard Extension Series (inch),NR,Stainless Steel,SS,ASTM A313,0.438,0.438,11.13,1.113,0.01,0.01,0.25,0.025,1.375,1.375,34.93,3.493,0.035,0.035,0.89,0.089,13.328,13.328,2.334,23.34,0.238,2.38,238,2380,1.3328,1.3328,0.2334,2.334,0.0238,0.238,23.8,238,0.332,0.332,8.43,0.843,REF,Reference,Reference,Reference,12.96,13,0.053,0.053,1.35,0.135,Standard Loops,1.25,1.25,5.56,0.567,567,0.25,0.25,1.1121,0.1134,113.4,12.495,12.495,55.581,5.6677,5667.7,2.215,2.215,56.26,5.626,0.74,0.74,18.8,1.88,Factory Option,Passivate per ASTM A967,0.01503,0.332,0.332,8.43,0.843,Random,0.053,0.053,1.35,0.135
LE 055DE 04S316,LE 055DE 04S316,LE055DE04S316,Extension Spring,11,Stock,,Yes,Yes,Yes,Yes,Yes,Yes,Yes,Yes,Yes,Standard Extension Series (inch),NR,Stainless Steel Type 316,SS 316,ASTM A313,0.438,0.438,11.13,1.113,0.01,0.01,0.25,0.025,1.375,1.375,34.93,3.493,0.035,0.035,0.89,0.089,13.328,13.328,2.334,23.34,0.238,2.38,238,2380,1.3328,1.3328,0.2334,2.334,0.0238,0.238,23.8,238,0.332,0.332,8.43,0.843,REF,Reference,Reference,Reference,12.96,13,0.053,0.053,1.35,0.135,Standard Loops,1.25,1.25,5.56,0.567,567,0.25,0.25,1.1121,0.1134,113.4,9.371,9.371,41.684,4.2507,4250.7,1.984,1.984,50.39,5.039,0.74,0.74,18.8,1.88,Factory Option,Ultrasonically Passivate with Citric Acid for 10 mins At 131 Deg F,0.01503,0.332,0.332,8.43,0.843,Random,0.053,0.053,1.35,0.135
LE 055DE 05M,LE 055DE 05M,LE055DE05M,Extension Spring,11,Stock,,Yes,Yes,Yes,Yes,Yes,Yes,Yes,Yes,Yes,Standard Extension Series (inch),NR,Music Wire,MW,ASTM A228,0.438,0.438,11.13,1.113,0.01,0.01,0.25,0.025,1.5,1.5,38.1,3.81,0.035,0.035,0.89,0.089,14,14,2.452,24.52,0.25,2.5,250,2500,1.4,1.4,0.2452,2.452,0.025,0.25,25,250,0.332,0.332,8.43,0.843,REF,Reference,Reference,Reference,14.774,14.8,0.053,0.053,1.35,0.135,Standard Loops,1.5,1.5,6.672,0.6804,680.4,0.3,0.3,1.3345,0.13608,136.08,15,15,66.723,6.804,6804,2.46,2.46,62.48,6.248,0.836,0.836,21.23,2.123,Factory Option,Zinc Plate and Bake per ASTM B633,0.01661,0.332,0.332,8.43,0.843,Random,0.053,0.053,1.35,0.135
LE 055DE 05S,LE 055DE 05S,LE055DE05S,Extension Spring,11,Stock,,Yes,Yes,Yes,Yes,Yes,Yes,Yes,Yes,Yes,Standard Extension Series (inch),NR,Stainless Steel,SS,ASTM A313,0.438,0.438,11.13,1.113,0.01,0.01,0.25,0.025,1.5,1.5,38.1,3.81,0.035,0.035,0.89,0.089,11.662,11.662,2.042,20.42,0.2083,2.083,208.3,2083,1.1662,1.1662,0.2042,2.042,0.02083,0.2083,20.83,208.3,0.332,0.332,8.43,0.843,REF,Reference,Reference,Reference,14.774,14.8,0.053,0.053,1.35,0.135,Standard Loops,1.25,1.25,5.56,0.567,567,0.25,0.25,1.1121,0.1134,113.4,12.495,12.495,55.581,5.6677,5667.7,2.46,2.46,62.48,6.248,0.836,0.836,21.23,2.123,Factory Option,Passivate per ASTM A967,0.01694,0.332,0.332,8.43,0.843,Random,0.053,0.053,1.35,0.135
LE 055DE 05S316,LE 055DE 05S316,LE055DE05S316,Extension Spring,11,Stock,,Yes,Yes,Yes,Yes,Yes,Yes,Yes,Yes,Yes,Standard Extension Series (inch),NR,Stainless Steel Type 316,SS 316,ASTM A313,0.438,0.438,11.13,1.113,0.01,0.01,0.25,0.025,1.5,1.5,38.1,3.81,0.035,0.035,0.89,0.089,11.662,11.662,2.042,20.42,0.2083,2.083,208.3,2083,1.1662,1.1662,0.2042,2.042,0.02083,0.2083,20.83,208.3,0.332,0.332,8.43,0.843,REF,Reference,Reference,Reference,14.774,14.8,0.053,0.053,1.35,0.135,Standard Loops,1.25,1.25,5.56,0.567,567,0.25,0.25,1.1121,0.1134,113.4,9.371,9.371,41.684,4.2507,4250.7,2.196,2.196,55.78,5.578,0.836,0.836,21.23,2.123,Factory Option,Ultrasonically Passivate with Citric Acid for 10 mins At 131 Deg F,0.01694,0.332,0.332,8.43,0.843,Random,0.053,0.053,1.35,0.135
LE 055DE 06M,LE 055DE 06M,LE055DE06M,Extension Spring,11,Stock,,Yes,Yes,Yes,Yes,Yes,Yes,Yes,Yes,Yes,Standard Extension Series (inch),NR,Music Wire,MW,ASTM A228,0.438,0.438,11.13,1.113,0.01,0.01,0.25,0.025,1.75,1.75,44.45,4.445,0.04,0.04,1.02,0.102,11,11,1.926,19.26,0.1964,1.964,196.4,1964,1.1,1.1,0.1926,1.926,0.01964,0.1964,19.64,196.4,0.332,0.332,8.43,0.843,REF,Reference,Reference,Reference,18.85,18.9,0.053,0.053,1.35,0.135,Standard Loops,1.5,1.5,6.672,0.6804,680.4,0.3,0.3,1.3345,0.13608,136.08,15,15,66.723,6.804,6804,2.98,2.98,75.69,7.569,1.052,1.052,26.72,2.672,Factory Option,Zinc Plate and Bake per ASTM B633,0.02068,0.332,0.332,8.43,0.843,Random,0.053,0.053,1.35,0.135
LE 055DE 06S,LE 055DE 06S,LE055DE06S,Extension Spring,11,Stock,,Yes,Yes,Yes,Yes,Yes,Yes,Yes,Yes,Yes,Standard Extension Series (inch),NR,Stainless Steel,SS,ASTM A313,0.438,0.438,11.13,1.113,0.01,0.01,0.25,0.025,1.75,1.75,44.45,4.445,0.04,0.04,1.02,0.102,9.163,9.163,1.605,16.05,0.1636,1.636,163.6,1636,0.9163,0.9163,0.1605,1.605,0.01636,0.1636,16.36,163.6,0.332,0.332,8.43,0.843,REF,Reference,Reference,Reference,18.85,18.9,0.053,0.053,1.35,0.135,Standard Loops,1.25,1.25,5.56,0.567,567,0.25,0.25,1.1121,0.1134,113.4,12.495,12.495,55.581,5.6677,5667.7,2.98,2.98,75.69,7.569,1.052,1.052,26.72,2.672,Factory Option,Passivate per ASTM A967,0.02108,0.332,0.332,8.43,0.843,Random,0.053,0.053,1.35,0.135
LE 055DE 06S316,LE 055DE 06S316,LE055DE06S316,Extension Spring,11,Stock,,Yes,Yes,Yes,Yes,Yes,Yes,Yes,Yes,Yes,Standard Extension Series (inch),NR,Stainless Steel Type 316,SS 316,ASTM A313,0.438,0.438,11.13,1.113,0.01,0.01,0.25,0.025,1.75,1.75,44.45,4.445,0.04,0.04,1.02,0.102,9.163,9.163,1.605,16.05,0.1636,1.636,163.6,1636,0.9163,0.9163,0.1605,1.605,0.01636,0.1636,16.36,163.6,0.332,0.332,8.43,0.843,REF,Reference,Reference,Reference,18.85,18.9,0.053,0.053,1.35,0.135,Standard Loops,1.25,1.25,5.56,0.567,567,0.25,0.25,1.1121,0.1134,113.4,9.371,9.371,41.684,4.2507,4250.7,2.636,2.636,66.95,6.695,1.052,1.052,26.72,2.672,Factory Option,Ultrasonically Passivate with Citric Acid for 10 mins At 131 Deg F,0.02108,0.332,0.332,8.43,0.843,Random,0.053,0.053,1.35,0.135
LE 055DE 07M,LE 055DE 07M,LE055DE07M,Extension Spring,11,Stock,,Yes,Yes,Yes,Yes,Yes,Yes,Yes,Yes,Yes,Standard Extension Series (inch),NR,Music Wire,MW,ASTM A228,0.438,0.438,11.13,1.113,0.01,0.01,0.25,0.025,2,2,50.8,5.08,0.04,0.04,1.02,0.102,9.3,9.3,1.629,16.29,0.1661,1.661,166.1,1661,0.93,0.93,0.1629,1.629,0.01661,0.1661,16.61,166.1,0.33,0.33,8.38,0.838,REF,Reference,Reference,Reference,24.22,24.2,0.054,0.054,1.37,0.137,Standard Loops,1.5,1.5,6.672,0.6804,680.4,0.3,0.3,1.3345,0.13608,136.08,15,15,66.723,6.804,6804,3.45,3.45,87.63,8.763,1.362,1.362,34.59,3.459,Factory Option,Zinc Plate and Bake per ASTM B633,0.02414,0.33,0.33,8.38,0.838,Random,0.054,0.054,1.37,0.137
LE 055DE 07S,LE 055DE 07S,LE055DE07S,Extension Spring,11,Stock,,Yes,Yes,Yes,Yes,Yes,Yes,Yes,Yes,Yes,Standard Extension Series (inch),NR,Stainless Steel,SS,ASTM A313,0.438,0.438,11.13,1.113,0.01,0.01,0.25,0.025,2,2,50.8,5.08,0.04,0.04,1.02,0.102,7.747,7.747,1.357,13.57,0.1383,1.383,138.3,1383,0.7747,0.7747,0.1357,1.357,0.01383,0.1383,13.83,138.3,0.33,0.33,8.38,0.838,REF,Reference,Reference,Reference,24.22,24.2,0.054,0.054,1.37,0.137,Standard Loops,1.25,1.25,5.56,0.567,567,0.25,0.25,1.1121,0.1134,113.4,12.495,12.495,55.581,5.6677,5667.7,3.45,3.45,87.63,8.763,1.362,1.362,34.59,3.459,Factory Option,Passivate per ASTM A967,0.0246,0.33,0.33,8.38,0.838,Random,0.054,0.054,1.37,0.137
LE 055DE 07S316,LE 055DE 07S316,LE055DE07S316,Extension Spring,11,Stock,,Yes,Yes,Yes,Yes,Yes,Yes,Yes,Yes,Yes,Standard Extension Series (inch),NR,Stainless Steel Type 316,SS 316,ASTM A313,0.438,0.438,11.13,1.113,0.01,0.01,0.25,0.025,2,2,50.8,5.08,0.04,0.04,1.02,0.102,7.747,7.747,1.357,13.57,0.1383,1.383,138.3,1383,0.7747,0.7747,0.1357,1.357,0.01383,0.1383,13.83,138.3,0.33,0.33,8.38,0.838,REF,Reference,Reference,Reference,24.22,24.2,0.054,0.054,1.37,0.137,Standard Loops,1.25,1.25,5.56,0.567,567,0.25,0.25,1.1121,0.1134,113.4,9.371,9.371,41.684,4.2507,4250.7,3.048,3.048,77.42,7.742,1.362,1.362,34.59,3.459,Factory Option,Ultrasonically Passivate with Citric Acid for 10 mins At 131 Deg F,0.0246,0.33,0.33,8.38,0.838,Random,0.054,0.054,1.37,0.137
LE 055DE 08M,LE 055DE 08M,LE055DE08M,Extension Spring,11,Stock,,Yes,Yes,Yes,Yes,Yes,Yes,Yes,Yes,Yes,Standard Extension Series (inch),NR,Music Wire,MW,ASTM A228,0.438,0.438,11.13,1.113,0.01,0.01,0.25,0.025,2.25,2.25,57.15,5.715,0.05,0.05,1.27,0.127,8,8,1.401,14.01,0.1429,1.429,142.9,1429,0.8,0.8,0.1401,1.401,0.01429,0.1429,14.29,142.9,0.33,0.33,8.38,0.838,REF,Reference,Reference,Reference,28.16,28.2,0.054,0.054,1.37,0.137,Standard Loops,1.5,1.5,6.672,0.6804,680.4,0.3,0.3,1.3345,0.13608,136.08,15,15,66.723,6.804,6804,3.94,3.94,100.08,10.008,1.574,1.574,39.98,3.998,Factory Option,Zinc Plate and Bake per ASTM B633,0.02779,0.33,0.33,8.38,0.838,Random,0.054,0.054,1.37,0.137
LE 055DE 08S,LE 055DE 08S,LE055DE08S,Extension Spring,11,Stock,,Yes,Yes,Yes,Yes,Yes,Yes,Yes,Yes,Yes,Standard Extension Series (inch),NR,Stainless Steel,SS,ASTM A313,0.438,0.438,11.13,1.113,0.01,0.01,0.25,0.025,2.25,2.25,57.15,5.715,0.05,0.05,1.27,0.127,6.664,6.664,1.167,11.67,0.119,1.19,119,1190,0.6664,0.6664,0.1167,1.167,0.0119,0.119,11.9,119,0.33,0.33,8.38,0.838,REF,Reference,Reference,Reference,28.16,28.2,0.054,0.054,1.37,0.137,Standard Loops,1.25,1.25,5.56,0.567,567,0.25,0.25,1.1121,0.1134,113.4,12.495,12.495,55.581,5.6677,5667.7,3.94,3.94,100.08,10.008,1.574,1.574,39.98,3.998,Factory Option,Passivate per ASTM A967,0.02834,0.33,0.33,8.38,0.838,Random,0.054,0.054,1.37,0.137
LE 055DE 08S316,LE 055DE 08S316,LE055DE08S316,Extension Spring,11,Stock,,Yes,Yes,Yes,Yes,Yes,Yes,Yes,Yes,Yes,Standard Extension Series (inch),NR,Stainless Steel Type 316,SS 316,ASTM A313,0.438,0.438,11.13,1.113,0.01,0.01,0.25,0.025,2.25,2.25,57.15,5.715,0.05,0.05,1.27,0.127,6.664,6.664,1.167,11.67,0.119,1.19,119,1190,0.6664,0.6664,0.1167,1.167,0.0119,0.119,11.9,119,0.33,0.33,8.38,0.838,REF,Reference,Reference,Reference,28.16,28.2,0.054,0.054,1.37,0.137,Standard Loops,1.25,1.25,5.56,0.567,567,0.25,0.25,1.1121,0.1134,113.4,9.371,9.371,41.684,4.2507,4250.7,3.468,3.468,88.09,8.809,1.574,1.574,39.98,3.998,Factory Option,Ultrasonically Passivate with Citric Acid for 10 mins At 131 Deg F,0.02834,0.33,0.33,8.38,0.838,Random,0.054,0.054,1.37,0.137
LE 055DE 09M,LE 055DE 09M,LE055DE09M,Extension Spring,11,Stock,,Yes,Yes,Yes,Yes,Yes,Yes,Yes,Yes,Yes,Standard Extension Series (inch),NR,Music Wire,MW,ASTM A228,0.438,0.438,11.13,1.113,0.01,0.01,0.25,0.025,2.5,2.5,63.5,6.35,0.05,0.05,1.27,0.127,6.8,6.8,1.191,11.91,0.1214,1.214,121.4,1214,0.68,0.68,0.1191,1.191,0.01214,0.1214,12.14,121.4,0.33,0.33,8.38,0.838,REF,Reference,Reference,Reference,33.13,33.1,0.054,0.054,1.37,0.137,Standard Loops,1.5,1.5,6.672,0.6804,680.4,0.3,0.3,1.3345,0.13608,136.08,15,15,66.723,6.804,6804,4.49,4.49,114.05,11.405,1.843,1.843,46.81,4.681,Factory Option,Zinc Plate and Bake per ASTM B633,0.03239,0.33,0.33,8.38,0.838,Random,0.054,0.054,1.37,0.137
LE 055DE 09S,LE 055DE 09S,LE055DE09S,Extension Spring,11,Stock,,Yes,Yes,Yes,Yes,Yes,Yes,Yes,Yes,Yes,Standard Extension Series (inch),NR,Stainless Steel,SS,ASTM A313,0.438,0.438,11.13,1.113,0.01,0.01,0.25,0.025,2.5,2.5,63.5,6.35,0.05,0.05,1.27,0.127,5.664,5.664,0.992,9.92,0.1011,1.011,101.1,1011,0.5664,0.5664,0.0992,0.992,0.01011,0.1011,10.11,101.1,0.33,0.33,8.38,0.838,REF,Reference,Reference,Reference,33.13,33.1,0.054,0.054,1.37,0.137,Standard Loops,1.25,1.25,5.56,0.567,567,0.25,0.25,1.1121,0.1134,113.4,12.495,12.495,55.581,5.6677,5667.7,4.49,4.49,114.05,11.405,1.843,1.843,46.81,4.681,Factory Option,Passivate per ASTM A967,0.03304,0.33,0.33,8.38,0.838,Random,0.054,0.054,1.37,0.137
LE 055DE 09S316,LE 055DE 09S316,LE055DE09S316,Extension Spring,11,Stock,,Yes,Yes,Yes,Yes,Yes,Yes,Yes,Yes,Yes,Standard Extension Series (inch),NR,Stainless Steel Type 316,SS 316,ASTM A313,0.438,0.438,11.13,1.113,0.01,0.01,0.25,0.025,2.5,2.5,63.5,6.35,0.05,0.05,1.27,0.127,5.664,5.664,0.992,9.92,0.1011,1.011,101.1,1011,0.5664,0.5664,0.0992,0.992,0.01011,0.1011,10.11,101.1,0.33,0.33,8.38,0.838,REF,Reference,Reference,Reference,33.13,33.1,0.054,0.054,1.37,0.137,Standard Loops,1.25,1.25,5.56,0.567,567,0.25,0.25,1.1121,0.1134,113.4,9.371,9.371,41.684,4.2507,4250.7,3.933,3.933,99.9,9.99,1.843,1.843,46.81,4.681,Factory Option,Ultrasonically Passivate with Citric Acid for 10 mins At 131 Deg F,0.03304,0.33,0.33,8.38,0.838,Random,0.054,0.054,1.37,0.137
LE 055DE 10M,LE 055DE 10M,LE055DE10M,Extension Spring,11,Stock,,Yes,Yes,Yes,Yes,Yes,Yes,Yes,Yes,Yes,Standard Extension Series (inch),NR,Music Wire,MW,ASTM A228,0.438,0.438,11.13,1.113,0.01,0.01,0.25,0.025,2.75,2.75,69.85,6.985,0.05,0.05,1.27,0.127,6,6,1.051,10.51,0.1071,1.071,107.1,1071,0.6,0.6,0.1051,1.051,0.01071,0.1071,10.71,107.1,0.33,0.33,8.38,0.838,REF,Reference,Reference,Reference,37.54,37.5,0.054,0.054,1.37,0.137,Standard Loops,1.5,1.5,6.672,0.6804,680.4,0.3,0.3,1.3345,0.13608,136.08,15,15,66.723,6.804,6804,5,5,127,12.7,2.081,2.081,52.86,5.286,Factory Option,Zinc Plate and Bake per ASTM B633,0.03648,0.33,0.33,8.38,0.838,Random,0.054,0.054,1.37,0.137
LE 055DE 10S,LE 055DE 10S,LE055DE10S,Extension Spring,11,Stock,,Yes,Yes,Yes,Yes,Yes,Yes,Yes,Yes,Yes,Standard Extension Series (inch),NR,Stainless Steel,SS,ASTM A313,0.438,0.438,11.13,1.113,0.01,0.01,0.25,0.025,2.75,2.75,69.85,6.985,0.05,0.05,1.27,0.127,4.998,4.998,0.875,8.75,0.0893,0.893,89.3,893,0.4998,0.4998,0.0875,0.875,0.00893,0.0893,8.93,89.3,0.33,0.33,8.38,0.838,REF,Reference,Reference,Reference,37.54,37.5,0.054,0.054,1.37,0.137,Standard Loops,1.25,1.25,5.56,0.567,567,0.25,0.25,1.1121,0.1134,113.4,12.495,12.495,55.581,5.6677,5667.7,5,5,127,12.7,2.081,2.081,52.86,5.286,Factory Option,Passivate per ASTM A967,0.03718,0.33,0.33,8.38,0.838,Random,0.054,0.054,1.37,0.137
LE 055DE 10S316,LE 055DE 10S316,LE055DE10S316,Extension Spring,11,Stock,,Yes,Yes,Yes,Yes,Yes,Yes,Yes,Yes,Yes,Standard Extension Series (inch),NR,Stainless Steel Type 316,SS 316,ASTM A313,0.438,0.438,11.13,1.113,0.01,0.01,0.25,0.025,2.75,2.75,69.85,6.985,0.05,0.05,1.27,0.127,4.998,4.998,0.875,8.75,0.0893,0.893,89.3,893,0.4998,0.4998,0.0875,0.875,0.00893,0.0893,8.93,89.3,0.33,0.33,8.38,0.838,REF,Reference,Reference,Reference,37.54,37.5,0.054,0.054,1.37,0.137,Standard Loops,1.25,1.25,5.56,0.567,567,0.25,0.25,1.1121,0.1134,113.4,9.371,9.371,41.684,4.2507,4250.7,4.374,4.374,111.1,11.11,2.081,2.081,52.86,5.286,Factory Option,Ultrasonically Passivate with Citric Acid for 10 mins At 131 Deg F,0.03718,0.33,0.33,8.38,0.838,Random,0.054,0.054,1.37,0.137
LE 055DE 11M,LE 055DE 11M,LE055DE11M,Extension Spring,11,Stock,,Yes,Yes,Yes,Yes,Yes,Yes,Yes,Yes,Yes,Standard Extension Series (inch),NR,Music Wire,MW,ASTM A228,0.438,0.438,11.13,1.113,0.01,0.01,0.25,0.025,3,3,76.2,7.62,0.05,0.05,1.27,0.127,5.4,5.4,0.946,9.46,0.0964,0.964,96.4,964,0.54,0.54,0.0946,0.946,0.00964,0.0964,9.64,96.4,0.33,0.33,8.38,0.838,REF,Reference,Reference,Reference,41.71,41.7,0.054,0.054,1.37,0.137,Standard Loops,1.5,1.5,6.672,0.6804,680.4,0.3,0.3,1.3345,0.13608,136.08,15,15,66.723,6.804,6804,5.5,5.5,139.7,13.97,2.307,2.307,58.6,5.86,Factory Option,Zinc Plate and Bake per ASTM B633,0.04034,0.33,0.33,8.38,0.838,Random,0.054,0.054,1.37,0.137
LE 055DE 11S,LE 055DE 11S,LE055DE11S,Extension Spring,11,Stock,,Yes,Yes,Yes,Yes,Yes,Yes,Yes,Yes,Yes,Standard Extension Series (inch),NR,Stainless Steel,SS,ASTM A313,0.438,0.438,11.13,1.113,0.01,0.01,0.25,0.025,3,3,76.2,7.62,0.05,0.05,1.27,0.127,4.498,4.498,0.788,7.88,0.0803,0.803,80.3,803,0.4498,0.4498,0.0788,0.788,0.00803,0.0803,8.03,80.3,0.33,0.33,8.38,0.838,REF,Reference,Reference,Reference,41.71,41.7,0.054,0.054,1.37,0.137,Standard Loops,1.25,1.25,5.56,0.567,567,0.25,0.25,1.1121,0.1134,113.4,12.495,12.495,55.581,5.6677,5667.7,5.5,5.5,139.7,13.97,2.307,2.307,58.6,5.86,Factory Option,Passivate per ASTM A967,0.04111,0.33,0.33,8.38,0.838,Random,0.054,0.054,1.37,0.137
LE 055DE 11S316,LE 055DE 11S316,LE055DE11S316,Extension Spring,11,Stock,,Yes,Yes,Yes,Yes,Yes,Yes,Yes,Yes,Yes,Standard Extension Series (inch),NR,Stainless Steel Type 316,SS 316,ASTM A313,0.438,0.438,11.13,1.113,0.01,0.01,0.25,0.025,3,3,76.2,7.62,0.05,0.05,1.27,0.127,4.498,4.498,0.788,7.88,0.0803,0.803,80.3,803,0.4498,0.4498,0.0788,0.788,0.00803,0.0803,8.03,80.3,0.33,0.33,8.38,0.838,REF,Reference,Reference,Reference,41.71,41.7,0.054,0.054,1.37,0.137,Standard Loops,1.25,1.25,5.56,0.567,567,0.25,0.25,1.1121,0.1134,113.4,9.371,9.371,41.684,4.2507,4250.7,4.805,4.805,122.05,12.205,2.307,2.307,58.6,5.86,Factory Option,Ultrasonically Passivate with Citric Acid for 10 mins At 131 Deg F,0.04111,0.33,0.33,8.38,0.838,Random,0.054,0.054,1.37,0.137
LE 055E 0 M,LE 055E 0 M,LE055E0M,Extension Spring,11,Stock,,Yes,Yes,Yes,Yes,Yes,Yes,Yes,Yes,Yes,Standard Extension Series (inch),NR,Music Wire,MW,ASTM A228,0.5,0.5,12.7,1.27,0.01,0.01,0.25,0.025,1.25,1.25,31.75,3.175,0.035,0.035,0.89,0.089,20.64,20.64,3.615,36.15,0.3686,3.686,368.6,3686,2.064,2.064,0.3615,3.615,0.03686,0.3686,36.86,368.6,0.39,0.39,9.91,0.991,REF,Reference,Reference,Reference,7.5466,7.5,0.055,0.055,1.4,0.14,Standard Loops,1.3,1.3,5.783,0.5897,589.7,0.26,0.26,1.1565,0.11794,117.94,13.2,13.2,58.717,5.9875,5987.5,1.83,1.83,46.48,4.648,0.47,0.47,11.94,1.194,Factory Option,Zinc Plate and Bake per ASTM B633,0.00947,0.39,0.39,9.91,0.991,Random,0.055,0.055,1.4,0.14
LE 055E 0 S,LE 055E 0 S,LE055E0S,Extension Spring,11,Stock,,Yes,Yes,Yes,Yes,Yes,Yes,Yes,Yes,Yes,Standard Extension Series (inch),NR,Stainless Steel,SS,ASTM A313,0.5,0.5,12.7,1.27,0.01,0.01,0.25,0.025,1.25,1.25,31.75,3.175,0.035,0.035,0.89,0.089,17.19,17.19,3.011,30.11,0.307,3.07,307,3070,1.719,1.719,0.3011,3.011,0.0307,0.307,30.7,307,0.39,0.39,9.91,0.991,REF,Reference,Reference,Reference,7.551,7.6,0.055,0.055,1.4,0.14,Standard Loops,1.0829,1.0829,4.817,0.4912,491.2,0.21658,0.21658,0.9634,0.09824,98.24,10.9956,10.9956,48.911,4.9876,4987.6,1.83,1.83,46.48,4.648,0.47,0.47,11.94,1.194,Factory Option,Passivate per ASTM A967,0.00966,0.39,0.39,9.91,0.991,Random,0.055,0.055,1.4,0.14
LE 055E 0 S316,LE 055E 0 S316,LE055E0S316,Extension Spring,11,Stock,,Yes,Yes,Yes,Yes,Yes,Yes,Yes,Yes,Yes,Standard Extension Series (inch),NR,Stainless Steel Type 316,SS 316,ASTM A313,0.5,0.5,12.7,1.27,0.01,0.01,0.25,0.025,1.25,1.25,31.75,3.175,0.035,0.035,0.89,0.089,17.19,17.19,3.011,30.11,0.307,3.07,307,3070,1.719,1.719,0.3011,3.011,0.0307,0.307,30.7,307,0.39,0.39,9.91,0.991,REF,Reference,Reference,Reference,7.551,7.6,0.055,0.055,1.4,0.14,Standard Loops,1.0829,1.0829,4.817,0.4912,491.2,0.21658,0.21658,0.9634,0.09824,98.24,8.246,8.246,36.68,3.7404,3740.4,1.666,1.666,42.32,4.232,0.47,0.47,11.94,1.194,Factory Option,Ultrasonically Passivate with Citric Acid for 10 mins At 131 Deg F,0.00966,0.39,0.39,9.91,0.991,Random,0.055,0.055,1.4,0.14
LE 055E 01 M,LE 055E 01 M,LE055E01M,Extension Spring,11,Stock,,Yes,Yes,Yes,Yes,Yes,Yes,Yes,Yes,Yes,Standard Extension Series (inch),NR,Music Wire,MW,ASTM A228,0.5,0.5,12.7,1.27,0.01,0.01,0.25,0.025,1.375,1.375,34.93,3.493,0.035,0.035,0.89,0.089,15.6,15.6,2.732,27.32,0.2786,2.786,278.6,2786,1.56,1.56,0.2732,2.732,0.02786,0.2786,27.86,278.6,0.39,0.39,9.91,0.991,REF,Reference,Reference,Reference,9.9847,10,0.055,0.055,1.4,0.14,Standard Loops,1.3,1.3,5.783,0.5897,589.7,0.26,0.26,1.1565,0.11794,117.94,13.2,13.2,58.717,5.9875,5987.5,2.135,2.135,54.23,5.423,0.595,0.595,15.11,1.511,Factory Option,Zinc Plate and Bake per ASTM B633,0.01189,0.39,0.39,9.91,0.991,Random,0.055,0.055,1.4,0.14
LE 055E 01 S,LE 055E 01 S,LE055E01S,Extension Spring,11,Stock,,Yes,Yes,Yes,Yes,Yes,Yes,Yes,Yes,Yes,Standard Extension Series (inch),NR,Stainless Steel,SS,ASTM A313,0.5,0.5,12.7,1.27,0.01,0.01,0.25,0.025,1.375,1.375,34.93,3.493,0.035,0.035,0.89,0.089,12.99,12.99,2.275,22.75,0.232,2.32,232,2320,1.299,1.299,0.2275,2.275,0.0232,0.232,23.2,232,0.39,0.39,9.91,0.991,REF,Reference,Reference,Reference,9.9924,10,0.055,0.055,1.4,0.14,Standard Loops,1.0829,1.0829,4.817,0.4912,491.2,0.21658,0.21658,0.9634,0.09824,98.24,10.9956,10.9956,48.911,4.9876,4987.6,2.135,2.135,54.23,5.423,0.595,0.595,15.11,1.511,Factory Option,Passivate per ASTM A967,0.01213,0.39,0.39,9.91,0.991,Random,0.055,0.055,1.4,0.14
LE 055E 01 S316,LE 055E 01 S316,LE055E01S316,Extension Spring,11,Stock,,Yes,Yes,Yes,Yes,Yes,Yes,Yes,Yes,Yes,Standard Extension Series (inch),NR,Stainless Steel Type 316,SS 316,ASTM A313,0.5,0.5,12.7,1.27,0.01,0.01,0.25,0.025,1.375,1.375,34.93,3.493,0.035,0.035,0.89,0.089,12.99,12.99,2.275,22.75,0.232,2.32,232,2320,1.299,1.299,0.2275,2.275,0.0232,0.232,23.2,232,0.39,0.39,9.91,0.991,REF,Reference,Reference,Reference,9.9924,10,0.055,0.055,1.4,0.14,Standard Loops,1.0829,1.0829,4.817,0.4912,491.2,0.21658,0.21658,0.9634,0.09824,98.24,8.246,8.246,36.68,3.7404,3740.4,1.926,1.926,48.92,4.892,0.595,0.595,15.11,1.511,Factory Option,Ultrasonically Passivate with Citric Acid for 10 mins At 131 Deg F,0.01213,0.39,0.39,9.91,0.991,Random,0.055,0.055,1.4,0.14
LE 055E 02 M,LE 055E 02 M,LE055E02M,Extension Spring,11,Stock,,Yes,Yes,Yes,Yes,Yes,Yes,Yes,Yes,Yes,Standard Extension Series (inch),NR,Music Wire,MW,ASTM A228,0.5,0.5,12.7,1.27,0.01,0.01,0.25,0.025,1.5,1.5,38.1,3.81,0.035,0.035,0.89,0.089,13,13,2.277,22.77,0.2322,2.322,232.2,2322,1.3,1.3,0.2277,2.277,0.02322,0.2322,23.22,232.2,0.39,0.39,9.91,0.991,REF,Reference,Reference,Reference,11.9817,12,0.055,0.055,1.4,0.14,Standard Loops,1.3,1.3,5.783,0.5897,589.7,0.26,0.26,1.1565,0.11794,117.94,13.2,13.2,58.717,5.9875,5987.5,2.42,2.42,61.47,6.147,0.72,0.72,18.29,1.829,Factory Option,Zinc Plate and Bake per ASTM B633,0.01387,0.39,0.39,9.91,0.991,Random,0.055,0.055,1.4,0.14
LE 055E 02 S,LE 055E 02 S,LE055E02S,Extension Spring,11,Stock,,Yes,Yes,Yes,Yes,Yes,Yes,Yes,Yes,Yes,Standard Extension Series (inch),NR,Stainless Steel,SS,ASTM A313,0.5,0.5,12.7,1.27,0.01,0.01,0.25,0.025,1.5,1.5,38.1,3.81,0.035,0.035,0.89,0.089,10.83,10.83,1.897,18.97,0.1934,1.934,193.4,1934,1.083,1.083,0.1897,1.897,0.01934,0.1934,19.34,193.4,0.39,0.39,9.91,0.991,REF,Reference,Reference,Reference,11.9853,12,0.055,0.055,1.4,0.14,Standard Loops,1.0829,1.0829,4.817,0.4912,491.2,0.21658,0.21658,0.9634,0.09824,98.24,10.9956,10.9956,48.911,4.9876,4987.6,2.42,2.42,61.47,6.147,0.72,0.72,18.29,1.829,Factory Option,Passivate per ASTM A967,0.01414,0.39,0.39,9.91,0.991,Random,0.055,0.055,1.4,0.14
LE 055E 02 S316,LE 055E 02 S316,LE055E02S316,Extension Spring,11,Stock,,Yes,Yes,Yes,Yes,Yes,Yes,Yes,Yes,Yes,Standard Extension Series (inch),NR,Stainless Steel Type 316,SS 316,ASTM A313,0.5,0.5,12.7,1.27,0.01,0.01,0.25,0.025,1.5,1.5,38.1,3.81,0.035,0.035,0.89,0.089,10.83,10.83,1.897,18.97,0.1934,1.934,193.4,1934,1.083,1.083,0.1897,1.897,0.01934,0.1934,19.34,193.4,0.39,0.39,9.91,0.991,REF,Reference,Reference,Reference,11.9853,12,0.055,0.055,1.4,0.14,Standard Loops,1.0829,1.0829,4.817,0.4912,491.2,0.21658,0.21658,0.9634,0.09824,98.24,8.246,8.246,36.68,3.7404,3740.4,2.161,2.161,54.89,5.489,0.72,0.72,18.29,1.829,Factory Option,Ultrasonically Passivate with Citric Acid for 10 mins At 131 Deg F,0.01414,0.39,0.39,9.91,0.991,Random,0.055,0.055,1.4,0.14
LE 055E 03 M,LE 055E 03 M,LE055E03M,Extension Spring,11,Stock,,Yes,Yes,Yes,Yes,Yes,Yes,Yes,Yes,Yes,Standard Extension Series (inch),NR,Music Wire,MW,ASTM A228,0.5,0.5,12.7,1.27,0.01,0.01,0.25,0.025,1.75,1.75,44.45,4.445,0.04,0.04,1.02,0.102,9.4,9.4,1.646,16.46,0.1679,1.679,167.9,1679,0.94,0.94,0.1646,1.646,0.01679,0.1679,16.79,167.9,0.39,0.39,9.91,0.991,REF,Reference,Reference,Reference,16.5704,16.6,0.055,0.055,1.4,0.14,Standard Loops,1.3,1.3,5.783,0.5897,589.7,0.26,0.26,1.1565,0.11794,117.94,13.2,13.2,58.717,5.9875,5987.5,3.02,3.02,76.71,7.671,0.97,0.97,24.64,2.464,Factory Option,Zinc Plate and Bake per ASTM B633,0.01843,0.39,0.39,9.91,0.991,Random,0.055,0.055,1.4,0.14
LE 055E 03 S,LE 055E 03 S,LE055E03S,Extension Spring,11,Stock,,Yes,Yes,Yes,Yes,Yes,Yes,Yes,Yes,Yes,Standard Extension Series (inch),NR,Stainless Steel,SS,ASTM A313,0.5,0.5,12.7,1.27,0.01,0.01,0.25,0.025,1.75,1.75,44.45,4.445,0.04,0.04,1.02,0.102,7.83,7.83,1.371,13.71,0.1398,1.398,139.8,1398,0.783,0.783,0.1371,1.371,0.01398,0.1398,13.98,139.8,0.39,0.39,9.91,0.991,REF,Reference,Reference,Reference,16.5774,16.6,0.055,0.055,1.4,0.14,Standard Loops,1.0829,1.0829,4.817,0.4912,491.2,0.21658,0.21658,0.9634,0.09824,98.24,10.9956,10.9956,48.911,4.9876,4987.6,3.02,3.02,76.71,7.671,0.97,0.97,24.64,2.464,Factory Option,Passivate per ASTM A967,0.01878,0.39,0.39,9.91,0.991,Random,0.055,0.055,1.4,0.14
LE 055E 03 S316,LE 055E 03 S316,LE055E03S316,Extension Spring,11,Stock,,Yes,Yes,Yes,Yes,Yes,Yes,Yes,Yes,Yes,Standard Extension Series (inch),NR,Stainless Steel Type 316,SS 316,ASTM A313,0.5,0.5,12.7,1.27,0.01,0.01,0.25,0.025,1.75,1.75,44.45,4.445,0.04,0.04,1.02,0.102,7.83,7.83,1.371,13.71,0.1398,1.398,139.8,1398,0.783,0.783,0.1371,1.371,0.01398,0.1398,13.98,139.8,0.39,0.39,9.91,0.991,REF,Reference,Reference,Reference,16.5774,16.6,0.055,0.055,1.4,0.14,Standard Loops,1.0829,1.0829,4.817,0.4912,491.2,0.21658,0.21658,0.9634,0.09824,98.24,8.246,8.246,36.68,3.7404,3740.4,2.664,2.664,67.67,6.767,0.97,0.97,24.64,2.464,Factory Option,Ultrasonically Passivate with Citric Acid for 10 mins At 131 Deg F,0.01878,0.39,0.39,9.91,0.991,Random,0.055,0.055,1.4,0.14
LE 055E 04 M,LE 055E 04 M,LE055E04M,Extension Spring,11,Stock,,Yes,Yes,Yes,Yes,Yes,Yes,Yes,Yes,Yes,Standard Extension Series (inch),NR,Music Wire,MW,ASTM A228,0.5,0.5,12.7,1.27,0.01,0.01,0.25,0.025,2,2,50.8,5.08,0.04,0.04,1.02,0.102,7.4,7.4,1.296,12.96,0.1321,1.321,132.1,1321,0.74,0.74,0.1296,1.296,0.01321,0.1321,13.21,132.1,0.39,0.39,9.91,0.991,REF,Reference,Reference,Reference,21.0489,21,0.055,0.055,1.4,0.14,Standard Loops,1.3,1.3,5.783,0.5897,589.7,0.26,0.26,1.1565,0.11794,117.94,13.2,13.2,58.717,5.9875,5987.5,3.61,3.61,91.69,9.169,1.22,1.22,30.99,3.099,Factory Option,Zinc Plate and Bake per ASTM B633,0.02287,0.39,0.39,9.91,0.991,Random,0.055,0.055,1.4,0.14
LE 055E 04 S,LE 055E 04 S,LE055E04S,Extension Spring,11,Stock,,Yes,Yes,Yes,Yes,Yes,Yes,Yes,Yes,Yes,Standard Extension Series (inch),NR,Stainless Steel,SS,ASTM A313,0.5,0.5,12.7,1.27,0.01,0.01,0.25,0.025,2,2,50.8,5.08,0.04,0.04,1.02,0.102,6.16,6.16,1.079,10.79,0.11,1.1,110,1100,0.616,0.616,0.1079,1.079,0.011,0.11,11,110,0.39,0.39,9.91,0.991,REF,Reference,Reference,Reference,21.0717,21.1,0.055,0.055,1.4,0.14,Standard Loops,1.0829,1.0829,4.817,0.4912,491.2,0.21658,0.21658,0.9634,0.09824,98.24,10.9956,10.9956,48.911,4.9876,4987.6,3.61,3.61,91.69,9.169,1.22,1.22,30.99,3.099,Factory Option,Passivate per ASTM A967,0.02333,0.39,0.39,9.91,0.991,Random,0.055,0.055,1.4,0.14
LE 055E 04 S316,LE 055E 04 S316,LE055E04S316,Extension Spring,11,Stock,,Yes,Yes,Yes,Yes,Yes,Yes,Yes,Yes,Yes,Standard Extension Series (inch),NR,Stainless Steel Type 316,SS 316,ASTM A313,0.5,0.5,12.7,1.27,0.01,0.01,0.25,0.025,2,2,50.8,5.08,0.04,0.04,1.02,0.102,6.16,6.16,1.079,10.79,0.11,1.1,110,1100,0.616,0.616,0.1079,1.079,0.011,0.11,11,110,0.39,0.39,9.91,0.991,REF,Reference,Reference,Reference,21.0717,21.1,0.055,0.055,1.4,0.14,Standard Loops,1.0829,1.0829,4.817,0.4912,491.2,0.21658,0.21658,0.9634,0.09824,98.24,8.246,8.246,36.68,3.7404,3740.4,3.162,3.162,80.31,8.031,1.22,1.22,30.99,3.099,Factory Option,Ultrasonically Passivate with Citric Acid for 10 mins At 131 Deg F,0.02333,0.39,0.39,9.91,0.991,Random,0.055,0.055,1.4,0.14
LE 055E 05 M,LE 055E 05 M,LE055E05M,Extension Spring,11,Stock,,Yes,Yes,Yes,Yes,Yes,Yes,Yes,Yes,Yes,Standard Extension Series (inch),NR,Music Wire,MW,ASTM A228,0.5,0.5,12.7,1.27,0.01,0.01,0.25,0.025,2.25,2.25,57.15,5.715,0.05,0.05,1.27,0.127,6.1,6.1,1.068,10.68,0.1089,1.089,108.9,1089,0.61,0.61,0.1068,1.068,0.01089,0.1089,10.89,108.9,0.39,0.39,9.91,0.991,REF,Reference,Reference,Reference,25.5347,25.5,0.055,0.055,1.4,0.14,Standard Loops,1.3,1.3,5.783,0.5897,589.7,0.26,0.26,1.1565,0.11794,117.94,13.2,13.2,58.717,5.9875,5987.5,4.2,4.2,106.68,10.668,1.47,1.47,37.34,3.734,Factory Option,Zinc Plate and Bake per ASTM B633,0.02732,0.39,0.39,9.91,0.991,Random,0.055,0.055,1.4,0.14
LE 055E 05 S,LE 055E 05 S,LE055E05S,Extension Spring,11,Stock,,Yes,Yes,Yes,Yes,Yes,Yes,Yes,Yes,Yes,Standard Extension Series (inch),NR,Stainless Steel,SS,ASTM A313,0.5,0.5,12.7,1.27,0.01,0.01,0.25,0.025,2.25,2.25,57.15,5.715,0.05,0.05,1.27,0.127,5.08,5.08,0.89,8.9,0.0907,0.907,90.7,907,0.508,0.508,0.089,0.89,0.00907,0.0907,9.07,90.7,0.39,0.39,9.91,0.991,REF,Reference,Reference,Reference,25.5515,25.6,0.055,0.055,1.4,0.14,Standard Loops,1.0829,1.0829,4.817,0.4912,491.2,0.21658,0.21658,0.9634,0.09824,98.24,10.9956,10.9956,48.911,4.9876,4987.6,4.2,4.2,106.68,10.668,1.47,1.47,37.34,3.734,Factory Option,Passivate per ASTM A967,0.02786,0.39,0.39,9.91,0.991,Random,0.055,0.055,1.4,0.14
LE 055E 05 S316,LE 055E 05 S316,LE055E05S316,Extension Spring,11,Stock,,Yes,Yes,Yes,Yes,Yes,Yes,Yes,Yes,Yes,Standard Extension Series (inch),NR,Stainless Steel Type 316,SS 316,ASTM A313,0.5,0.5,12.7,1.27,0.01,0.01,0.25,0.025,2.25,2.25,57.15,5.715,0.05,0.05,1.27,0.127,5.08,5.08,0.89,8.9,0.0907,0.907,90.7,907,0.508,0.508,0.089,0.89,0.00907,0.0907,9.07,90.7,0.39,0.39,9.91,0.991,REF,Reference,Reference,Reference,25.5515,25.6,0.055,0.055,1.4,0.14,Standard Loops,1.0829,1.0829,4.817,0.4912,491.2,0.21658,0.21658,0.9634,0.09824,98.24,8.246,8.246,36.68,3.7404,3740.4,3.66,3.66,92.96,9.296,1.47,1.47,37.34,3.734,Factory Option,Ultrasonically Passivate with Citric Acid for 10 mins At 131 Deg F,0.02786,0.39,0.39,9.91,0.991,Random,0.055,0.055,1.4,0.14
LE 055E 06 M,LE 055E 06 M,LE055E06M,Extension Spring,11,Stock,,Yes,Yes,Yes,Yes,Yes,Yes,Yes,Yes,Yes,Standard Extension Series (inch),NR,Music Wire,MW,ASTM A228,0.5,0.5,12.7,1.27,0.01,0.01,0.25,0.025,2.5,2.5,63.5,6.35,0.05,0.05,1.27,0.127,5.2,5.2,0.911,9.11,0.0929,0.929,92.9,929,0.52,0.52,0.0911,0.911,0.00929,0.0929,9.29,92.9,0.39,0.39,9.91,0.991,REF,Reference,Reference,Reference,29.9542,30,0.055,0.055,1.4,0.14,Standard Loops,1.3,1.3,5.783,0.5897,589.7,0.26,0.26,1.1565,0.11794,117.94,13.2,13.2,58.717,5.9875,5987.5,4.79,4.79,121.67,12.167,1.72,1.72,43.69,4.369,Factory Option,Zinc Plate and Bake per ASTM B633,0.03171,0.39,0.39,9.91,0.991,Random,0.055,0.055,1.4,0.14
LE 055E 06 S,LE 055E 06 S,LE055E06S,Extension Spring,11,Stock,,Yes,Yes,Yes,Yes,Yes,Yes,Yes,Yes,Yes,Standard Extension Series (inch),NR,Stainless Steel,SS,ASTM A313,0.5,0.5,12.7,1.27,0.01,0.01,0.25,0.025,2.5,2.5,63.5,6.35,0.05,0.05,1.27,0.127,4.33,4.33,0.758,7.58,0.0773,0.773,77.3,773,0.433,0.433,0.0758,0.758,0.00773,0.0773,7.73,77.3,0.39,0.39,9.91,0.991,REF,Reference,Reference,Reference,29.9773,30,0.055,0.055,1.4,0.14,Standard Loops,1.0829,1.0829,4.817,0.4912,491.2,0.21658,0.21658,0.9634,0.09824,98.24,10.9956,10.9956,48.911,4.9876,4987.6,4.79,4.79,121.67,12.167,1.72,1.72,43.69,4.369,Factory Option,Passivate per ASTM A967,0.03233,0.39,0.39,9.91,0.991,Random,0.055,0.055,1.4,0.14
LE 055E 06 S316,LE 055E 06 S316,LE055E06S316,Extension Spring,11,Stock,,Yes,Yes,Yes,Yes,Yes,Yes,Yes,Yes,Yes,Standard Extension Series (inch),NR,Stainless Steel Type 316,SS 316,ASTM A313,0.5,0.5,12.7,1.27,0.01,0.01,0.25,0.025,2.5,2.5,63.5,6.35,0.05,0.05,1.27,0.127,4.33,4.33,0.758,7.58,0.0773,0.773,77.3,773,0.433,0.433,0.0758,0.758,0.00773,0.0773,7.73,77.3,0.39,0.39,9.91,0.991,REF,Reference,Reference,Reference,29.9773,30,0.055,0.055,1.4,0.14,Standard Loops,1.0829,1.0829,4.817,0.4912,491.2,0.21658,0.21658,0.9634,0.09824,98.24,8.246,8.246,36.68,3.7404,3740.4,4.154,4.154,105.51,10.551,1.72,1.72,43.69,4.369,Factory Option,Ultrasonically Passivate with Citric Acid for 10 mins At 131 Deg F,0.03233,0.39,0.39,9.91,0.991,Random,0.055,0.055,1.4,0.14
LE 055E 07 M,LE 055E 07 M,LE055E07M,Extension Spring,11,Stock,,Yes,Yes,Yes,Yes,Yes,Yes,Yes,Yes,Yes,Standard Extension Series (inch),NR,Music Wire,MW,ASTM A228,0.5,0.5,12.7,1.27,0.01,0.01,0.25,0.025,2.75,2.75,69.85,6.985,0.05,0.05,1.27,0.127,4.5,4.5,0.788,7.88,0.0804,0.804,80.4,804,0.45,0.45,0.0788,0.788,0.00804,0.0804,8.04,80.4,0.39,0.39,9.91,0.991,REF,Reference,Reference,Reference,34.6138,34.6,0.055,0.055,1.4,0.14,Standard Loops,1.3,1.3,5.783,0.5897,589.7,0.26,0.26,1.1565,0.11794,117.94,13.2,13.2,58.717,5.9875,5987.5,5.39,5.39,136.91,13.691,1.97,1.97,50.04,5.004,Factory Option,Zinc Plate and Bake per ASTM B633,0.03633,0.39,0.39,9.91,0.991,Random,0.055,0.055,1.4,0.14
LE 055E 07 S,LE 055E 07 S,LE055E07S,Extension Spring,11,Stock,,Yes,Yes,Yes,Yes,Yes,Yes,Yes,Yes,Yes,Standard Extension Series (inch),NR,Stainless Steel,SS,ASTM A313,0.5,0.5,12.7,1.27,0.01,0.01,0.25,0.025,2.75,2.75,69.85,6.985,0.05,0.05,1.27,0.127,3.75,3.75,0.657,6.57,0.067,0.67,67,670,0.375,0.375,0.0657,0.657,0.0067,0.067,6.7,67,0.39,0.39,9.91,0.991,REF,Reference,Reference,Reference,34.6138,34.6,0.055,0.055,1.4,0.14,Standard Loops,1.0829,1.0829,4.817,0.4912,491.2,0.21658,0.21658,0.9634,0.09824,98.24,10.9956,10.9956,48.911,4.9876,4987.6,5.39,5.39,136.91,13.691,1.97,1.97,50.04,5.004,Factory Option,Passivate per ASTM A967,0.03702,0.39,0.39,9.91,0.991,Random,0.055,0.055,1.4,0.14
LE 055E 07 S316,LE 055E 07 S316,LE055E07S316,Extension Spring,11,Stock,,Yes,Yes,Yes,Yes,Yes,Yes,Yes,Yes,Yes,Standard Extension Series (inch),NR,Stainless Steel Type 316,SS 316,ASTM A313,0.5,0.5,12.7,1.27,0.01,0.01,0.25,0.025,2.75,2.75,69.85,6.985,0.05,0.05,1.27,0.127,3.75,3.75,0.657,6.57,0.067,0.67,67,670,0.375,0.375,0.0657,0.657,0.0067,0.067,6.7,67,0.39,0.39,9.91,0.991,REF,Reference,Reference,Reference,34.6138,34.6,0.055,0.055,1.4,0.14,Standard Loops,1.0829,1.0829,4.817,0.4912,491.2,0.21658,0.21658,0.9634,0.09824,98.24,8.246,8.246,36.68,3.7404,3740.4,4.66,4.66,118.36,11.836,1.97,1.97,50.04,5.004,Factory Option,Ultrasonically Passivate with Citric Acid for 10 mins At 131 Deg F,0.03702,0.39,0.39,9.91,0.991,Random,0.055,0.055,1.4,0.14
LE 055E 08 M,LE 055E 08 M,LE055E08M,Extension Spring,11,Stock,,Yes,Yes,Yes,Yes,Yes,Yes,Yes,Yes,Yes,Standard Extension Series (inch),NR,Music Wire,MW,ASTM A228,0.5,0.5,12.7,1.27,0.01,0.01,0.25,0.025,3,3,76.2,7.62,0.05,0.05,1.27,0.127,3.9,3.9,0.683,6.83,0.0696,0.696,69.6,696,0.39,0.39,0.0683,0.683,0.00696,0.0696,6.96,69.6,0.39,0.39,9.91,0.991,REF,Reference,Reference,Reference,39.939,39.9,0.055,0.055,1.4,0.14,Standard Loops,1.3,1.3,5.783,0.5897,589.7,0.26,0.26,1.1565,0.11794,117.94,13.2,13.2,58.717,5.9875,5987.5,6.05,6.05,153.67,15.367,2.22,2.22,56.39,5.639,Factory Option,Zinc Plate and Bake per ASTM B633,0.04161,0.39,0.39,9.91,0.991,Random,0.055,0.055,1.4,0.14
LE 055E 08 S,LE 055E 08 S,LE055E08S,Extension Spring,11,Stock,,Yes,Yes,Yes,Yes,Yes,Yes,Yes,Yes,Yes,Standard Extension Series (inch),NR,Stainless Steel,SS,ASTM A313,0.5,0.5,12.7,1.27,0.01,0.01,0.25,0.025,3,3,76.2,7.62,0.05,0.05,1.27,0.127,3.25,3.25,0.569,5.69,0.058,0.58,58,580,0.325,0.325,0.0569,0.569,0.0058,0.058,5.8,58,0.39,0.39,9.91,0.991,REF,Reference,Reference,Reference,39.939,39.9,0.055,0.055,1.4,0.14,Standard Loops,1.0829,1.0829,4.817,0.4912,491.2,0.21658,0.21658,0.9634,0.09824,98.24,10.9956,10.9956,48.911,4.9876,4987.6,6.05,6.05,153.67,15.367,2.22,2.22,56.39,5.639,Factory Option,Passivate per ASTM A967,0.04241,0.39,0.39,9.91,0.991,Random,0.055,0.055,1.4,0.14
LE 055E 08 S316,LE 055E 08 S316,LE055E08S316,Extension Spring,11,Stock,,Yes,Yes,Yes,Yes,Yes,Yes,Yes,Yes,Yes,Standard Extension Series (inch),NR,Stainless Steel Type 316,SS 316,ASTM A313,0.5,0.5,12.7,1.27,0.01,0.01,0.25,0.025,3,3,76.2,7.62,0.05,0.05,1.27,0.127,3.25,3.25,0.569,5.69,0.058,0.58,58,580,0.325,0.325,0.0569,0.569,0.0058,0.058,5.8,58,0.39,0.39,9.91,0.991,REF,Reference,Reference,Reference,39.939,39.9,0.055,0.055,1.4,0.14,Standard Loops,1.0829,1.0829,4.817,0.4912,491.2,0.21658,0.21658,0.9634,0.09824,98.24,8.246,8.246,36.68,3.7404,3740.4,5.204,5.204,132.18,13.218,2.22,2.22,56.39,5.639,Factory Option,Ultrasonically Passivate with Citric Acid for 10 mins At 131 Deg F,0.04241,0.39,0.39,9.91,0.991,Random,0.055,0.055,1.4,0.14
LE 055E 09 M,LE 055E 09 M,LE055E09M,Extension Spring,11,Stock,,Yes,Yes,Yes,Yes,Yes,Yes,Yes,Yes,Yes,Standard Extension Series (inch),NR,Music Wire,MW,ASTM A228,0.5,0.5,12.7,1.27,0.01,0.01,0.25,0.025,3.5,3.5,88.9,8.89,0.06,0.06,1.52,0.152,3.2,3.2,0.56,5.6,0.0571,0.571,57.1,571,0.32,0.32,0.056,0.56,0.00571,0.0571,5.71,57.1,0.39,0.39,9.91,0.991,REF,Reference,Reference,Reference,48.6756,48.7,0.055,0.055,1.4,0.14,Standard Loops,1.3,1.3,5.783,0.5897,589.7,0.26,0.26,1.1565,0.11794,117.94,13.2,13.2,58.717,5.9875,5987.5,7.22,7.22,183.39,18.339,2.72,2.72,69.09,6.909,Factory Option,Zinc Plate and Bake per ASTM B633,0.05028,0.39,0.39,9.91,0.991,Random,0.055,0.055,1.4,0.14
LE 055E 09 S,LE 055E 09 S,LE055E09S,Extension Spring,11,Stock,,Yes,Yes,Yes,Yes,Yes,Yes,Yes,Yes,Yes,Standard Extension Series (inch),NR,Stainless Steel,SS,ASTM A313,0.5,0.5,12.7,1.27,0.01,0.01,0.25,0.025,3.5,3.5,88.9,8.89,0.06,0.06,1.52,0.152,2.67,2.67,0.468,4.68,0.0477,0.477,47.7,477,0.267,0.267,0.0468,0.468,0.00477,0.0477,4.77,47.7,0.39,0.39,9.91,0.991,REF,Reference,Reference,Reference,48.6149,48.6,0.055,0.055,1.4,0.14,Standard Loops,1.0829,1.0829,4.817,0.4912,491.2,0.21658,0.21658,0.9634,0.09824,98.24,10.9956,10.9956,48.911,4.9876,4987.6,7.22,7.22,183.39,18.339,2.72,2.72,69.09,6.909,Factory Option,Passivate per ASTM A967,0.05118,0.39,0.39,9.91,0.991,Random,0.055,0.055,1.4,0.14
LE 055E 09 S316,LE 055E 09 S316,LE055E09S316,Extension Spring,11,Stock,,Yes,Yes,Yes,Yes,Yes,Yes,Yes,Yes,Yes,Standard Extension Series (inch),NR,Stainless Steel Type 316,SS 316,ASTM A313,0.5,0.5,12.7,1.27,0.01,0.01,0.25,0.025,3.5,3.5,88.9,8.89,0.06,0.06,1.52,0.152,2.67,2.67,0.468,4.68,0.0477,0.477,47.7,477,0.267,0.267,0.0468,0.468,0.00477,0.0477,4.77,47.7,0.39,0.39,9.91,0.991,REF,Reference,Reference,Reference,48.6149,48.6,0.055,0.055,1.4,0.14,Standard Loops,1.0829,1.0829,4.817,0.4912,491.2,0.21658,0.21658,0.9634,0.09824,98.24,8.246,8.246,36.68,3.7404,3740.4,6.182,6.182,157.02,15.702,2.72,2.72,69.09,6.909,Factory Option,Ultrasonically Passivate with Citric Acid for 10 mins At 131 Deg F,0.05118,0.39,0.39,9.91,0.991,Random,0.055,0.055,1.4,0.14
LE 055E 10 M,LE 055E 10 M,LE055E10M,Extension Spring,11,Stock,,Yes,Yes,Yes,Yes,Yes,Yes,Yes,Yes,Yes,Standard Extension Series (inch),NR,Music Wire,MW,ASTM A228,0.5,0.5,12.7,1.27,0.01,0.01,0.25,0.025,4,4,101.6,10.16,0.06,0.06,1.52,0.152,2.7,2.7,0.473,4.73,0.0482,0.482,48.2,482,0.27,0.27,0.0473,0.473,0.00482,0.0482,4.82,48.2,0.39,0.39,9.91,0.991,REF,Reference,Reference,Reference,57.6896,57.7,0.055,0.055,1.4,0.14,Standard Loops,1.3,1.3,5.783,0.5897,589.7,0.26,0.26,1.1565,0.11794,117.94,13.2,13.2,58.717,5.9875,5987.5,8.41,8.41,213.61,21.361,3.22,3.22,81.79,8.179,Factory Option,Zinc Plate and Bake per ASTM B633,0.05923,0.39,0.39,9.91,0.991,Random,0.055,0.055,1.4,0.14
LE 055E 10 S,LE 055E 10 S,LE055E10S,Extension Spring,11,Stock,,Yes,Yes,Yes,Yes,Yes,Yes,Yes,Yes,Yes,Standard Extension Series (inch),NR,Stainless Steel,SS,ASTM A313,0.5,0.5,12.7,1.27,0.01,0.01,0.25,0.025,4,4,101.6,10.16,0.06,0.06,1.52,0.152,2.25,2.25,0.394,3.94,0.0402,0.402,40.2,402,0.225,0.225,0.0394,0.394,0.00402,0.0402,4.02,40.2,0.39,0.39,9.91,0.991,REF,Reference,Reference,Reference,57.6896,57.7,0.055,0.055,1.4,0.14,Standard Loops,1.0829,1.0829,4.817,0.4912,491.2,0.21658,0.21658,0.9634,0.09824,98.24,10.9956,10.9956,48.911,4.9876,4987.6,8.41,8.41,213.61,21.361,3.22,3.22,81.79,8.179,Factory Option,Passivate per ASTM A967,0.06035,0.39,0.39,9.91,0.991,Random,0.055,0.055,1.4,0.14
LE 055E 10 S316,LE 055E 10 S316,LE055E10S316,Extension Spring,11,Stock,,Yes,Yes,Yes,Yes,Yes,Yes,Yes,Yes,Yes,Standard Extension Series (inch),NR,Stainless Steel Type 316,SS 316,ASTM A313,0.5,0.5,12.7,1.27,0.01,0.01,0.25,0.025,4,4,101.6,10.16,0.06,0.06,1.52,0.152,2.25,2.25,0.394,3.94,0.0402,0.402,40.2,402,0.225,0.225,0.0394,0.394,0.00402,0.0402,4.02,40.2,0.39,0.39,9.91,0.991,REF,Reference,Reference,Reference,57.6896,57.7,0.055,0.055,1.4,0.14,Standard Loops,1.0829,1.0829,4.817,0.4912,491.2,0.21658,0.21658,0.9634,0.09824,98.24,8.246,8.246,36.68,3.7404,3740.4,7.183,7.183,182.45,18.245,3.22,3.22,81.79,8.179,Factory Option,Ultrasonically Passivate with Citric Acid for 10 mins At 131 Deg F,0.06035,0.39,0.39,9.91,0.991,Random,0.055,0.055,1.4,0.14
LE 055E 11 M,LE 055E 11 M,LE055E11M,Extension Spring,11,Stock,,Yes,Yes,Yes,Yes,Yes,Yes,Yes,Yes,Yes,Standard Extension Series (inch),NR,Music Wire,MW,ASTM A228,0.5,0.5,12.7,1.27,0.01,0.01,0.25,0.025,4.5,4.5,114.3,11.43,0.075,0.075,1.91,0.191,2.3,2.3,0.403,4.03,0.0411,0.411,41.1,411,0.23,0.23,0.0403,0.403,0.00411,0.0411,4.11,41.1,0.39,0.39,9.91,0.991,REF,Reference,Reference,Reference,67.7226,67.7,0.055,0.055,1.4,0.14,Standard Loops,1.3,1.3,5.783,0.5897,589.7,0.26,0.26,1.1565,0.11794,117.94,13.2,13.2,58.717,5.9875,5987.5,9.67,9.67,245.62,24.562,3.72,3.72,94.49,9.449,Factory Option,Zinc Plate and Bake per ASTM B633,0.06918,0.39,0.39,9.91,0.991,Random,0.055,0.055,1.4,0.14
LE 055E 11 S,LE 055E 11 S,LE055E11S,Extension Spring,11,Stock,,Yes,Yes,Yes,Yes,Yes,Yes,Yes,Yes,Yes,Standard Extension Series (inch),NR,Stainless Steel,SS,ASTM A313,0.5,0.5,12.7,1.27,0.01,0.01,0.25,0.025,4.5,4.5,114.3,11.43,0.075,0.075,1.91,0.191,1.92,1.92,0.336,3.36,0.0343,0.343,34.3,343,0.192,0.192,0.0336,0.336,0.00343,0.0343,3.43,34.3,0.39,0.39,9.91,0.991,REF,Reference,Reference,Reference,67.6051,67.6,0.055,0.055,1.4,0.14,Standard Loops,1.0829,1.0829,4.817,0.4912,491.2,0.21658,0.21658,0.9634,0.09824,98.24,10.9956,10.9956,48.911,4.9876,4987.6,9.67,9.67,245.62,24.562,3.72,3.72,94.49,9.449,Factory Option,Passivate per ASTM A967,0.07038,0.39,0.39,9.91,0.991,Random,0.055,0.055,1.4,0.14
LE 055E 11 S316,LE 055E 11 S316,LE055E11S316,Extension Spring,11,Stock,,Yes,Yes,Yes,Yes,Yes,Yes,Yes,Yes,Yes,Standard Extension Series (inch),NR,Stainless Steel Type 316,SS 316,ASTM A313,0.5,0.5,12.7,1.27,0.01,0.01,0.25,0.025,4.5,4.5,114.3,11.43,0.075,0.075,1.91,0.191,1.92,1.92,0.336,3.36,0.0343,0.343,34.3,343,0.192,0.192,0.0336,0.336,0.00343,0.0343,3.43,34.3,0.39,0.39,9.91,0.991,REF,Reference,Reference,Reference,67.6051,67.6,0.055,0.055,1.4,0.14,Standard Loops,1.0829,1.0829,4.817,0.4912,491.2,0.21658,0.21658,0.9634,0.09824,98.24,8.246,8.246,36.68,3.7404,3740.4,8.23,8.23,209.04,20.904,3.72,3.72,94.49,9.449,Factory Option,Ultrasonically Passivate with Citric Acid for 10 mins At 131 Deg F,0.07038,0.39,0.39,9.91,0.991,Random,0.055,0.055,1.4,0.14
LE 055E 12 M,LE 055E 12 M,LE055E12M,Extension Spring,11,Stock,,Yes,Yes,Yes,Yes,Yes,Yes,Yes,Yes,Yes,Standard Extension Series (inch),NR,Music Wire,MW,ASTM A228,0.5,0.5,12.7,1.27,0.01,0.01,0.25,0.025,5,5,127,12.7,0.075,0.075,1.91,0.191,2.07,2.07,0.363,3.63,0.037,0.37,37,370,0.207,0.207,0.0363,0.363,0.0037,0.037,3.7,37,0.39,0.39,9.91,0.991,REF,Reference,Reference,Reference,75.2474,75.2,0.055,0.055,1.4,0.14,Standard Loops,1.3,1.3,5.783,0.5897,589.7,0.26,0.26,1.1565,0.11794,117.94,13.2,13.2,58.717,5.9875,5987.5,10.75,10.75,273.05,27.305,4.22,4.22,107.19,10.719,Factory Option,Zinc Plate and Bake per ASTM B633,0.07665,0.39,0.39,9.91,0.991,Random,0.055,0.055,1.4,0.14
LE 055E 12 S,LE 055E 12 S,LE055E12S,Extension Spring,11,Stock,,Yes,Yes,Yes,Yes,Yes,Yes,Yes,Yes,Yes,Standard Extension Series (inch),NR,Stainless Steel,SS,ASTM A313,0.5,0.5,12.7,1.27,0.01,0.01,0.25,0.025,5,5,127,12.7,0.075,0.075,1.91,0.191,1.72,1.72,0.301,3.01,0.0307,0.307,30.7,307,0.172,0.172,0.0301,0.301,0.00307,0.0307,3.07,30.7,0.39,0.39,9.91,0.991,REF,Reference,Reference,Reference,75.4661,75.5,0.055,0.055,1.4,0.14,Standard Loops,1.0829,1.0829,4.817,0.4912,491.2,0.21658,0.21658,0.9634,0.09824,98.24,10.9956,10.9956,48.911,4.9876,4987.6,10.75,10.75,273.05,27.305,4.22,4.22,107.19,10.719,Factory Option,Passivate per ASTM A967,0.07833,0.39,0.39,9.91,0.991,Random,0.055,0.055,1.4,0.14
LE 055E 12 S316,LE 055E 12 S316,LE055E12S316,Extension Spring,11,Stock,,Yes,Yes,Yes,Yes,Yes,Yes,Yes,Yes,Yes,Standard Extension Series (inch),NR,Stainless Steel Type 316,SS 316,ASTM A313,0.5,0.5,12.7,1.27,0.01,0.01,0.25,0.025,5,5,127,12.7,0.075,0.075,1.91,0.191,1.72,1.72,0.301,3.01,0.0307,0.307,30.7,307,0.172,0.172,0.0301,0.301,0.00307,0.0307,3.07,30.7,0.39,0.39,9.91,0.991,REF,Reference,Reference,Reference,75.4661,75.5,0.055,0.055,1.4,0.14,Standard Loops,1.0829,1.0829,4.817,0.4912,491.2,0.21658,0.21658,0.9634,0.09824,98.24,8.246,8.246,36.68,3.7404,3740.4,9.164,9.164,232.77,23.277,4.22,4.22,107.19,10.719,Factory Option,Ultrasonically Passivate with Citric Acid for 10 mins At 131 Deg F,0.07833,0.39,0.39,9.91,0.991,Random,0.055,0.055,1.4,0.14
LE 055F 0 M,LE 055F 0 M,LE055F0M,Extension Spring,11,Stock,,Yes,Yes,Yes,Yes,Yes,Yes,Yes,Yes,Yes,Standard Extension Series (inch),NR,Music Wire,MW,ASTM A228,0.625,0.625,15.88,1.588,0.015,0.015,0.38,0.038,1.75,1.75,44.45,4.445,0.04,0.04,1.02,0.102,6.13,6.13,1.074,10.74,0.1095,1.095,109.5,1095,0.613,0.613,0.1074,1.074,0.01095,0.1095,10.95,109.5,0.515,0.515,13.08,1.308,REF,Reference,Reference,Reference,12.0908,12.1,0.055,0.055,1.4,0.14,Standard Loops,1,1,4.448,0.4536,453.6,0.2,0.2,0.8896,0.09072,90.72,10.5,10.5,46.706,4.7628,4762.8,3.3,3.3,83.82,8.382,0.72,0.72,18.29,1.829,Factory Option,Zinc Plate and Bake per ASTM B633,0.01791,0.515,0.515,13.08,1.308,Random,0.055,0.055,1.4,0.14
LE 055F 0 S,LE 055F 0 S,LE055F0S,Extension Spring,11,Stock,,Yes,Yes,Yes,Yes,Yes,Yes,Yes,Yes,Yes,Standard Extension Series (inch),NR,Stainless Steel,SS,ASTM A313,0.625,0.625,15.88,1.588,0.015,0.015,0.38,0.038,1.75,1.75,44.45,4.445,0.04,0.04,1.02,0.102,5.11,5.11,0.895,8.95,0.0913,0.913,91.3,913,0.511,0.511,0.0895,0.895,0.00913,0.0913,9.13,91.3,0.515,0.515,13.08,1.308,REF,Reference,Reference,Reference,12.0869,12.1,0.055,0.055,1.4,0.14,Standard Loops,0.833,0.833,3.705,0.3778,377.8,0.1666,0.1666,0.7411,0.07557,75.57,8.7465,8.7465,38.906,3.9674,3967.4,3.3,3.3,83.82,8.382,0.72,0.72,18.29,1.829,Factory Option,Passivate per ASTM A967,0.01824,0.515,0.515,13.08,1.308,Random,0.055,0.055,1.4,0.14
LE 055F 0 S316,LE 055F 0 S316,LE055F0S316,Extension Spring,11,Stock,,Yes,Yes,Yes,Yes,Yes,Yes,Yes,Yes,Yes,Standard Extension Series (inch),NR,Stainless Steel Type 316,SS 316,ASTM A313,0.625,0.625,15.88,1.588,0.015,0.015,0.38,0.038,1.75,1.75,44.45,4.445,0.04,0.04,1.02,0.102,5.11,5.11,0.895,8.95,0.0913,0.913,91.3,913,0.511,0.511,0.0895,0.895,0.00913,0.0913,9.13,91.3,0.515,0.515,13.08,1.308,REF,Reference,Reference,Reference,12.0869,12.1,0.055,0.055,1.4,0.14,Standard Loops,0.833,0.833,3.705,0.3778,377.8,0.1666,0.1666,0.7411,0.07557,75.57,6.559,6.559,29.176,2.9752,2975.2,2.87,2.87,72.9,7.29,0.72,0.72,18.29,1.829,Factory Option,Ultrasonically Passivate with Citric Acid for 10 mins At 131 Deg F,0.01824,0.515,0.515,13.08,1.308,Random,0.055,0.055,1.4,0.14
LE 055F 00 M,LE 055F 00 M,LE055F00M,Extension Spring,11,Stock,,Yes,Yes,Yes,Yes,Yes,Yes,Yes,Yes,Yes,Standard Extension Series (inch),NR,Music Wire,MW,ASTM A228,0.625,0.625,15.88,1.588,0.015,0.015,0.38,0.038,1.5,1.5,38.1,3.81,0.035,0.035,0.89,0.089,9.82,9.82,1.72,17.2,0.1754,1.754,175.4,1754,0.982,0.982,0.172,1.72,0.01754,0.1754,17.54,175.4,0.515,0.515,13.08,1.308,REF,Reference,Reference,Reference,7.5475,7.5,0.055,0.055,1.4,0.14,Standard Loops,1,1,4.448,0.4536,453.6,0.2,0.2,0.8896,0.09072,90.72,10.5,10.5,46.706,4.7628,4762.8,2.47,2.47,62.74,6.274,0.47,0.47,11.94,1.194,Factory Option,Zinc Plate and Bake per ASTM B633,0.01213,0.515,0.515,13.08,1.308,Random,0.055,0.055,1.4,0.14
LE 055F 00 S,LE 055F 00 S,LE055F00S,Extension Spring,11,Stock,,Yes,Yes,Yes,Yes,Yes,Yes,Yes,Yes,Yes,Standard Extension Series (inch),NR,Stainless Steel,SS,ASTM A313,0.625,0.625,15.88,1.588,0.015,0.015,0.38,0.038,1.5,1.5,38.1,3.81,0.035,0.035,0.89,0.089,8.18,8.18,1.433,14.33,0.1461,1.461,146.1,1461,0.818,0.818,0.1433,1.433,0.01461,0.1461,14.61,146.1,0.515,0.515,13.08,1.308,REF,Reference,Reference,Reference,7.5506,7.6,0.055,0.055,1.4,0.14,Standard Loops,0.833,0.833,3.705,0.3778,377.8,0.1666,0.1666,0.7411,0.07557,75.57,8.7465,8.7465,38.906,3.9674,3967.4,2.47,2.47,62.74,6.274,0.47,0.47,11.94,1.194,Factory Option,Passivate per ASTM A967,0.01237,0.515,0.515,13.08,1.308,Random,0.055,0.055,1.4,0.14
LE 055F 00 S316,LE 055F 00 S316,LE055F00S316,Extension Spring,11,Stock,,Yes,Yes,Yes,Yes,Yes,Yes,Yes,Yes,Yes,Standard Extension Series (inch),NR,Stainless Steel Type 316,SS 316,ASTM A313,0.625,0.625,15.88,1.588,0.015,0.015,0.38,0.038,1.5,1.5,38.1,3.81,0.035,0.035,0.89,0.089,8.18,8.18,1.433,14.33,0.1461,1.461,146.1,1461,0.818,0.818,0.1433,1.433,0.01461,0.1461,14.61,146.1,0.515,0.515,13.08,1.308,REF,Reference,Reference,Reference,7.5506,7.6,0.055,0.055,1.4,0.14,Standard Loops,0.833,0.833,3.705,0.3778,377.8,0.1666,0.1666,0.7411,0.07557,75.57,6.559,6.559,29.176,2.9752,2975.2,2.2,2.2,55.88,5.588,0.47,0.47,11.94,1.194,Factory Option,Ultrasonically Passivate with Citric Acid for 10 mins At 131 Deg F,0.01237,0.515,0.515,13.08,1.308,Random,0.055,0.055,1.4,0.14
LE 055F 01 M,LE 055F 01 M,LE055F01M,Extension Spring,11,Stock,,Yes,Yes,Yes,Yes,Yes,Yes,Yes,Yes,Yes,Standard Extension Series (inch),NR,Music Wire,MW,ASTM A228,0.625,0.625,15.88,1.588,0.015,0.015,0.38,0.038,2,2,50.8,5.08,0.04,0.04,1.02,0.102,4.5,4.5,0.788,7.88,0.0804,0.804,80.4,804,0.45,0.45,0.0788,0.788,0.00804,0.0804,8.04,80.4,0.515,0.515,13.08,1.308,REF,Reference,Reference,Reference,16.4704,16.5,0.055,0.055,1.4,0.14,Standard Loops,1,1,4.448,0.4536,453.6,0.2,0.2,0.8896,0.09072,90.72,10.5,10.5,46.706,4.7628,4762.8,4.11,4.11,104.39,10.439,0.97,0.97,24.64,2.464,Factory Option,Zinc Plate and Bake per ASTM B633,0.02347,0.515,0.515,13.08,1.308,Random,0.055,0.055,1.4,0.14
LE 055F 01 S,LE 055F 01 S,LE055F01S,Extension Spring,11,Stock,,Yes,Yes,Yes,Yes,Yes,Yes,Yes,Yes,Yes,Standard Extension Series (inch),NR,Stainless Steel,SS,ASTM A313,0.625,0.625,15.88,1.588,0.015,0.015,0.38,0.038,2,2,50.8,5.08,0.04,0.04,1.02,0.102,3.75,3.75,0.657,6.57,0.067,0.67,67,670,0.375,0.375,0.0657,0.657,0.0067,0.067,6.7,67,0.515,0.515,13.08,1.308,REF,Reference,Reference,Reference,16.4704,16.5,0.055,0.055,1.4,0.14,Standard Loops,0.833,0.833,3.705,0.3778,377.8,0.1666,0.1666,0.7411,0.07557,75.57,8.7465,8.7465,38.906,3.9674,3967.4,4.11,4.11,104.39,10.439,0.97,0.97,24.64,2.464,Factory Option,Passivate per ASTM A967,0.02392,0.515,0.515,13.08,1.308,Random,0.055,0.055,1.4,0.14
LE 055F 01 S316,LE 055F 01 S316,LE055F01S316,Extension Spring,11,Stock,,Yes,Yes,Yes,Yes,Yes,Yes,Yes,Yes,Yes,Standard Extension Series (inch),NR,Stainless Steel Type 316,SS 316,ASTM A313,0.625,0.625,15.88,1.588,0.015,0.015,0.38,0.038,2,2,50.8,5.08,0.04,0.04,1.02,0.102,3.75,3.75,0.657,6.57,0.067,0.67,67,670,0.375,0.375,0.0657,0.657,0.0067,0.067,6.7,67,0.515,0.515,13.08,1.308,REF,Reference,Reference,Reference,16.4704,16.5,0.055,0.055,1.4,0.14,Standard Loops,0.833,0.833,3.705,0.3778,377.8,0.1666,0.1666,0.7411,0.07557,75.57,6.559,6.559,29.176,2.9752,2975.2,3.526,3.526,89.56,8.956,0.97,0.97,24.64,2.464,Factory Option,Ultrasonically Passivate with Citric Acid for 10 mins At 131 Deg F,0.02392,0.515,0.515,13.08,1.308,Random,0.055,0.055,1.4,0.14
LE 055F 02 M,LE 055F 02 M,LE055F02M,Extension Spring,11,Stock,,Yes,Yes,Yes,Yes,Yes,Yes,Yes,Yes,Yes,Standard Extension Series (inch),NR,Music Wire,MW,ASTM A228,0.625,0.625,15.88,1.588,0.015,0.015,0.38,0.038,2.25,2.25,57.15,5.715,0.05,0.05,1.27,0.127,3.5,3.5,0.613,6.13,0.0625,0.625,62.5,625,0.35,0.35,0.0613,0.613,0.00625,0.0625,6.25,62.5,0.515,0.515,13.08,1.308,REF,Reference,Reference,Reference,21.1762,21.2,0.055,0.055,1.4,0.14,Standard Loops,1,1,4.448,0.4536,453.6,0.2,0.2,0.8896,0.09072,90.72,10.5,10.5,46.706,4.7628,4762.8,4.96,4.96,125.98,12.598,1.22,1.22,30.99,3.099,Factory Option,Zinc Plate and Bake per ASTM B633,0.02946,0.515,0.515,13.08,1.308,Random,0.055,0.055,1.4,0.14
LE 055F 02 S,LE 055F 02 S,LE055F02S,Extension Spring,11,Stock,,Yes,Yes,Yes,Yes,Yes,Yes,Yes,Yes,Yes,Standard Extension Series (inch),NR,Stainless Steel,SS,ASTM A313,0.625,0.625,15.88,1.588,0.015,0.015,0.38,0.038,2.25,2.25,57.15,5.715,0.05,0.05,1.27,0.127,2.92,2.92,0.511,5.11,0.0521,0.521,52.1,521,0.292,0.292,0.0511,0.511,0.00521,0.0521,5.21,52.1,0.515,0.515,13.08,1.308,REF,Reference,Reference,Reference,21.152,21.2,0.055,0.055,1.4,0.14,Standard Loops,0.833,0.833,3.705,0.3778,377.8,0.1666,0.1666,0.7411,0.07557,75.57,8.7465,8.7465,38.906,3.9674,3967.4,4.96,4.96,125.98,12.598,1.22,1.22,30.99,3.099,Factory Option,Passivate per ASTM A967,0.02999,0.515,0.515,13.08,1.308,Random,0.055,0.055,1.4,0.14
LE 055F 02 S316,LE 055F 02 S316,LE055F02S316,Extension Spring,11,Stock,,Yes,Yes,Yes,Yes,Yes,Yes,Yes,Yes,Yes,Standard Extension Series (inch),NR,Stainless Steel Type 316,SS 316,ASTM A313,0.625,0.625,15.88,1.588,0.015,0.015,0.38,0.038,2.25,2.25,57.15,5.715,0.05,0.05,1.27,0.127,2.92,2.92,0.511,5.11,0.0521,0.521,52.1,521,0.292,0.292,0.0511,0.511,0.00521,0.0521,5.21,52.1,0.515,0.515,13.08,1.308,REF,Reference,Reference,Reference,21.152,21.2,0.055,0.055,1.4,0.14,Standard Loops,0.833,0.833,3.705,0.3778,377.8,0.1666,0.1666,0.7411,0.07557,75.57,6.559,6.559,29.176,2.9752,2975.2,4.21,4.21,106.93,10.693,1.22,1.22,30.99,3.099,Factory Option,Ultrasonically Passivate with Citric Acid for 10 mins At 131 Deg F,0.02999,0.515,0.515,13.08,1.308,Random,0.055,0.055,1.4,0.14
LE 055F 03 M,LE 055F 03 M,LE055F03M,Extension Spring,11,Stock,,Yes,Yes,Yes,Yes,Yes,Yes,Yes,Yes,Yes,Standard Extension Series (inch),NR,Music Wire,MW,ASTM A228,0.625,0.625,15.88,1.588,0.015,0.015,0.38,0.038,2.5,2.5,63.5,6.35,0.05,0.05,1.27,0.127,2.9,2.9,0.508,5.08,0.0518,0.518,51.8,518,0.29,0.29,0.0508,0.508,0.00518,0.0518,5.18,51.8,0.515,0.515,13.08,1.308,REF,Reference,Reference,Reference,25.5575,25.6,0.055,0.055,1.4,0.14,Standard Loops,1,1,4.448,0.4536,453.6,0.2,0.2,0.8896,0.09072,90.72,10.5,10.5,46.706,4.7628,4762.8,5.78,5.78,146.81,14.681,1.47,1.47,37.34,3.734,Factory Option,Zinc Plate and Bake per ASTM B633,0.03502,0.515,0.515,13.08,1.308,Random,0.055,0.055,1.4,0.14
LE 055F 03 S,LE 055F 03 S,LE055F03S,Extension Spring,11,Stock,,Yes,Yes,Yes,Yes,Yes,Yes,Yes,Yes,Yes,Standard Extension Series (inch),NR,Stainless Steel,SS,ASTM A313,0.625,0.625,15.88,1.588,0.015,0.015,0.38,0.038,2.5,2.5,63.5,6.35,0.05,0.05,1.27,0.127,2.42,2.42,0.424,4.24,0.0432,0.432,43.2,432,0.242,0.242,0.0424,0.424,0.00432,0.0432,4.32,43.2,0.515,0.515,13.08,1.308,REF,Reference,Reference,Reference,25.5223,25.5,0.055,0.055,1.4,0.14,Standard Loops,0.833,0.833,3.705,0.3778,377.8,0.1666,0.1666,0.7411,0.07557,75.57,8.7465,8.7465,38.906,3.9674,3967.4,5.78,5.78,146.81,14.681,1.47,1.47,37.34,3.734,Factory Option,Passivate per ASTM A967,0.03565,0.515,0.515,13.08,1.308,Random,0.055,0.055,1.4,0.14
LE 055F 03 S316,LE 055F 03 S316,LE055F03S316,Extension Spring,11,Stock,,Yes,Yes,Yes,Yes,Yes,Yes,Yes,Yes,Yes,Standard Extension Series (inch),NR,Stainless Steel Type 316,SS 316,ASTM A313,0.625,0.625,15.88,1.588,0.015,0.015,0.38,0.038,2.5,2.5,63.5,6.35,0.05,0.05,1.27,0.127,2.42,2.42,0.424,4.24,0.0432,0.432,43.2,432,0.242,0.242,0.0424,0.424,0.00432,0.0432,4.32,43.2,0.515,0.515,13.08,1.308,REF,Reference,Reference,Reference,25.5223,25.5,0.055,0.055,1.4,0.14,Standard Loops,0.833,0.833,3.705,0.3778,377.8,0.1666,0.1666,0.7411,0.07557,75.57,6.559,6.559,29.176,2.9752,2975.2,4.866,4.866,123.6,12.36,1.47,1.47,37.34,3.734,Factory Option,Ultrasonically Passivate with Citric Acid for 10 mins At 131 Deg F,0.03565,0.515,0.515,13.08,1.308,Random,0.055,0.055,1.4,0.14
LE 055F 04 M,LE 055F 04 M,LE055F04M,Extension Spring,11,Stock,,Yes,Yes,Yes,Yes,Yes,Yes,Yes,Yes,Yes,Standard Extension Series (inch),NR,Music Wire,MW,ASTM A228,0.625,0.625,15.88,1.588,0.015,0.015,0.38,0.038,2.75,2.75,69.85,6.985,0.05,0.05,1.27,0.127,2.5,2.5,0.438,4.38,0.0446,0.446,44.6,446,0.25,0.25,0.0438,0.438,0.00446,0.0446,4.46,44.6,0.515,0.515,13.08,1.308,REF,Reference,Reference,Reference,29.6467,29.6,0.055,0.055,1.4,0.14,Standard Loops,1,1,4.448,0.4536,453.6,0.2,0.2,0.8896,0.09072,90.72,10.5,10.5,46.706,4.7628,4762.8,6.55,6.55,166.37,16.637,1.72,1.72,43.69,4.369,Factory Option,Zinc Plate and Bake per ASTM B633,0.04022,0.515,0.515,13.08,1.308,Random,0.055,0.055,1.4,0.14
LE 055F 04 S,LE 055F 04 S,LE055F04S,Extension Spring,11,Stock,,Yes,Yes,Yes,Yes,Yes,Yes,Yes,Yes,Yes,Standard Extension Series (inch),NR,Stainless Steel,SS,ASTM A313,0.625,0.625,15.88,1.588,0.015,0.015,0.38,0.038,2.75,2.75,69.85,6.985,0.05,0.05,1.27,0.127,2.08,2.08,0.364,3.64,0.0371,0.371,37.1,371,0.208,0.208,0.0364,0.364,0.00371,0.0371,3.71,37.1,0.515,0.515,13.08,1.308,REF,Reference,Reference,Reference,29.6942,29.7,0.055,0.055,1.4,0.14,Standard Loops,0.833,0.833,3.705,0.3778,377.8,0.1666,0.1666,0.7411,0.07557,75.57,8.7465,8.7465,38.906,3.9674,3967.4,6.55,6.55,166.37,16.637,1.72,1.72,43.69,4.369,Factory Option,Passivate per ASTM A967,0.04105,0.515,0.515,13.08,1.308,Random,0.055,0.055,1.4,0.14
LE 055F 04 S316,LE 055F 04 S316,LE055F04S316,Extension Spring,11,Stock,,Yes,Yes,Yes,Yes,Yes,Yes,Yes,Yes,Yes,Standard Extension Series (inch),NR,Stainless Steel Type 316,SS 316,ASTM A313,0.625,0.625,15.88,1.588,0.015,0.015,0.38,0.038,2.75,2.75,69.85,6.985,0.05,0.05,1.27,0.127,2.08,2.08,0.364,3.64,0.0371,0.371,37.1,371,0.208,0.208,0.0364,0.364,0.00371,0.0371,3.71,37.1,0.515,0.515,13.08,1.308,REF,Reference,Reference,Reference,29.6942,29.7,0.055,0.055,1.4,0.14,Standard Loops,0.833,0.833,3.705,0.3778,377.8,0.1666,0.1666,0.7411,0.07557,75.57,6.559,6.559,29.176,2.9752,2975.2,5.502,5.502,139.75,13.975,1.72,1.72,43.69,4.369,Factory Option,Ultrasonically Passivate with Citric Acid for 10 mins At 131 Deg F,0.04105,0.515,0.515,13.08,1.308,Random,0.055,0.055,1.4,0.14
LE 055F 05 M,LE 055F 05 M,LE055F05M,Extension Spring,11,Stock,,Yes,Yes,Yes,Yes,Yes,Yes,Yes,Yes,Yes,Standard Extension Series (inch),NR,Music Wire,MW,ASTM A228,0.625,0.625,15.88,1.588,0.015,0.015,0.38,0.038,3,3,76.2,7.62,0.05,0.05,1.27,0.127,2.1,2.1,0.368,3.68,0.0375,0.375,37.5,375,0.21,0.21,0.0368,0.368,0.00375,0.0375,3.75,37.5,0.515,0.515,13.08,1.308,REF,Reference,Reference,Reference,35.2937,35.3,0.055,0.055,1.4,0.14,Standard Loops,1,1,4.448,0.4536,453.6,0.2,0.2,0.8896,0.09072,90.72,10.5,10.5,46.706,4.7628,4762.8,7.52,7.52,191.01,19.101,1.97,1.97,50.04,5.004,Factory Option,Zinc Plate and Bake per ASTM B633,0.0474,0.515,0.515,13.08,1.308,Random,0.055,0.055,1.4,0.14
LE 055F 05 S,LE 055F 05 S,LE055F05S,Extension Spring,11,Stock,,Yes,Yes,Yes,Yes,Yes,Yes,Yes,Yes,Yes,Standard Extension Series (inch),NR,Stainless Steel,SS,ASTM A313,0.625,0.625,15.88,1.588,0.015,0.015,0.38,0.038,3,3,76.2,7.62,0.05,0.05,1.27,0.127,1.75,1.75,0.306,3.06,0.0313,0.313,31.3,313,0.175,0.175,0.0306,0.306,0.00313,0.0313,3.13,31.3,0.515,0.515,13.08,1.308,REF,Reference,Reference,Reference,35.2937,35.3,0.055,0.055,1.4,0.14,Standard Loops,0.833,0.833,3.705,0.3778,377.8,0.1666,0.1666,0.7411,0.07557,75.57,8.7465,8.7465,38.906,3.9674,3967.4,7.52,7.52,191.01,19.101,1.97,1.97,50.04,5.004,Factory Option,Passivate per ASTM A967,0.0483,0.515,0.515,13.08,1.308,Random,0.055,0.055,1.4,0.14
LE 055F 05 S316,LE 055F 05 S316,LE055F05S316,Extension Spring,11,Stock,,Yes,Yes,Yes,Yes,Yes,Yes,Yes,Yes,Yes,Standard Extension Series (inch),NR,Stainless Steel Type 316,SS 316,ASTM A313,0.625,0.625,15.88,1.588,0.015,0.015,0.38,0.038,3,3,76.2,7.62,0.05,0.05,1.27,0.127,1.75,1.75,0.306,3.06,0.0313,0.313,31.3,313,0.175,0.175,0.0306,0.306,0.00313,0.0313,3.13,31.3,0.515,0.515,13.08,1.308,REF,Reference,Reference,Reference,35.2937,35.3,0.055,0.055,1.4,0.14,Standard Loops,0.833,0.833,3.705,0.3778,377.8,0.1666,0.1666,0.7411,0.07557,75.57,6.559,6.559,29.176,2.9752,2975.2,6.272,6.272,159.31,15.931,1.97,1.97,50.04,5.004,Factory Option,Ultrasonically Passivate with Citric Acid for 10 mins At 131 Deg F,0.0483,0.515,0.515,13.08,1.308,Random,0.055,0.055,1.4,0.14
LE 055F 06 M,LE 055F 06 M,LE055F06M,Extension Spring,11,Stock,,Yes,Yes,Yes,Yes,Yes,Yes,Yes,Yes,Yes,Standard Extension Series (inch),NR,Music Wire,MW,ASTM A228,0.625,0.625,15.88,1.588,0.015,0.015,0.38,0.038,3.5,3.5,88.9,8.89,0.06,0.06,1.52,0.152,1.7,1.7,0.298,2.98,0.0304,0.304,30.4,304,0.17,0.17,0.0298,0.298,0.00304,0.0304,3.04,30.4,0.515,0.515,13.08,1.308,REF,Reference,Reference,Reference,43.5981,43.6,0.055,0.055,1.4,0.14,Standard Loops,1,1,4.448,0.4536,453.6,0.2,0.2,0.8896,0.09072,90.72,10.5,10.5,46.706,4.7628,4762.8,9.09,9.09,230.89,23.089,2.47,2.47,62.74,6.274,Factory Option,Zinc Plate and Bake per ASTM B633,0.05795,0.515,0.515,13.08,1.308,Random,0.055,0.055,1.4,0.14
LE 055F 06 S,LE 055F 06 S,LE055F06S,Extension Spring,11,Stock,,Yes,Yes,Yes,Yes,Yes,Yes,Yes,Yes,Yes,Standard Extension Series (inch),NR,Stainless Steel,SS,ASTM A313,0.625,0.625,15.88,1.588,0.015,0.015,0.38,0.038,3.5,3.5,88.9,8.89,0.06,0.06,1.52,0.152,1.42,1.42,0.249,2.49,0.0254,0.254,25.4,254,0.142,0.142,0.0249,0.249,0.00254,0.0254,2.54,25.4,0.515,0.515,13.08,1.308,REF,Reference,Reference,Reference,43.4958,43.5,0.055,0.055,1.4,0.14,Standard Loops,0.833,0.833,3.705,0.3778,377.8,0.1666,0.1666,0.7411,0.07557,75.57,8.7465,8.7465,38.906,3.9674,3967.4,9.09,9.09,230.89,23.089,2.47,2.47,62.74,6.274,Factory Option,Passivate per ASTM A967,0.05892,0.515,0.515,13.08,1.308,Random,0.055,0.055,1.4,0.14
LE 055F 06 S316,LE 055F 06 S316,LE055F06S316,Extension Spring,11,Stock,,Yes,Yes,Yes,Yes,Yes,Yes,Yes,Yes,Yes,Standard Extension Series (inch),NR,Stainless Steel Type 316,SS 316,ASTM A313,0.625,0.625,15.88,1.588,0.015,0.015,0.38,0.038,3.5,3.5,88.9,8.89,0.06,0.06,1.52,0.152,1.42,1.42,0.249,2.49,0.0254,0.254,25.4,254,0.142,0.142,0.0249,0.249,0.00254,0.0254,2.54,25.4,0.515,0.515,13.08,1.308,REF,Reference,Reference,Reference,43.4958,43.5,0.055,0.055,1.4,0.14,Standard Loops,0.833,0.833,3.705,0.3778,377.8,0.1666,0.1666,0.7411,0.07557,75.57,6.559,6.559,29.176,2.9752,2975.2,7.532,7.532,191.31,19.131,2.47,2.47,62.74,6.274,Factory Option,Ultrasonically Passivate with Citric Acid for 10 mins At 131 Deg F,0.05892,0.515,0.515,13.08,1.308,Random,0.055,0.055,1.4,0.14
LE 055F 07 M,LE 055F 07 M,LE055F07M,Extension Spring,11,Stock,,Yes,Yes,Yes,Yes,Yes,Yes,Yes,Yes,Yes,Standard Extension Series (inch),NR,Music Wire,MW,ASTM A228,0.625,0.625,15.88,1.588,0.015,0.015,0.38,0.038,4,4,101.6,10.16,0.06,0.06,1.52,0.152,1.4,1.4,0.245,2.45,0.025,0.25,25,250,0.14,0.14,0.0245,0.245,0.0025,0.025,2.5,25,0.515,0.515,13.08,1.308,REF,Reference,Reference,Reference,52.9406,52.9,0.055,0.055,1.4,0.14,Standard Loops,1,1,4.448,0.4536,453.6,0.2,0.2,0.8896,0.09072,90.72,10.5,10.5,46.706,4.7628,4762.8,10.79,10.79,274.07,27.407,2.97,2.97,75.44,7.544,Factory Option,Zinc Plate and Bake per ASTM B633,0.06983,0.515,0.515,13.08,1.308,Random,0.055,0.055,1.4,0.14
LE 055F 07 S,LE 055F 07 S,LE055F07S,Extension Spring,11,Stock,,Yes,Yes,Yes,Yes,Yes,Yes,Yes,Yes,Yes,Standard Extension Series (inch),NR,Stainless Steel,SS,ASTM A313,0.625,0.625,15.88,1.588,0.015,0.015,0.38,0.038,4,4,101.6,10.16,0.06,0.06,1.52,0.152,1.17,1.17,0.205,2.05,0.0209,0.209,20.9,209,0.117,0.117,0.0205,0.205,0.00209,0.0209,2.09,20.9,0.515,0.515,13.08,1.308,REF,Reference,Reference,Reference,52.7898,52.8,0.055,0.055,1.4,0.14,Standard Loops,0.833,0.833,3.705,0.3778,377.8,0.1666,0.1666,0.7411,0.07557,75.57,8.7465,8.7465,38.906,3.9674,3967.4,10.79,10.79,274.07,27.407,2.97,2.97,75.44,7.544,Factory Option,Passivate per ASTM A967,0.07096,0.515,0.515,13.08,1.308,Random,0.055,0.055,1.4,0.14
LE 055F 07 S316,LE 055F 07 S316,LE055F07S316,Extension Spring,11,Stock,,Yes,Yes,Yes,Yes,Yes,Yes,Yes,Yes,Yes,Standard Extension Series (inch),NR,Stainless Steel Type 316,SS 316,ASTM A313,0.625,0.625,15.88,1.588,0.015,0.015,0.38,0.038,4,4,101.6,10.16,0.06,0.06,1.52,0.152,1.17,1.17,0.205,2.05,0.0209,0.209,20.9,209,0.117,0.117,0.0205,0.205,0.00209,0.0209,2.09,20.9,0.515,0.515,13.08,1.308,REF,Reference,Reference,Reference,52.7898,52.8,0.055,0.055,1.4,0.14,Standard Loops,0.833,0.833,3.705,0.3778,377.8,0.1666,0.1666,0.7411,0.07557,75.57,6.559,6.559,29.176,2.9752,2975.2,8.894,8.894,225.91,22.591,2.97,2.97,75.44,7.544,Factory Option,Ultrasonically Passivate with Citric Acid for 10 mins At 131 Deg F,0.07096,0.515,0.515,13.08,1.308,Random,0.055,0.055,1.4,0.14
LE 055FG 0 M,LE 055FG 0 M,LE055FG0M,Extension Spring,11,Stock,,Yes,Yes,Yes,Yes,Yes,Yes,Yes,Yes,Yes,Standard Extension Series (inch),NR,Music Wire,MW,ASTM A228,0.65,0.65,16.51,1.651,0.015,0.015,0.38,0.038,1.75,1.75,44.45,4.445,0.04,0.04,1.02,0.102,5.83,5.83,1.021,10.21,0.1041,1.041,104.1,1041,0.583,0.583,0.1021,1.021,0.01041,0.1041,10.41,104.1,0.54,0.54,13.72,1.372,REF,Reference,Reference,Reference,11.18,11.2,0.055,0.055,1.4,0.14,Standard Loops,1,1,4.448,0.4536,453.6,0.2,0.2,0.8896,0.09072,90.72,10,10,44.482,4.536,4536,3.294,3.294,83.67,8.367,0.67,0.67,17.02,1.702,Factory Option,Zinc Plate and Bake per ASTM B633,0.01746,0.54,0.54,13.72,1.372,Random,0.055,0.055,1.4,0.14
LE 055FG 0 S,LE 055FG 0 S,LE055FG0S,Extension Spring,11,Stock,,Yes,Yes,Yes,Yes,Yes,Yes,Yes,Yes,Yes,Standard Extension Series (inch),NR,Stainless Steel,SS,ASTM A313,0.65,0.65,16.51,1.651,0.015,0.015,0.38,0.038,1.75,1.75,44.45,4.445,0.04,0.04,1.02,0.102,4.858,4.858,0.851,8.51,0.0868,0.868,86.8,868,0.4858,0.4858,0.0851,0.851,0.00868,0.0868,8.68,86.8,0.54,0.54,13.72,1.372,REF,Reference,Reference,Reference,11.18,11.2,0.055,0.055,1.4,0.14,Standard Loops,0.833,0.833,3.705,0.3778,377.8,0.1666,0.1666,0.7411,0.07557,75.57,8.3333,8.3333,37.068,3.78,3780,3.294,3.294,83.67,8.367,0.67,0.67,17.02,1.702,Factory Option,Passivate per ASTM A967,0.01758,0.54,0.54,13.72,1.372,Random,0.055,0.055,1.4,0.14
LE 055FG 0 S316,LE 055FG 0 S316,LE055FG0S316,Extension Spring,11,Stock,,Yes,Yes,Yes,Yes,Yes,Yes,Yes,Yes,Yes,Standard Extension Series (inch),NR,Stainless Steel Type 316,SS 316,ASTM A313,0.65,0.65,16.51,1.651,0.015,0.015,0.38,0.038,1.75,1.75,44.45,4.445,0.04,0.04,1.02,0.102,4.858,4.858,0.851,8.51,0.0868,0.868,86.8,868,0.4858,0.4858,0.0851,0.851,0.00868,0.0868,8.68,86.8,0.54,0.54,13.72,1.372,REF,Reference,Reference,Reference,11.18,11.2,0.055,0.055,1.4,0.14,Standard Loops,0.833,0.833,3.705,0.3778,377.8,0.1666,0.1666,0.7411,0.07557,75.57,6.249,6.249,27.797,2.8345,2834.5,2.864,2.864,72.75,7.275,0.67,0.67,17.02,1.702,Factory Option,Ultrasonically Passivate with Citric Acid for 10 mins At 131 Deg F,0.01758,0.54,0.54,13.72,1.372,Random,0.055,0.055,1.4,0.14
LE 055FG 00M,LE 055FG 00M,LE055FG00M,Extension Spring,11,Stock,,Yes,Yes,Yes,Yes,Yes,Yes,Yes,Yes,Yes,Standard Extension Series (inch),NR,Music Wire,MW,ASTM A228,0.65,0.65,16.51,1.651,0.015,0.015,0.38,0.038,1.5,1.5,38.1,3.81,0.035,0.035,0.89,0.089,9.82,9.82,1.72,17.2,0.1754,1.754,175.4,1754,0.982,0.982,0.172,1.72,0.01754,0.1754,17.54,175.4,0.54,0.54,13.72,1.372,REF,Reference,Reference,Reference,6.64,6.6,0.055,0.055,1.4,0.14,Standard Loops,1,1,4.448,0.4536,453.6,0.2,0.2,0.8896,0.09072,90.72,10,10,44.482,4.536,4536,2.416,2.416,61.37,6.137,0.42,0.42,10.67,1.067,Factory Option,Zinc Plate and Bake per ASTM B633,0.01144,0.54,0.54,13.72,1.372,Random,0.055,0.055,1.4,0.14
LE 055FG 00S,LE 055FG 00S,LE055FG00S,Extension Spring,11,Stock,,Yes,Yes,Yes,Yes,Yes,Yes,Yes,Yes,Yes,Standard Extension Series (inch),NR,Stainless Steel,SS,ASTM A313,0.65,0.65,16.51,1.651,0.015,0.015,0.38,0.038,1.5,1.5,38.1,3.81,0.035,0.035,0.89,0.089,8.183,8.183,1.433,14.33,0.1461,1.461,146.1,1461,0.8183,0.8183,0.1433,1.433,0.01461,0.1461,14.61,146.1,0.54,0.54,13.72,1.372,REF,Reference,Reference,Reference,6.64,6.6,0.055,0.055,1.4,0.14,Standard Loops,0.833,0.833,3.705,0.3778,377.8,0.1666,0.1666,0.7411,0.07557,75.57,8.3333,8.3333,37.068,3.78,3780,2.416,2.416,61.37,6.137,0.42,0.42,10.67,1.067,Factory Option,Passivate per ASTM A967,0.01152,0.54,0.54,13.72,1.372,Random,0.055,0.055,1.4,0.14
LE 055FG 00S316,LE 055FG 00S316,LE055FG00S316,Extension Spring,11,Stock,,Yes,Yes,Yes,Yes,Yes,Yes,Yes,Yes,Yes,Standard Extension Series (inch),NR,Stainless Steel Type 316,SS 316,ASTM A313,0.65,0.65,16.51,1.651,0.015,0.015,0.38,0.038,1.5,1.5,38.1,3.81,0.035,0.035,0.89,0.089,8.183,8.183,1.433,14.33,0.1461,1.461,146.1,1461,0.8183,0.8183,0.1433,1.433,0.01461,0.1461,14.61,146.1,0.54,0.54,13.72,1.372,REF,Reference,Reference,Reference,6.64,6.6,0.055,0.055,1.4,0.14,Standard Loops,0.833,0.833,3.705,0.3778,377.8,0.1666,0.1666,0.7411,0.07557,75.57,6.249,6.249,27.797,2.8345,2834.5,2.161,2.161,54.89,5.489,0.42,0.42,10.67,1.067,Factory Option,Ultrasonically Passivate with Citric Acid for 10 mins At 131 Deg F,0.01152,0.54,0.54,13.72,1.372,Random,0.055,0.055,1.4,0.14
LE 055FG 01M,LE 055FG 01M,LE055FG01M,Extension Spring,11,Stock,,Yes,Yes,Yes,Yes,Yes,Yes,Yes,Yes,Yes,Standard Extension Series (inch),NR,Music Wire,MW,ASTM A228,0.65,0.65,16.51,1.651,0.015,0.015,0.38,0.038,2,2,50.8,5.08,0.04,0.04,1.02,0.102,4.14,4.14,0.725,7.25,0.0739,0.739,73.9,739,0.414,0.414,0.0725,0.725,0.00739,0.0739,7.39,73.9,0.54,0.54,13.72,1.372,REF,Reference,Reference,Reference,15.73,15.7,0.055,0.055,1.4,0.14,Standard Loops,1,1,4.448,0.4536,453.6,0.2,0.2,0.8896,0.09072,90.72,10,10,44.482,4.536,4536,4.174,4.174,106.02,10.602,0.92,0.92,23.37,2.337,Factory Option,Zinc Plate and Bake per ASTM B633,0.02348,0.54,0.54,13.72,1.372,Random,0.055,0.055,1.4,0.14
LE 055FG 01S,LE 055FG 01S,LE055FG01S,Extension Spring,11,Stock,,Yes,Yes,Yes,Yes,Yes,Yes,Yes,Yes,Yes,Standard Extension Series (inch),NR,Stainless Steel,SS,ASTM A313,0.65,0.65,16.51,1.651,0.015,0.015,0.38,0.038,2,2,50.8,5.08,0.04,0.04,1.02,0.102,3.45,3.45,0.604,6.04,0.0616,0.616,61.6,616,0.345,0.345,0.0604,0.604,0.00616,0.0616,6.16,61.6,0.54,0.54,13.72,1.372,REF,Reference,Reference,Reference,15.73,15.7,0.055,0.055,1.4,0.14,Standard Loops,0.833,0.833,3.705,0.3778,377.8,0.1666,0.1666,0.7411,0.07557,75.57,8.3333,8.3333,37.068,3.78,3780,4.174,4.174,106.02,10.602,0.92,0.92,23.37,2.337,Factory Option,Passivate per ASTM A967,0.02364,0.54,0.54,13.72,1.372,Random,0.055,0.055,1.4,0.14
LE 055FG 01S316,LE 055FG 01S316,LE055FG01S316,Extension Spring,11,Stock,,Yes,Yes,Yes,Yes,Yes,Yes,Yes,Yes,Yes,Standard Extension Series (inch),NR,Stainless Steel Type 316,SS 316,ASTM A313,0.65,0.65,16.51,1.651,0.015,0.015,0.38,0.038,2,2,50.8,5.08,0.04,0.04,1.02,0.102,3.45,3.45,0.604,6.04,0.0616,0.616,61.6,616,0.345,0.345,0.0604,0.604,0.00616,0.0616,6.16,61.6,0.54,0.54,13.72,1.372,REF,Reference,Reference,Reference,15.73,15.7,0.055,0.055,1.4,0.14,Standard Loops,0.833,0.833,3.705,0.3778,377.8,0.1666,0.1666,0.7411,0.07557,75.57,6.249,6.249,27.797,2.8345,2834.5,3.569,3.569,90.65,9.065,0.92,0.92,23.37,2.337,Factory Option,Ultrasonically Passivate with Citric Acid for 10 mins At 131 Deg F,0.02364,0.54,0.54,13.72,1.372,Random,0.055,0.055,1.4,0.14
LE 055FG 02M,LE 055FG 02M,LE055FG02M,Extension Spring,11,Stock,,Yes,Yes,Yes,Yes,Yes,Yes,Yes,Yes,Yes,Standard Extension Series (inch),NR,Music Wire,MW,ASTM A228,0.65,0.65,16.51,1.651,0.015,0.015,0.38,0.038,2.25,2.25,57.15,5.715,0.05,0.05,1.27,0.127,3.21,3.21,0.562,5.62,0.0573,0.573,57.3,573,0.321,0.321,0.0562,0.562,0.00573,0.0573,5.73,57.3,0.54,0.54,13.72,1.372,REF,Reference,Reference,Reference,20.27,20.3,0.055,0.055,1.4,0.14,Standard Loops,1,1,4.448,0.4536,453.6,0.2,0.2,0.8896,0.09072,90.72,10,10,44.482,4.536,4536,5.054,5.054,128.37,12.837,1.17,1.17,29.72,2.972,Factory Option,Zinc Plate and Bake per ASTM B633,0.0295,0.54,0.54,13.72,1.372,Random,0.055,0.055,1.4,0.14
LE 055FG 02S,LE 055FG 02S,LE055FG02S,Extension Spring,11,Stock,,Yes,Yes,Yes,Yes,Yes,Yes,Yes,Yes,Yes,Standard Extension Series (inch),NR,Stainless Steel,SS,ASTM A313,0.65,0.65,16.51,1.651,0.015,0.015,0.38,0.038,2.25,2.25,57.15,5.715,0.05,0.05,1.27,0.127,2.675,2.675,0.468,4.68,0.0478,0.478,47.8,478,0.2675,0.2675,0.0468,0.468,0.00478,0.0478,4.78,47.8,0.54,0.54,13.72,1.372,REF,Reference,Reference,Reference,20.27,20.3,0.055,0.055,1.4,0.14,Standard Loops,0.833,0.833,3.705,0.3778,377.8,0.1666,0.1666,0.7411,0.07557,75.57,8.3333,8.3333,37.068,3.78,3780,5.054,5.054,128.37,12.837,1.17,1.17,29.72,2.972,Factory Option,Passivate per ASTM A967,0.0297,0.54,0.54,13.72,1.372,Random,0.055,0.055,1.4,0.14
LE 055FG 02S316,LE 055FG 02S316,LE055FG02S316,Extension Spring,11,Stock,,Yes,Yes,Yes,Yes,Yes,Yes,Yes,Yes,Yes,Standard Extension Series (inch),NR,Stainless Steel Type 316,SS 316,ASTM A313,0.65,0.65,16.51,1.651,0.015,0.015,0.38,0.038,2.25,2.25,57.15,5.715,0.05,0.05,1.27,0.127,2.675,2.675,0.468,4.68,0.0478,0.478,47.8,478,0.2675,0.2675,0.0468,0.468,0.00478,0.0478,4.78,47.8,0.54,0.54,13.72,1.372,REF,Reference,Reference,Reference,20.27,20.3,0.055,0.055,1.4,0.14,Standard Loops,0.833,0.833,3.705,0.3778,377.8,0.1666,0.1666,0.7411,0.07557,75.57,6.249,6.249,27.797,2.8345,2834.5,4.274,4.274,108.56,10.856,1.17,1.17,29.72,2.972,Factory Option,Ultrasonically Passivate with Citric Acid for 10 mins At 131 Deg F,0.0297,0.54,0.54,13.72,1.372,Random,0.055,0.055,1.4,0.14
LE 055FG 03M,LE 055FG 03M,LE055FG03M,Extension Spring,11,Stock,,Yes,Yes,Yes,Yes,Yes,Yes,Yes,Yes,Yes,Standard Extension Series (inch),NR,Music Wire,MW,ASTM A228,0.65,0.65,16.51,1.651,0.015,0.015,0.38,0.038,2.5,2.5,63.5,6.35,0.05,0.05,1.27,0.127,2.63,2.63,0.461,4.61,0.047,0.47,47,470,0.263,0.263,0.0461,0.461,0.0047,0.047,4.7,47,0.54,0.54,13.72,1.372,REF,Reference,Reference,Reference,24.82,24.8,0.055,0.055,1.4,0.14,Standard Loops,1,1,4.448,0.4536,453.6,0.2,0.2,0.8896,0.09072,90.72,10,10,44.482,4.536,4536,5.922,5.922,150.42,15.042,1.42,1.42,36.07,3.607,Factory Option,Zinc Plate and Bake per ASTM B633,0.03552,0.54,0.54,13.72,1.372,Random,0.055,0.055,1.4,0.14
LE 055FG 03S,LE 055FG 03S,LE055FG03S,Extension Spring,11,Stock,,Yes,Yes,Yes,Yes,Yes,Yes,Yes,Yes,Yes,Standard Extension Series (inch),NR,Stainless Steel,SS,ASTM A313,0.65,0.65,16.51,1.651,0.015,0.015,0.38,0.038,2.5,2.5,63.5,6.35,0.05,0.05,1.27,0.127,2.192,2.192,0.384,3.84,0.0391,0.391,39.1,391,0.2192,0.2192,0.0384,0.384,0.00391,0.0391,3.91,39.1,0.54,0.54,13.72,1.372,REF,Reference,Reference,Reference,24.82,24.8,0.055,0.055,1.4,0.14,Standard Loops,0.833,0.833,3.705,0.3778,377.8,0.1666,0.1666,0.7411,0.07557,75.57,8.3333,8.3333,37.068,3.78,3780,5.922,5.922,150.42,15.042,1.42,1.42,36.07,3.607,Factory Option,Passivate per ASTM A967,0.03577,0.54,0.54,13.72,1.372,Random,0.055,0.055,1.4,0.14
LE 055FG 03S316,LE 055FG 03S316,LE055FG03S316,Extension Spring,11,Stock,,Yes,Yes,Yes,Yes,Yes,Yes,Yes,Yes,Yes,Standard Extension Series (inch),NR,Stainless Steel Type 316,SS 316,ASTM A313,0.65,0.65,16.51,1.651,0.015,0.015,0.38,0.038,2.5,2.5,63.5,6.35,0.05,0.05,1.27,0.127,2.192,2.192,0.384,3.84,0.0391,0.391,39.1,391,0.2192,0.2192,0.0384,0.384,0.00391,0.0391,3.91,39.1,0.54,0.54,13.72,1.372,REF,Reference,Reference,Reference,24.82,24.8,0.055,0.055,1.4,0.14,Standard Loops,0.833,0.833,3.705,0.3778,377.8,0.1666,0.1666,0.7411,0.07557,75.57,6.249,6.249,27.797,2.8345,2834.5,4.97,4.97,126.24,12.624,1.42,1.42,36.07,3.607,Factory Option,Ultrasonically Passivate with Citric Acid for 10 mins At 131 Deg F,0.03577,0.54,0.54,13.72,1.372,Random,0.055,0.055,1.4,0.14
LE 055FG 04M,LE 055FG 04M,LE055FG04M,Extension Spring,11,Stock,,Yes,Yes,Yes,Yes,Yes,Yes,Yes,Yes,Yes,Standard Extension Series (inch),NR,Music Wire,MW,ASTM A228,0.65,0.65,16.51,1.651,0.015,0.015,0.38,0.038,2.75,2.75,69.85,6.985,0.055,0.055,1.4,0.14,2.22,2.22,0.389,3.89,0.0396,0.396,39.6,396,0.222,0.222,0.0389,0.389,0.00396,0.0396,3.96,39.6,0.54,0.54,13.72,1.372,REF,Reference,Reference,Reference,29.36,29.4,0.055,0.055,1.4,0.14,Standard Loops,1,1,4.448,0.4536,453.6,0.2,0.2,0.8896,0.09072,90.72,10,10,44.482,4.536,4536,6.804,6.804,172.82,17.282,1.67,1.67,42.42,4.242,Factory Option,Zinc Plate and Bake per ASTM B633,0.04154,0.54,0.54,13.72,1.372,Random,0.055,0.055,1.4,0.14
LE 055FG 04S,LE 055FG 04S,LE055FG04S,Extension Spring,11,Stock,,Yes,Yes,Yes,Yes,Yes,Yes,Yes,Yes,Yes,Standard Extension Series (inch),NR,Stainless Steel,SS,ASTM A313,0.65,0.65,16.51,1.651,0.015,0.015,0.38,0.038,2.75,2.75,69.85,6.985,0.055,0.055,1.4,0.14,1.85,1.85,0.324,3.24,0.033,0.33,33,330,0.185,0.185,0.0324,0.324,0.0033,0.033,3.3,33,0.54,0.54,13.72,1.372,REF,Reference,Reference,Reference,29.36,29.4,0.055,0.055,1.4,0.14,Standard Loops,0.833,0.833,3.705,0.3778,377.8,0.1666,0.1666,0.7411,0.07557,75.57,8.3333,8.3333,37.068,3.78,3780,6.804,6.804,172.82,17.282,1.67,1.67,42.42,4.242,Factory Option,Passivate per ASTM A967,0.04183,0.54,0.54,13.72,1.372,Random,0.055,0.055,1.4,0.14
LE 055FG 04S316,LE 055FG 04S316,LE055FG04S316,Extension Spring,11,Stock,,Yes,Yes,Yes,Yes,Yes,Yes,Yes,Yes,Yes,Standard Extension Series (inch),NR,Stainless Steel Type 316,SS 316,ASTM A313,0.65,0.65,16.51,1.651,0.015,0.015,0.38,0.038,2.75,2.75,69.85,6.985,0.055,0.055,1.4,0.14,1.85,1.85,0.324,3.24,0.033,0.33,33,330,0.185,0.185,0.0324,0.324,0.0033,0.033,3.3,33,0.54,0.54,13.72,1.372,REF,Reference,Reference,Reference,29.36,29.4,0.055,0.055,1.4,0.14,Standard Loops,0.833,0.833,3.705,0.3778,377.8,0.1666,0.1666,0.7411,0.07557,75.57,6.249,6.249,27.797,2.8345,2834.5,5.677,5.677,144.2,14.42,1.67,1.67,42.42,4.242,Factory Option,Ultrasonically Passivate with Citric Acid for 10 mins At 131 Deg F,0.04183,0.54,0.54,13.72,1.372,Random,0.055,0.055,1.4,0.14
LE 055FG 05M,LE 055FG 05M,LE055FG05M,Extension Spring,11,Stock,,Yes,Yes,Yes,Yes,Yes,Yes,Yes,Yes,Yes,Standard Extension Series (inch),NR,Music Wire,MW,ASTM A228,0.65,0.65,16.51,1.651,0.015,0.015,0.38,0.038,3,3,76.2,7.62,0.06,0.06,1.52,0.152,1.92,1.92,0.336,3.36,0.0343,0.343,34.3,343,0.192,0.192,0.0336,0.336,0.00343,0.0343,3.43,34.3,0.54,0.54,13.72,1.372,REF,Reference,Reference,Reference,33.91,33.9,0.055,0.055,1.4,0.14,Standard Loops,1,1,4.448,0.4536,453.6,0.2,0.2,0.8896,0.09072,90.72,10,10,44.482,4.536,4536,7.688,7.688,195.28,19.528,1.92,1.92,48.77,4.877,Factory Option,Zinc Plate and Bake per ASTM B633,0.04756,0.54,0.54,13.72,1.372,Random,0.055,0.055,1.4,0.14
LE 055FG 05S,LE 055FG 05S,LE055FG05S,Extension Spring,11,Stock,,Yes,Yes,Yes,Yes,Yes,Yes,Yes,Yes,Yes,Standard Extension Series (inch),NR,Stainless Steel,SS,ASTM A313,0.65,0.65,16.51,1.651,0.015,0.015,0.38,0.038,3,3,76.2,7.62,0.06,0.06,1.52,0.152,1.6,1.6,0.28,2.8,0.0286,0.286,28.6,286,0.16,0.16,0.028,0.28,0.00286,0.0286,2.86,28.6,0.54,0.54,13.72,1.372,REF,Reference,Reference,Reference,33.91,33.9,0.055,0.055,1.4,0.14,Standard Loops,0.833,0.833,3.705,0.3778,377.8,0.1666,0.1666,0.7411,0.07557,75.57,8.3333,8.3333,37.068,3.78,3780,7.688,7.688,195.28,19.528,1.92,1.92,48.77,4.877,Factory Option,Passivate per ASTM A967,0.04789,0.54,0.54,13.72,1.372,Random,0.055,0.055,1.4,0.14
LE 055FG 05S316,LE 055FG 05S316,LE055FG05S316,Extension Spring,11,Stock,,Yes,Yes,Yes,Yes,Yes,Yes,Yes,Yes,Yes,Standard Extension Series (inch),NR,Stainless Steel Type 316,SS 316,ASTM A313,0.65,0.65,16.51,1.651,0.015,0.015,0.38,0.038,3,3,76.2,7.62,0.06,0.06,1.52,0.152,1.6,1.6,0.28,2.8,0.0286,0.286,28.6,286,0.16,0.16,0.028,0.28,0.00286,0.0286,2.86,28.6,0.54,0.54,13.72,1.372,REF,Reference,Reference,Reference,33.91,33.9,0.055,0.055,1.4,0.14,Standard Loops,0.833,0.833,3.705,0.3778,377.8,0.1666,0.1666,0.7411,0.07557,75.57,6.249,6.249,27.797,2.8345,2834.5,6.385,6.385,162.18,16.218,1.92,1.92,48.77,4.877,Factory Option,Ultrasonically Passivate with Citric Acid for 10 mins At 131 Deg F,0.04789,0.54,0.54,13.72,1.372,Random,0.055,0.055,1.4,0.14
LE 055FG 06M,LE 055FG 06M,LE055FG06M,Extension Spring,11,Stock,,Yes,Yes,Yes,Yes,Yes,Yes,Yes,Yes,Yes,Standard Extension Series (inch),NR,Music Wire,MW,ASTM A228,0.65,0.65,16.51,1.651,0.015,0.015,0.38,0.038,3.5,3.5,88.9,8.89,0.07,0.07,1.78,0.178,1.52,1.52,0.266,2.66,0.0271,0.271,27.1,271,0.152,0.152,0.0266,0.266,0.00271,0.0271,2.71,27.1,0.54,0.54,13.72,1.372,REF,Reference,Reference,Reference,43,43,0.055,0.055,1.4,0.14,Standard Loops,1,1,4.448,0.4536,453.6,0.2,0.2,0.8896,0.09072,90.72,10,10,44.482,4.536,4536,9.421,9.421,239.29,23.929,2.42,2.42,61.47,6.147,Factory Option,Zinc Plate and Bake per ASTM B633,0.05959,0.54,0.54,13.72,1.372,Random,0.055,0.055,1.4,0.14
LE 055FG 06S,LE 055FG 06S,LE055FG06S,Extension Spring,11,Stock,,Yes,Yes,Yes,Yes,Yes,Yes,Yes,Yes,Yes,Standard Extension Series (inch),NR,Stainless Steel,SS,ASTM A313,0.65,0.65,16.51,1.651,0.015,0.015,0.38,0.038,3.5,3.5,88.9,8.89,0.07,0.07,1.78,0.178,1.267,1.267,0.222,2.22,0.0226,0.226,22.6,226,0.1267,0.1267,0.0222,0.222,0.00226,0.0226,2.26,22.6,0.54,0.54,13.72,1.372,REF,Reference,Reference,Reference,43,43,0.055,0.055,1.4,0.14,Standard Loops,0.833,0.833,3.705,0.3778,377.8,0.1666,0.1666,0.7411,0.07557,75.57,8.3333,8.3333,37.068,3.78,3780,9.421,9.421,239.29,23.929,2.42,2.42,61.47,6.147,Factory Option,Passivate per ASTM A967,0.06001,0.54,0.54,13.72,1.372,Random,0.055,0.055,1.4,0.14
LE 055FG 06S316,LE 055FG 06S316,LE055FG06S316,Extension Spring,11,Stock,,Yes,Yes,Yes,Yes,Yes,Yes,Yes,Yes,Yes,Standard Extension Series (inch),NR,Stainless Steel Type 316,SS 316,ASTM A313,0.65,0.65,16.51,1.651,0.015,0.015,0.38,0.038,3.5,3.5,88.9,8.89,0.07,0.07,1.78,0.178,1.267,1.267,0.222,2.22,0.0226,0.226,22.6,226,0.1267,0.1267,0.0222,0.222,0.00226,0.0226,2.26,22.6,0.54,0.54,13.72,1.372,REF,Reference,Reference,Reference,43,43,0.055,0.055,1.4,0.14,Standard Loops,0.833,0.833,3.705,0.3778,377.8,0.1666,0.1666,0.7411,0.07557,75.57,6.249,6.249,27.797,2.8345,2834.5,7.774,7.774,197.46,19.746,2.42,2.42,61.47,6.147,Factory Option,Ultrasonically Passivate with Citric Acid for 10 mins At 131 Deg F,0.06001,0.54,0.54,13.72,1.372,Random,0.055,0.055,1.4,0.14
LE 055FG 07M,LE 055FG 07M,LE055FG07M,Extension Spring,11,Stock,,Yes,Yes,Yes,Yes,Yes,Yes,Yes,Yes,Yes,Standard Extension Series (inch),NR,Music Wire,MW,ASTM A228,0.65,0.65,16.51,1.651,0.015,0.015,0.38,0.038,4,4,101.6,10.16,0.08,0.08,2.03,0.203,1.25,1.25,0.219,2.19,0.0223,0.223,22.3,223,0.125,0.125,0.0219,0.219,0.00223,0.0223,2.23,22.3,0.54,0.54,13.72,1.372,REF,Reference,Reference,Reference,52.09,52.1,0.055,0.055,1.4,0.14,Standard Loops,1,1,4.448,0.4536,453.6,0.2,0.2,0.8896,0.09072,90.72,10,10,44.482,4.536,4536,11.2,11.2,284.48,28.448,2.92,2.92,74.17,7.417,Factory Option,Zinc Plate and Bake per ASTM B633,0.07163,0.54,0.54,13.72,1.372,Random,0.055,0.055,1.4,0.14
LE 055FG 07S,LE 055FG 07S,LE055FG07S,Extension Spring,11,Stock,,Yes,Yes,Yes,Yes,Yes,Yes,Yes,Yes,Yes,Standard Extension Series (inch),NR,Stainless Steel,SS,ASTM A313,0.65,0.65,16.51,1.651,0.015,0.015,0.38,0.038,4,4,101.6,10.16,0.08,0.08,2.03,0.203,1.042,1.042,0.182,1.82,0.0186,0.186,18.6,186,0.1042,0.1042,0.0182,0.182,0.00186,0.0186,1.86,18.6,0.54,0.54,13.72,1.372,REF,Reference,Reference,Reference,52.09,52.1,0.055,0.055,1.4,0.14,Standard Loops,0.833,0.833,3.705,0.3778,377.8,0.1666,0.1666,0.7411,0.07557,75.57,8.3333,8.3333,37.068,3.78,3780,11.2,11.2,284.48,28.448,2.92,2.92,74.17,7.417,Factory Option,Passivate per ASTM A967,0.07214,0.54,0.54,13.72,1.372,Random,0.055,0.055,1.4,0.14
LE 055FG 07S316,LE 055FG 07S316,LE055FG07S316,Extension Spring,11,Stock,,Yes,Yes,Yes,Yes,Yes,Yes,Yes,Yes,Yes,Standard Extension Series (inch),NR,Stainless Steel Type 316,SS 316,ASTM A313,0.65,0.65,16.51,1.651,0.015,0.015,0.38,0.038,4,4,101.6,10.16,0.08,0.08,2.03,0.203,1.042,1.042,0.182,1.82,0.0186,0.186,18.6,186,0.1042,0.1042,0.0182,0.182,0.00186,0.0186,1.86,18.6,0.54,0.54,13.72,1.372,REF,Reference,Reference,Reference,52.09,52.1,0.055,0.055,1.4,0.14,Standard Loops,0.833,0.833,3.705,0.3778,377.8,0.1666,0.1666,0.7411,0.07557,75.57,6.249,6.249,27.797,2.8345,2834.5,9.197,9.197,233.6,23.36,2.92,2.92,74.17,7.417,Factory Option,Ultrasonically Passivate with Citric Acid for 10 mins At 131 Deg F,0.07214,0.54,0.54,13.72,1.372,Random,0.055,0.055,1.4,0.14
LE 055G 01 M,LE 055G 01 M,LE055G01M,Extension Spring,11,Stock,,Yes,Yes,Yes,Yes,Yes,Yes,Yes,Yes,Yes,Standard Extension Series (inch),NR,Music Wire,MW,ASTM A228,0.75,0.75,19.05,1.905,0.015,0.015,0.38,0.038,2,2,50.8,5.08,0.04,0.04,1.02,0.102,3.4,3.4,0.595,5.95,0.0607,0.607,60.7,607,0.34,0.34,0.0595,0.595,0.00607,0.0607,6.07,60.7,0.64,0.64,16.26,1.626,REF,Reference,Reference,Reference,12.0256,12,0.055,0.055,1.4,0.14,Standard Loops,0.8,0.8,3.559,0.3629,362.9,0.16,0.16,0.7117,0.07258,72.58,8.8,8.8,39.144,3.9917,3991.7,4.35,4.35,110.49,11.049,0.72,0.72,18.29,1.829,Factory Option,Zinc Plate and Bake per ASTM B633,0.02174,0.64,0.64,16.26,1.626,Random,0.055,0.055,1.4,0.14
LE 055G 01 S,LE 055G 01 S,LE055G01S,Extension Spring,11,Stock,,Yes,Yes,Yes,Yes,Yes,Yes,Yes,Yes,Yes,Standard Extension Series (inch),NR,Stainless Steel,SS,ASTM A313,0.75,0.75,19.05,1.905,0.015,0.015,0.38,0.038,2,2,50.8,5.08,0.04,0.04,1.02,0.102,2.83,2.83,0.496,4.96,0.0505,0.505,50.5,505,0.283,0.283,0.0496,0.496,0.00505,0.0505,5.05,50.5,0.64,0.64,16.26,1.626,REF,Reference,Reference,Reference,12.0398,12,0.055,0.055,1.4,0.14,Standard Loops,0.6664,0.6664,2.964,0.3023,302.3,0.13328,0.13328,0.5929,0.06046,60.46,7.3304,7.3304,32.607,3.3251,3325.1,4.35,4.35,110.49,11.049,0.72,0.72,18.29,1.829,Factory Option,Passivate per ASTM A967,0.02217,0.64,0.64,16.26,1.626,Random,0.055,0.055,1.4,0.14
LE 055G 01 S316,LE 055G 01 S316,LE055G01S316,Extension Spring,11,Stock,,Yes,Yes,Yes,Yes,Yes,Yes,Yes,Yes,Yes,Standard Extension Series (inch),NR,Stainless Steel Type 316,SS 316,ASTM A313,0.75,0.75,19.05,1.905,0.015,0.015,0.38,0.038,2,2,50.8,5.08,0.04,0.04,1.02,0.102,2.83,2.83,0.496,4.96,0.0505,0.505,50.5,505,0.283,0.283,0.0496,0.496,0.00505,0.0505,5.05,50.5,0.64,0.64,16.26,1.626,REF,Reference,Reference,Reference,12.0398,12,0.055,0.055,1.4,0.14,Standard Loops,0.6664,0.6664,2.964,0.3023,302.3,0.13328,0.13328,0.5929,0.06046,60.46,5.497,5.497,24.452,2.4934,2493.4,3.706,3.706,94.13,9.413,0.72,0.72,18.29,1.829,Factory Option,Ultrasonically Passivate with Citric Acid for 10 mins At 131 Deg F,0.02217,0.64,0.64,16.26,1.626,Random,0.055,0.055,1.4,0.14
LE 055G 02 M,LE 055G 02 M,LE055G02M,Extension Spring,11,Stock,,Yes,Yes,Yes,Yes,Yes,Yes,Yes,Yes,Yes,Standard Extension Series (inch),NR,Music Wire,MW,ASTM A228,0.75,0.75,19.05,1.905,0.015,0.015,0.38,0.038,2.25,2.25,57.15,5.715,0.05,0.05,1.27,0.127,2.5,2.5,0.438,4.38,0.0446,0.446,44.6,446,0.25,0.25,0.0438,0.438,0.00446,0.0446,4.46,44.6,0.64,0.64,16.26,1.626,REF,Reference,Reference,Reference,16.3548,16.4,0.055,0.055,1.4,0.14,Standard Loops,0.8,0.8,3.559,0.3629,362.9,0.16,0.16,0.7117,0.07258,72.58,8.8,8.8,39.144,3.9917,3991.7,5.45,5.45,138.43,13.843,0.97,0.97,24.64,2.464,Factory Option,Zinc Plate and Bake per ASTM B633,0.02844,0.64,0.64,16.26,1.626,Random,0.055,0.055,1.4,0.14
LE 055G 02 S,LE 055G 02 S,LE055G02S,Extension Spring,11,Stock,,Yes,Yes,Yes,Yes,Yes,Yes,Yes,Yes,Yes,Standard Extension Series (inch),NR,Stainless Steel,SS,ASTM A313,0.75,0.75,19.05,1.905,0.015,0.015,0.38,0.038,2.25,2.25,57.15,5.715,0.05,0.05,1.27,0.127,2.08,2.08,0.364,3.64,0.0371,0.371,37.1,371,0.208,0.208,0.0364,0.364,0.00371,0.0371,3.71,37.1,0.64,0.64,16.26,1.626,REF,Reference,Reference,Reference,16.381,16.4,0.055,0.055,1.4,0.14,Standard Loops,0.6664,0.6664,2.964,0.3023,302.3,0.13328,0.13328,0.5929,0.06046,60.46,7.3304,7.3304,32.607,3.3251,3325.1,5.45,5.45,138.43,13.843,0.97,0.97,24.64,2.464,Factory Option,Passivate per ASTM A967,0.02903,0.64,0.64,16.26,1.626,Random,0.055,0.055,1.4,0.14
LE 055G 02 S316,LE 055G 02 S316,LE055G02S316,Extension Spring,11,Stock,,Yes,Yes,Yes,Yes,Yes,Yes,Yes,Yes,Yes,Standard Extension Series (inch),NR,Stainless Steel Type 316,SS 316,ASTM A313,0.75,0.75,19.05,1.905,0.015,0.015,0.38,0.038,2.25,2.25,57.15,5.715,0.05,0.05,1.27,0.127,2.08,2.08,0.364,3.64,0.0371,0.371,37.1,371,0.208,0.208,0.0364,0.364,0.00371,0.0371,3.71,37.1,0.64,0.64,16.26,1.626,REF,Reference,Reference,Reference,16.381,16.4,0.055,0.055,1.4,0.14,Standard Loops,0.6664,0.6664,2.964,0.3023,302.3,0.13328,0.13328,0.5929,0.06046,60.46,5.497,5.497,24.452,2.4934,2493.4,4.572,4.572,116.13,11.613,0.97,0.97,24.64,2.464,Factory Option,Ultrasonically Passivate with Citric Acid for 10 mins At 131 Deg F,0.02903,0.64,0.64,16.26,1.626,Random,0.055,0.055,1.4,0.14
LE 055G 03 M,LE 055G 03 M,LE055G03M,Extension Spring,11,Stock,,Yes,Yes,Yes,Yes,Yes,Yes,Yes,Yes,Yes,Standard Extension Series (inch),NR,Music Wire,MW,ASTM A228,0.75,0.75,19.05,1.905,0.015,0.015,0.38,0.038,2.5,2.5,63.5,6.35,0.05,0.05,1.27,0.127,2,2,0.35,3.5,0.0357,0.357,35.7,357,0.2,0.2,0.035,0.35,0.00357,0.0357,3.57,35.7,0.64,0.64,16.26,1.626,REF,Reference,Reference,Reference,20.4436,20.4,0.055,0.055,1.4,0.14,Standard Loops,0.8,0.8,3.559,0.3629,362.9,0.16,0.16,0.7117,0.07258,72.58,8.8,8.8,39.144,3.9917,3991.7,6.5,6.5,165.1,16.51,1.22,1.22,30.99,3.099,Factory Option,Zinc Plate and Bake per ASTM B633,0.03478,0.64,0.64,16.26,1.626,Random,0.055,0.055,1.4,0.14
LE 055G 03 S,LE 055G 03 S,LE055G03S,Extension Spring,11,Stock,,Yes,Yes,Yes,Yes,Yes,Yes,Yes,Yes,Yes,Standard Extension Series (inch),NR,Stainless Steel,SS,ASTM A313,0.75,0.75,19.05,1.905,0.015,0.015,0.38,0.038,2.5,2.5,63.5,6.35,0.05,0.05,1.27,0.127,1.67,1.67,0.292,2.92,0.0298,0.298,29.8,298,0.167,0.167,0.0292,0.292,0.00298,0.0298,2.98,29.8,0.64,0.64,16.26,1.626,REF,Reference,Reference,Reference,20.4028,20.4,0.055,0.055,1.4,0.14,Standard Loops,0.6664,0.6664,2.964,0.3023,302.3,0.13328,0.13328,0.5929,0.06046,60.46,7.3304,7.3304,32.607,3.3251,3325.1,6.5,6.5,165.1,16.51,1.22,1.22,30.99,3.099,Factory Option,Passivate per ASTM A967,0.03538,0.64,0.64,16.26,1.626,Random,0.055,0.055,1.4,0.14
LE 055G 03 S316,LE 055G 03 S316,LE055G03S316,Extension Spring,11,Stock,,Yes,Yes,Yes,Yes,Yes,Yes,Yes,Yes,Yes,Standard Extension Series (inch),NR,Stainless Steel Type 316,SS 316,ASTM A313,0.75,0.75,19.05,1.905,0.015,0.015,0.38,0.038,2.5,2.5,63.5,6.35,0.05,0.05,1.27,0.127,1.67,1.67,0.292,2.92,0.0298,0.298,29.8,298,0.167,0.167,0.0292,0.292,0.00298,0.0298,2.98,29.8,0.64,0.64,16.26,1.626,REF,Reference,Reference,Reference,20.4028,20.4,0.055,0.055,1.4,0.14,Standard Loops,0.6664,0.6664,2.964,0.3023,302.3,0.13328,0.13328,0.5929,0.06046,60.46,5.497,5.497,24.452,2.4934,2493.4,5.392,5.392,136.96,13.696,1.22,1.22,30.99,3.099,Factory Option,Ultrasonically Passivate with Citric Acid for 10 mins At 131 Deg F,0.03538,0.64,0.64,16.26,1.626,Random,0.055,0.055,1.4,0.14
LE 055G 04 M,LE 055G 04 M,LE055G04M,Extension Spring,11,Stock,,Yes,Yes,Yes,Yes,Yes,Yes,Yes,Yes,Yes,Standard Extension Series (inch),NR,Music Wire,MW,ASTM A228,0.75,0.75,19.05,1.905,0.015,0.015,0.38,0.038,2.75,2.75,69.85,6.985,0.05,0.05,1.27,0.127,1.6,1.6,0.28,2.8,0.0286,0.286,28.6,286,0.16,0.16,0.028,0.28,0.00286,0.0286,2.86,28.6,0.64,0.64,16.26,1.626,REF,Reference,Reference,Reference,25.5545,25.6,0.055,0.055,1.4,0.14,Standard Loops,0.8,0.8,3.559,0.3629,362.9,0.16,0.16,0.7117,0.07258,72.58,8.8,8.8,39.144,3.9917,3991.7,7.75,7.75,196.85,19.685,1.47,1.47,37.34,3.734,Factory Option,Zinc Plate and Bake per ASTM B633,0.0427,0.64,0.64,16.26,1.626,Random,0.055,0.055,1.4,0.14
LE 055G 04 S,LE 055G 04 S,LE055G04S,Extension Spring,11,Stock,,Yes,Yes,Yes,Yes,Yes,Yes,Yes,Yes,Yes,Standard Extension Series (inch),NR,Stainless Steel,SS,ASTM A313,0.75,0.75,19.05,1.905,0.015,0.015,0.38,0.038,2.75,2.75,69.85,6.985,0.05,0.05,1.27,0.127,1.33,1.33,0.233,2.33,0.0238,0.238,23.8,238,0.133,0.133,0.0233,0.233,0.00238,0.0238,2.38,23.8,0.64,0.64,16.26,1.626,REF,Reference,Reference,Reference,25.6185,25.6,0.055,0.055,1.4,0.14,Standard Loops,0.6664,0.6664,2.964,0.3023,302.3,0.13328,0.13328,0.5929,0.06046,60.46,7.3304,7.3304,32.607,3.3251,3325.1,7.75,7.75,196.85,19.685,1.47,1.47,37.34,3.734,Factory Option,Passivate per ASTM A967,0.04361,0.64,0.64,16.26,1.626,Random,0.055,0.055,1.4,0.14
LE 055G 04 S316,LE 055G 04 S316,LE055G04S316,Extension Spring,11,Stock,,Yes,Yes,Yes,Yes,Yes,Yes,Yes,Yes,Yes,Standard Extension Series (inch),NR,Stainless Steel Type 316,SS 316,ASTM A313,0.75,0.75,19.05,1.905,0.015,0.015,0.38,0.038,2.75,2.75,69.85,6.985,0.05,0.05,1.27,0.127,1.33,1.33,0.233,2.33,0.0238,0.238,23.8,238,0.133,0.133,0.0233,0.233,0.00238,0.0238,2.38,23.8,0.64,0.64,16.26,1.626,REF,Reference,Reference,Reference,25.6185,25.6,0.055,0.055,1.4,0.14,Standard Loops,0.6664,0.6664,2.964,0.3023,302.3,0.13328,0.13328,0.5929,0.06046,60.46,5.497,5.497,24.452,2.4934,2493.4,6.382,6.382,162.1,16.21,1.47,1.47,37.34,3.734,Factory Option,Ultrasonically Passivate with Citric Acid for 10 mins At 131 Deg F,0.04361,0.64,0.64,16.26,1.626,Random,0.055,0.055,1.4,0.14
LE 055G 05 M,LE 055G 05 M,LE055G05M,Extension Spring,11,Stock,,Yes,Yes,Yes,Yes,Yes,Yes,Yes,Yes,Yes,Standard Extension Series (inch),NR,Music Wire,MW,ASTM A228,0.75,0.75,19.05,1.905,0.015,0.015,0.38,0.038,3,3,76.2,7.62,0.05,0.05,1.27,0.127,1.4,1.4,0.245,2.45,0.025,0.25,25,250,0.14,0.14,0.0245,0.245,0.0025,0.025,2.5,25,0.64,0.64,16.26,1.626,REF,Reference,Reference,Reference,29.2051,29.2,0.055,0.055,1.4,0.14,Standard Loops,0.8,0.8,3.559,0.3629,362.9,0.16,0.16,0.7117,0.07258,72.58,8.8,8.8,39.144,3.9917,3991.7,8.71,8.71,221.23,22.123,1.72,1.72,43.69,4.369,Factory Option,Zinc Plate and Bake per ASTM B633,0.04836,0.64,0.64,16.26,1.626,Random,0.055,0.055,1.4,0.14
LE 055G 05 S,LE 055G 05 S,LE055G05S,Extension Spring,11,Stock,,Yes,Yes,Yes,Yes,Yes,Yes,Yes,Yes,Yes,Standard Extension Series (inch),NR,Stainless Steel,SS,ASTM A313,0.75,0.75,19.05,1.905,0.015,0.015,0.38,0.038,3,3,76.2,7.62,0.05,0.05,1.27,0.127,1.17,1.17,0.205,2.05,0.0209,0.209,20.9,209,0.117,0.117,0.0205,0.205,0.00209,0.0209,2.09,20.9,0.64,0.64,16.26,1.626,REF,Reference,Reference,Reference,29.1219,29.1,0.055,0.055,1.4,0.14,Standard Loops,0.6664,0.6664,2.964,0.3023,302.3,0.13328,0.13328,0.5929,0.06046,60.46,7.3304,7.3304,32.607,3.3251,3325.1,8.71,8.71,221.23,22.123,1.72,1.72,43.69,4.369,Factory Option,Passivate per ASTM A967,0.04915,0.64,0.64,16.26,1.626,Random,0.055,0.055,1.4,0.14
LE 055G 05 S316,LE 055G 05 S316,LE055G05S316,Extension Spring,11,Stock,,Yes,Yes,Yes,Yes,Yes,Yes,Yes,Yes,Yes,Standard Extension Series (inch),NR,Stainless Steel Type 316,SS 316,ASTM A313,0.75,0.75,19.05,1.905,0.015,0.015,0.38,0.038,3,3,76.2,7.62,0.05,0.05,1.27,0.127,1.17,1.17,0.205,2.05,0.0209,0.209,20.9,209,0.117,0.117,0.0205,0.205,0.00209,0.0209,2.09,20.9,0.64,0.64,16.26,1.626,REF,Reference,Reference,Reference,29.1219,29.1,0.055,0.055,1.4,0.14,Standard Loops,0.6664,0.6664,2.964,0.3023,302.3,0.13328,0.13328,0.5929,0.06046,60.46,5.497,5.497,24.452,2.4934,2493.4,7.128,7.128,181.05,18.105,1.72,1.72,43.69,4.369,Factory Option,Ultrasonically Passivate with Citric Acid for 10 mins At 131 Deg F,0.04915,0.64,0.64,16.26,1.626,Random,0.055,0.055,1.4,0.14
LE 055G 06 M,LE 055G 06 M,LE055G06M,Extension Spring,11,Stock,,Yes,Yes,Yes,Yes,Yes,Yes,Yes,Yes,Yes,Standard Extension Series (inch),NR,Music Wire,MW,ASTM A228,0.75,0.75,19.05,1.905,0.015,0.015,0.38,0.038,3.5,3.5,88.9,8.89,0.06,0.06,1.52,0.152,1,1,0.175,1.75,0.0179,0.179,17.9,179,0.1,0.1,0.0175,0.175,0.00179,0.0179,1.79,17.9,0.64,0.64,16.26,1.626,REF,Reference,Reference,Reference,40.8872,40.9,0.055,0.055,1.4,0.14,Standard Loops,0.8,0.8,3.559,0.3629,362.9,0.16,0.16,0.7117,0.07258,72.58,8.8,8.8,39.144,3.9917,3991.7,11.5,11.5,292.1,29.21,2.22,2.22,56.39,5.639,Factory Option,Zinc Plate and Bake per ASTM B633,0.06646,0.64,0.64,16.26,1.626,Random,0.055,0.055,1.4,0.14
LE 055G 06 S,LE 055G 06 S,LE055G06S,Extension Spring,11,Stock,,Yes,Yes,Yes,Yes,Yes,Yes,Yes,Yes,Yes,Standard Extension Series (inch),NR,Stainless Steel,SS,ASTM A313,0.75,0.75,19.05,1.905,0.015,0.015,0.38,0.038,3.5,3.5,88.9,8.89,0.06,0.06,1.52,0.152,0.83,0.83,0.145,1.45,0.0148,0.148,14.8,148,0.083,0.083,0.0145,0.145,0.00148,0.0148,1.48,14.8,0.64,0.64,16.26,1.626,REF,Reference,Reference,Reference,41.0514,41.1,0.055,0.055,1.4,0.14,Standard Loops,0.6664,0.6664,2.964,0.3023,302.3,0.13328,0.13328,0.5929,0.06046,60.46,7.3304,7.3304,32.607,3.3251,3325.1,11.5,11.5,292.1,29.21,2.22,2.22,56.39,5.639,Factory Option,Passivate per ASTM A967,0.06799,0.64,0.64,16.26,1.626,Random,0.055,0.055,1.4,0.14
LE 055G 06 S316,LE 055G 06 S316,LE055G06S316,Extension Spring,11,Stock,,Yes,Yes,Yes,Yes,Yes,Yes,Yes,Yes,Yes,Standard Extension Series (inch),NR,Stainless Steel Type 316,SS 316,ASTM A313,0.75,0.75,19.05,1.905,0.015,0.015,0.38,0.038,3.5,3.5,88.9,8.89,0.06,0.06,1.52,0.152,0.83,0.83,0.145,1.45,0.0148,0.148,14.8,148,0.083,0.083,0.0145,0.145,0.00148,0.0148,1.48,14.8,0.64,0.64,16.26,1.626,REF,Reference,Reference,Reference,41.0514,41.1,0.055,0.055,1.4,0.14,Standard Loops,0.6664,0.6664,2.964,0.3023,302.3,0.13328,0.13328,0.5929,0.06046,60.46,5.497,5.497,24.452,2.4934,2493.4,9.32,9.32,236.73,23.673,2.22,2.22,56.39,5.639,Factory Option,Ultrasonically Passivate with Citric Acid for 10 mins At 131 Deg F,0.06799,0.64,0.64,16.26,1.626,Random,0.055,0.055,1.4,0.14
LE 055H 01 M,LE 055H 01 M,LE055H01M,Extension Spring,11,Stock,,Yes,Yes,Yes,Yes,Yes,Yes,Yes,Yes,Yes,Standard Extension Series (inch),NR,Music Wire,MW,ASTM A228,0.85,0.85,21.59,2.159,0.015,0.015,0.38,0.038,2,2,50.8,5.08,0.04,0.04,1.02,0.102,3.2,3.2,0.56,5.6,0.0571,0.571,57.1,571,0.32,0.32,0.056,0.56,0.00571,0.0571,5.71,57.1,0.74,0.74,18.8,1.88,REF,Reference,Reference,Reference,8.5367,8.5,0.055,0.055,1.4,0.14,Standard Loops,0.7,0.7,3.114,0.3175,317.5,0.14,0.14,0.6228,0.0635,63.5,7.8,7.8,34.696,3.5381,3538.1,4.22,4.22,107.19,10.719,0.52,0.52,13.21,1.321,Factory Option,Zinc Plate and Bake per ASTM B633,0.01868,0.74,0.74,18.8,1.88,Random,0.055,0.055,1.4,0.14
LE 055H 01 S,LE 055H 01 S,LE055H01S,Extension Spring,11,Stock,,Yes,Yes,Yes,Yes,Yes,Yes,Yes,Yes,Yes,Standard Extension Series (inch),NR,Stainless Steel,SS,ASTM A313,0.85,0.85,21.59,2.159,0.015,0.015,0.38,0.038,2,2,50.8,5.08,0.04,0.04,1.02,0.102,2.67,2.67,0.468,4.68,0.0477,0.477,47.7,477,0.267,0.267,0.0468,0.468,0.00477,0.0477,4.77,47.7,0.74,0.74,18.8,1.88,REF,Reference,Reference,Reference,8.526,8.5,0.055,0.055,1.4,0.14,Standard Loops,0.5831,0.5831,2.594,0.2645,264.5,0.11662,0.11662,0.5188,0.0529,52.9,6.4974,6.4974,28.902,2.9472,2947.2,4.22,4.22,107.19,10.719,0.52,0.52,13.21,1.321,Factory Option,Passivate per ASTM A967,0.01901,0.74,0.74,18.8,1.88,Random,0.055,0.055,1.4,0.14
LE 055H 01 S316,LE 055H 01 S316,LE055H01S316,Extension Spring,11,Stock,,Yes,Yes,Yes,Yes,Yes,Yes,Yes,Yes,Yes,Standard Extension Series (inch),NR,Stainless Steel Type 316,SS 316,ASTM A313,0.85,0.85,21.59,2.159,0.015,0.015,0.38,0.038,2,2,50.8,5.08,0.04,0.04,1.02,0.102,2.67,2.67,0.468,4.68,0.0477,0.477,47.7,477,0.267,0.267,0.0468,0.468,0.00477,0.0477,4.77,47.7,0.74,0.74,18.8,1.88,REF,Reference,Reference,Reference,8.526,8.5,0.055,0.055,1.4,0.14,Standard Loops,0.5831,0.5831,2.594,0.2645,264.5,0.11662,0.11662,0.5188,0.0529,52.9,4.873,4.873,21.676,2.2104,2210.4,3.606,3.606,91.59,9.159,0.52,0.52,13.21,1.321,Factory Option,Ultrasonically Passivate with Citric Acid for 10 mins At 131 Deg F,0.01901,0.74,0.74,18.8,1.88,Random,0.055,0.055,1.4,0.14
LE 055H 02 M,LE 055H 02 M,LE055H02M,Extension Spring,11,Stock,,Yes,Yes,Yes,Yes,Yes,Yes,Yes,Yes,Yes,Standard Extension Series (inch),NR,Music Wire,MW,ASTM A228,0.85,0.85,21.59,2.159,0.015,0.015,0.38,0.038,2.25,2.25,57.15,5.715,0.05,0.05,1.27,0.127,2.1,2.1,0.368,3.68,0.0375,0.375,37.5,375,0.21,0.21,0.0368,0.368,0.00375,0.0375,3.75,37.5,0.74,0.74,18.8,1.88,REF,Reference,Reference,Reference,13.0083,13,0.055,0.055,1.4,0.14,Standard Loops,0.7,0.7,3.114,0.3175,317.5,0.14,0.14,0.6228,0.0635,63.5,7.8,7.8,34.696,3.5381,3538.1,5.63,5.63,143,14.3,0.77,0.77,19.56,1.956,Factory Option,Zinc Plate and Bake per ASTM B633,0.0266,0.74,0.74,18.8,1.88,Random,0.055,0.055,1.4,0.14
LE 055H 02 S,LE 055H 02 S,LE055H02S,Extension Spring,11,Stock,,Yes,Yes,Yes,Yes,Yes,Yes,Yes,Yes,Yes,Standard Extension Series (inch),NR,Stainless Steel,SS,ASTM A313,0.85,0.85,21.59,2.159,0.015,0.015,0.38,0.038,2.25,2.25,57.15,5.715,0.05,0.05,1.27,0.127,1.75,1.75,0.306,3.06,0.0313,0.313,31.3,313,0.175,0.175,0.0306,0.306,0.00313,0.0313,3.13,31.3,0.74,0.74,18.8,1.88,REF,Reference,Reference,Reference,13.0083,13,0.055,0.055,1.4,0.14,Standard Loops,0.5831,0.5831,2.594,0.2645,264.5,0.11662,0.11662,0.5188,0.0529,52.9,6.4974,6.4974,28.902,2.9472,2947.2,5.63,5.63,143,14.3,0.77,0.77,19.56,1.956,Factory Option,Passivate per ASTM A967,0.02711,0.74,0.74,18.8,1.88,Random,0.055,0.055,1.4,0.14
LE 055H 02 S316,LE 055H 02 S316,LE055H02S316,Extension Spring,11,Stock,,Yes,Yes,Yes,Yes,Yes,Yes,Yes,Yes,Yes,Standard Extension Series (inch),NR,Stainless Steel Type 316,SS 316,ASTM A313,0.85,0.85,21.59,2.159,0.015,0.015,0.38,0.038,2.25,2.25,57.15,5.715,0.05,0.05,1.27,0.127,1.75,1.75,0.306,3.06,0.0313,0.313,31.3,313,0.175,0.175,0.0306,0.306,0.00313,0.0313,3.13,31.3,0.74,0.74,18.8,1.88,REF,Reference,Reference,Reference,13.0083,13,0.055,0.055,1.4,0.14,Standard Loops,0.5831,0.5831,2.594,0.2645,264.5,0.11662,0.11662,0.5188,0.0529,52.9,4.873,4.873,21.676,2.2104,2210.4,4.701,4.701,119.41,11.941,0.77,0.77,19.56,1.956,Factory Option,Ultrasonically Passivate with Citric Acid for 10 mins At 131 Deg F,0.02711,0.74,0.74,18.8,1.88,Random,0.055,0.055,1.4,0.14
LE 055H 03 M,LE 055H 03 M,LE055H03M,Extension Spring,11,Stock,,Yes,Yes,Yes,Yes,Yes,Yes,Yes,Yes,Yes,Standard Extension Series (inch),NR,Music Wire,MW,ASTM A228,0.85,0.85,21.59,2.159,0.015,0.015,0.38,0.038,2.5,2.5,63.5,6.35,0.05,0.05,1.27,0.127,1.6,1.6,0.28,2.8,0.0286,0.286,28.6,286,0.16,0.16,0.028,0.28,0.00286,0.0286,2.86,28.6,0.74,0.74,18.8,1.88,REF,Reference,Reference,Reference,17.0734,17.1,0.055,0.055,1.4,0.14,Standard Loops,0.7,0.7,3.114,0.3175,317.5,0.14,0.14,0.6228,0.0635,63.5,7.8,7.8,34.696,3.5381,3538.1,6.94,6.94,176.28,17.628,1.02,1.02,25.91,2.591,Factory Option,Zinc Plate and Bake per ASTM B633,0.03381,0.74,0.74,18.8,1.88,Random,0.055,0.055,1.4,0.14
LE 055H 03 S,LE 055H 03 S,LE055H03S,Extension Spring,11,Stock,,Yes,Yes,Yes,Yes,Yes,Yes,Yes,Yes,Yes,Standard Extension Series (inch),NR,Stainless Steel,SS,ASTM A313,0.85,0.85,21.59,2.159,0.015,0.015,0.38,0.038,2.5,2.5,63.5,6.35,0.05,0.05,1.27,0.127,1.33,1.33,0.233,2.33,0.0238,0.238,23.8,238,0.133,0.133,0.0233,0.233,0.00238,0.0238,2.38,23.8,0.74,0.74,18.8,1.88,REF,Reference,Reference,Reference,17.1162,17.1,0.055,0.055,1.4,0.14,Standard Loops,0.5831,0.5831,2.594,0.2645,264.5,0.11662,0.11662,0.5188,0.0529,52.9,6.4974,6.4974,28.902,2.9472,2947.2,6.94,6.94,176.28,17.628,1.02,1.02,25.91,2.591,Factory Option,Passivate per ASTM A967,0.03453,0.74,0.74,18.8,1.88,Random,0.055,0.055,1.4,0.14
LE 055H 03 S316,LE 055H 03 S316,LE055H03S316,Extension Spring,11,Stock,,Yes,Yes,Yes,Yes,Yes,Yes,Yes,Yes,Yes,Standard Extension Series (inch),NR,Stainless Steel Type 316,SS 316,ASTM A313,0.85,0.85,21.59,2.159,0.015,0.015,0.38,0.038,2.5,2.5,63.5,6.35,0.05,0.05,1.27,0.127,1.33,1.33,0.233,2.33,0.0238,0.238,23.8,238,0.133,0.133,0.0233,0.233,0.00238,0.0238,2.38,23.8,0.74,0.74,18.8,1.88,REF,Reference,Reference,Reference,17.1162,17.1,0.055,0.055,1.4,0.14,Standard Loops,0.5831,0.5831,2.594,0.2645,264.5,0.11662,0.11662,0.5188,0.0529,52.9,4.873,4.873,21.676,2.2104,2210.4,5.725,5.725,145.42,14.542,1.02,1.02,25.91,2.591,Factory Option,Ultrasonically Passivate with Citric Acid for 10 mins At 131 Deg F,0.03453,0.74,0.74,18.8,1.88,Random,0.055,0.055,1.4,0.14
LE 055H 04 M,LE 055H 04 M,LE055H04M,Extension Spring,11,Stock,,Yes,Yes,Yes,Yes,Yes,Yes,Yes,Yes,Yes,Standard Extension Series (inch),NR,Music Wire,MW,ASTM A228,0.85,0.85,21.59,2.159,0.015,0.015,0.38,0.038,2.75,2.75,69.85,6.985,0.05,0.05,1.27,0.127,1.2,1.2,0.21,2.1,0.0214,0.214,21.4,214,0.12,0.12,0.021,0.21,0.00214,0.0214,2.14,21.4,0.74,0.74,18.8,1.88,REF,Reference,Reference,Reference,22.7645,22.8,0.055,0.055,1.4,0.14,Standard Loops,0.7,0.7,3.114,0.3175,317.5,0.14,0.14,0.6228,0.0635,63.5,7.8,7.8,34.696,3.5381,3538.1,8.67,8.67,220.22,22.022,1.27,1.27,32.26,3.226,Factory Option,Zinc Plate and Bake per ASTM B633,0.0439,0.74,0.74,18.8,1.88,Random,0.055,0.055,1.4,0.14
LE 055H 04 S,LE 055H 04 S,LE055H04S,Extension Spring,11,Stock,,Yes,Yes,Yes,Yes,Yes,Yes,Yes,Yes,Yes,Standard Extension Series (inch),NR,Stainless Steel,SS,ASTM A313,0.85,0.85,21.59,2.159,0.015,0.015,0.38,0.038,2.75,2.75,69.85,6.985,0.05,0.05,1.27,0.127,1,1,0.175,1.75,0.0179,0.179,17.9,179,0.1,0.1,0.0175,0.175,0.00179,0.0179,1.79,17.9,0.74,0.74,18.8,1.88,REF,Reference,Reference,Reference,22.7645,22.8,0.055,0.055,1.4,0.14,Standard Loops,0.5831,0.5831,2.594,0.2645,264.5,0.11662,0.11662,0.5188,0.0529,52.9,6.4974,6.4974,28.902,2.9472,2947.2,8.67,8.67,220.22,22.022,1.27,1.27,32.26,3.226,Factory Option,Passivate per ASTM A967,0.04473,0.74,0.74,18.8,1.88,Random,0.055,0.055,1.4,0.14
LE 055H 04 S316,LE 055H 04 S316,LE055H04S316,Extension Spring,11,Stock,,Yes,Yes,Yes,Yes,Yes,Yes,Yes,Yes,Yes,Standard Extension Series (inch),NR,Stainless Steel Type 316,SS 316,ASTM A313,0.85,0.85,21.59,2.159,0.015,0.015,0.38,0.038,2.75,2.75,69.85,6.985,0.05,0.05,1.27,0.127,1,1,0.175,1.75,0.0179,0.179,17.9,179,0.1,0.1,0.0175,0.175,0.00179,0.0179,1.79,17.9,0.74,0.74,18.8,1.88,REF,Reference,Reference,Reference,22.7645,22.8,0.055,0.055,1.4,0.14,Standard Loops,0.5831,0.5831,2.594,0.2645,264.5,0.11662,0.11662,0.5188,0.0529,52.9,4.873,4.873,21.676,2.2104,2210.4,7.039,7.039,178.79,17.879,1.27,1.27,32.26,3.226,Factory Option,Ultrasonically Passivate with Citric Acid for 10 mins At 131 Deg F,0.04473,0.74,0.74,18.8,1.88,Random,0.055,0.055,1.4,0.14
LE 058D 01 M,LE 058D 01 M,LE058D01M,Extension Spring,11,Stock,,Yes,Yes,Yes,Yes,Yes,Yes,Yes,Yes,Yes,Standard Extension Series (inch),NR,Music Wire,MW,ASTM A228,0.375,0.375,9.53,0.953,0.01,0.01,0.25,0.025,1,1,25.4,2.54,0.03,0.03,0.76,0.076,71.1,71.1,12.452,124.52,1.2697,12.697,1269.7,12697,7.11,7.11,1.2452,12.452,0.12697,1.2697,126.97,1269.7,0.259,0.259,6.58,0.658,REF,Reference,Reference,Reference,7.4947,7.5,0.058,0.058,1.47,0.147,Standard Loops,2.5,2.5,11.121,1.134,1134,0.5,0.5,2.2241,0.2268,226.8,20,20,88.964,9.072,9072,1.25,1.25,31.75,3.175,0.482,0.482,12.24,1.224,Factory Option,Zinc Plate and Bake per ASTM B633,0.00746,0.259,0.259,6.58,0.658,Random,0.058,0.058,1.47,0.147
LE 058D 01 S,LE 058D 01 S,LE058D01S,Extension Spring,11,Stock,,Yes,Yes,Yes,Yes,Yes,Yes,Yes,Yes,Yes,Standard Extension Series (inch),NR,Stainless Steel,SS,ASTM A313,0.375,0.375,9.53,0.953,0.01,0.01,0.25,0.025,1,1,25.4,2.54,0.03,0.03,0.76,0.076,59.23,59.23,10.373,103.73,1.0577,10.577,1057.7,10577,5.923,5.923,1.0373,10.373,0.10577,1.0577,105.77,1057.7,0.259,0.259,6.58,0.658,REF,Reference,Reference,Reference,7.4972,7.5,0.058,0.058,1.47,0.147,Standard Loops,2.0825,2.0825,9.263,0.9446,944.6,0.4165,0.4165,1.8527,0.18892,188.92,16.66,16.66,74.107,7.557,7557,1.25,1.25,31.75,3.175,0.482,0.482,12.24,1.224,Factory Option,Passivate per ASTM A967,0.00761,0.259,0.259,6.58,0.658,Random,0.058,0.058,1.47,0.147
LE 058D 01 S316,LE 058D 01 S316,LE058D01S316,Extension Spring,11,Stock,,Yes,Yes,Yes,Yes,Yes,Yes,Yes,Yes,Yes,Standard Extension Series (inch),NR,Stainless Steel Type 316,SS 316,ASTM A313,0.375,0.375,9.53,0.953,0.01,0.01,0.25,0.025,1,1,25.4,2.54,0.03,0.03,0.76,0.076,59.23,59.23,10.373,103.73,1.0577,10.577,1057.7,10577,5.923,5.923,1.0373,10.373,0.10577,1.0577,105.77,1057.7,0.259,0.259,6.58,0.658,REF,Reference,Reference,Reference,7.4972,7.5,0.058,0.058,1.47,0.147,Standard Loops,2.0825,2.0825,9.263,0.9446,944.6,0.4165,0.4165,1.8527,0.18892,188.92,12.495,12.495,55.581,5.6677,5667.7,1.175,1.175,29.85,2.985,0.482,0.482,12.24,1.224,Factory Option,Ultrasonically Passivate with Citric Acid for 10 mins At 131 Deg F,0.00761,0.259,0.259,6.58,0.658,Random,0.058,0.058,1.47,0.147
LE 058D 02 M,LE 058D 02 M,LE058D02M,Extension Spring,11,Stock,,Yes,Yes,Yes,Yes,Yes,Yes,Yes,Yes,Yes,Standard Extension Series (inch),NR,Music Wire,MW,ASTM A228,0.375,0.375,9.53,0.953,0.01,0.01,0.25,0.025,1.125,1.125,28.58,2.858,0.035,0.035,0.89,0.089,56.1,56.1,9.825,98.25,1.0018,10.018,1001.8,10018,5.61,5.61,0.9825,9.825,0.10018,1.0018,100.18,1001.8,0.259,0.259,6.58,0.658,REF,Reference,Reference,Reference,9.4986,9.5,0.058,0.058,1.47,0.147,Standard Loops,2.5,2.5,11.121,1.134,1134,0.5,0.5,2.2241,0.2268,226.8,20,20,88.964,9.072,9072,1.435,1.435,36.45,3.645,0.607,0.607,15.42,1.542,Factory Option,Zinc Plate and Bake per ASTM B633,0.00904,0.259,0.259,6.58,0.658,Random,0.058,0.058,1.47,0.147
LE 058D 02 S,LE 058D 02 S,LE058D02S,Extension Spring,11,Stock,,Yes,Yes,Yes,Yes,Yes,Yes,Yes,Yes,Yes,Standard Extension Series (inch),NR,Stainless Steel,SS,ASTM A313,0.375,0.375,9.53,0.953,0.01,0.01,0.25,0.025,1.125,1.125,28.58,2.858,0.035,0.035,0.89,0.089,46.73,46.73,8.184,81.84,0.8345,8.345,834.5,8345,4.673,4.673,0.8184,8.184,0.08345,0.8345,83.45,834.5,0.259,0.259,6.58,0.658,REF,Reference,Reference,Reference,9.5027,9.5,0.058,0.058,1.47,0.147,Standard Loops,2.0825,2.0825,9.263,0.9446,944.6,0.4165,0.4165,1.8527,0.18892,188.92,16.66,16.66,74.107,7.557,7557,1.435,1.435,36.45,3.645,0.607,0.607,15.42,1.542,Factory Option,Passivate per ASTM A967,0.00921,0.259,0.259,6.58,0.658,Random,0.058,0.058,1.47,0.147
LE 058D 02 S316,LE 058D 02 S316,LE058D02S316,Extension Spring,11,Stock,,Yes,Yes,Yes,Yes,Yes,Yes,Yes,Yes,Yes,Standard Extension Series (inch),NR,Stainless Steel Type 316,SS 316,ASTM A313,0.375,0.375,9.53,0.953,0.01,0.01,0.25,0.025,1.125,1.125,28.58,2.858,0.035,0.035,0.89,0.089,46.73,46.73,8.184,81.84,0.8345,8.345,834.5,8345,4.673,4.673,0.8184,8.184,0.08345,0.8345,83.45,834.5,0.259,0.259,6.58,0.658,REF,Reference,Reference,Reference,9.5027,9.5,0.058,0.058,1.47,0.147,Standard Loops,2.0825,2.0825,9.263,0.9446,944.6,0.4165,0.4165,1.8527,0.18892,188.92,12.495,12.495,55.581,5.6677,5667.7,1.347,1.347,34.21,3.421,0.607,0.607,15.42,1.542,Factory Option,Ultrasonically Passivate with Citric Acid for 10 mins At 131 Deg F,0.00921,0.259,0.259,6.58,0.658,Random,0.058,0.058,1.47,0.147
LE 058D 03 M,LE 058D 03 M,LE058D03M,Extension Spring,11,Stock,,Yes,Yes,Yes,Yes,Yes,Yes,Yes,Yes,Yes,Standard Extension Series (inch),NR,Music Wire,MW,ASTM A228,0.375,0.375,9.53,0.953,0.01,0.01,0.25,0.025,1.25,1.25,31.75,3.175,0.035,0.035,0.89,0.089,44.4,44.4,7.776,77.76,0.7929,7.929,792.9,7929,4.44,4.44,0.7776,7.776,0.07929,0.7929,79.29,792.9,0.259,0.259,6.58,0.658,REF,Reference,Reference,Reference,12.0016,12,0.058,0.058,1.47,0.147,Standard Loops,2.5,2.5,11.121,1.134,1134,0.5,0.5,2.2241,0.2268,226.8,20,20,88.964,9.072,9072,1.64,1.64,41.66,4.166,0.732,0.732,18.59,1.859,Factory Option,Zinc Plate and Bake per ASTM B633,0.01101,0.259,0.259,6.58,0.658,Random,0.058,0.058,1.47,0.147
LE 058D 03 S,LE 058D 03 S,LE058D03S,Extension Spring,11,Stock,,Yes,Yes,Yes,Yes,Yes,Yes,Yes,Yes,Yes,Standard Extension Series (inch),NR,Stainless Steel,SS,ASTM A313,0.375,0.375,9.53,0.953,0.01,0.01,0.25,0.025,1.25,1.25,31.75,3.175,0.035,0.035,0.89,0.089,36.99,36.99,6.478,64.78,0.6606,6.606,660.6,6606,3.699,3.699,0.6478,6.478,0.06606,0.6606,66.06,660.6,0.259,0.259,6.58,0.658,REF,Reference,Reference,Reference,12.0049,12,0.058,0.058,1.47,0.147,Standard Loops,2.0825,2.0825,9.263,0.9446,944.6,0.4165,0.4165,1.8527,0.18892,188.92,16.66,16.66,74.107,7.557,7557,1.64,1.64,41.66,4.166,0.732,0.732,18.59,1.859,Factory Option,Passivate per ASTM A967,0.01122,0.259,0.259,6.58,0.658,Random,0.058,0.058,1.47,0.147
LE 058D 03 S316,LE 058D 03 S316,LE058D03S316,Extension Spring,11,Stock,,Yes,Yes,Yes,Yes,Yes,Yes,Yes,Yes,Yes,Standard Extension Series (inch),NR,Stainless Steel Type 316,SS 316,ASTM A313,0.375,0.375,9.53,0.953,0.01,0.01,0.25,0.025,1.25,1.25,31.75,3.175,0.035,0.035,0.89,0.089,36.99,36.99,6.478,64.78,0.6606,6.606,660.6,6606,3.699,3.699,0.6478,6.478,0.06606,0.6606,66.06,660.6,0.259,0.259,6.58,0.658,REF,Reference,Reference,Reference,12.0049,12,0.058,0.058,1.47,0.147,Standard Loops,2.0825,2.0825,9.263,0.9446,944.6,0.4165,0.4165,1.8527,0.18892,188.92,12.495,12.495,55.581,5.6677,5667.7,1.531,1.531,38.89,3.889,0.732,0.732,18.59,1.859,Factory Option,Ultrasonically Passivate with Citric Acid for 10 mins At 131 Deg F,0.01122,0.259,0.259,6.58,0.658,Random,0.058,0.058,1.47,0.147
LE 058D 04 M,LE 058D 04 M,LE058D04M,Extension Spring,11,Stock,,Yes,Yes,Yes,Yes,Yes,Yes,Yes,Yes,Yes,Standard Extension Series (inch),NR,Music Wire,MW,ASTM A228,0.375,0.375,9.53,0.953,0.01,0.01,0.25,0.025,1.375,1.375,34.93,3.493,0.035,0.035,0.89,0.089,38.1,38.1,6.673,66.73,0.6804,6.804,680.4,6804,3.81,3.81,0.6673,6.673,0.06804,0.6804,68.04,680.4,0.259,0.259,6.58,0.658,REF,Reference,Reference,Reference,13.9862,14,0.058,0.058,1.47,0.147,Standard Loops,2.5,2.5,11.121,1.134,1134,0.5,0.5,2.2241,0.2268,226.8,20,20,88.964,9.072,9072,1.835,1.835,46.61,4.661,0.857,0.857,21.77,2.177,Factory Option,Zinc Plate and Bake per ASTM B633,0.01257,0.259,0.259,6.58,0.658,Random,0.058,0.058,1.47,0.147
LE 058D 04 S,LE 058D 04 S,LE058D04S,Extension Spring,11,Stock,,Yes,Yes,Yes,Yes,Yes,Yes,Yes,Yes,Yes,Standard Extension Series (inch),NR,Stainless Steel,SS,ASTM A313,0.375,0.375,9.53,0.953,0.01,0.01,0.25,0.025,1.375,1.375,34.93,3.493,0.035,0.035,0.89,0.089,31.74,31.74,5.559,55.59,0.5668,5.668,566.8,5668,3.174,3.174,0.5559,5.559,0.05668,0.5668,56.68,566.8,0.259,0.259,6.58,0.658,REF,Reference,Reference,Reference,13.9906,14,0.058,0.058,1.47,0.147,Standard Loops,2.0825,2.0825,9.263,0.9446,944.6,0.4165,0.4165,1.8527,0.18892,188.92,16.66,16.66,74.107,7.557,7557,1.835,1.835,46.61,4.661,0.857,0.857,21.77,2.177,Factory Option,Passivate per ASTM A967,0.01281,0.259,0.259,6.58,0.658,Random,0.058,0.058,1.47,0.147
LE 058D 04 S316,LE 058D 04 S316,LE058D04S316,Extension Spring,11,Stock,,Yes,Yes,Yes,Yes,Yes,Yes,Yes,Yes,Yes,Standard Extension Series (inch),NR,Stainless Steel Type 316,SS 316,ASTM A313,0.375,0.375,9.53,0.953,0.01,0.01,0.25,0.025,1.375,1.375,34.93,3.493,0.035,0.035,0.89,0.089,31.74,31.74,5.559,55.59,0.5668,5.668,566.8,5668,3.174,3.174,0.5559,5.559,0.05668,0.5668,56.68,566.8,0.259,0.259,6.58,0.658,REF,Reference,Reference,Reference,13.9906,14,0.058,0.058,1.47,0.147,Standard Loops,2.0825,2.0825,9.263,0.9446,944.6,0.4165,0.4165,1.8527,0.18892,188.92,12.495,12.495,55.581,5.6677,5667.7,1.703,1.703,43.26,4.326,0.857,0.857,21.77,2.177,Factory Option,Ultrasonically Passivate with Citric Acid for 10 mins At 131 Deg F,0.01281,0.259,0.259,6.58,0.658,Random,0.058,0.058,1.47,0.147
LE 058D 05 M,LE 058D 05 M,LE058D05M,Extension Spring,11,Stock,,Yes,Yes,Yes,Yes,Yes,Yes,Yes,Yes,Yes,Standard Extension Series (inch),NR,Music Wire,MW,ASTM A228,0.375,0.375,9.53,0.953,0.01,0.01,0.25,0.025,1.5,1.5,38.1,3.81,0.035,0.035,0.89,0.089,33.3,33.3,5.832,58.32,0.5947,5.947,594.7,5947,3.33,3.33,0.5832,5.832,0.05947,0.5947,59.47,594.7,0.259,0.259,6.58,0.658,REF,Reference,Reference,Reference,16.0022,16,0.058,0.058,1.47,0.147,Standard Loops,2.5,2.5,11.121,1.134,1134,0.5,0.5,2.2241,0.2268,226.8,20,20,88.964,9.072,9072,2.03,2.03,51.56,5.156,0.982,0.982,24.94,2.494,Factory Option,Zinc Plate and Bake per ASTM B633,0.01415,0.259,0.259,6.58,0.658,Random,0.058,0.058,1.47,0.147
LE 058D 05 S,LE 058D 05 S,LE058D05S,Extension Spring,11,Stock,,Yes,Yes,Yes,Yes,Yes,Yes,Yes,Yes,Yes,Standard Extension Series (inch),NR,Stainless Steel,SS,ASTM A313,0.375,0.375,9.53,0.953,0.01,0.01,0.25,0.025,1.5,1.5,38.1,3.81,0.035,0.035,0.89,0.089,27.74,27.74,4.858,48.58,0.4954,4.954,495.4,4954,2.774,2.774,0.4858,4.858,0.04954,0.4954,49.54,495.4,0.259,0.259,6.58,0.658,REF,Reference,Reference,Reference,16.008,16,0.058,0.058,1.47,0.147,Standard Loops,2.0825,2.0825,9.263,0.9446,944.6,0.4165,0.4165,1.8527,0.18892,188.92,16.66,16.66,74.107,7.557,7557,2.03,2.03,51.56,5.156,0.982,0.982,24.94,2.494,Factory Option,Passivate per ASTM A967,0.01442,0.259,0.259,6.58,0.658,Random,0.058,0.058,1.47,0.147
LE 058D 05 S316,LE 058D 05 S316,LE058D05S316,Extension Spring,11,Stock,,Yes,Yes,Yes,Yes,Yes,Yes,Yes,Yes,Yes,Standard Extension Series (inch),NR,Stainless Steel Type 316,SS 316,ASTM A313,0.375,0.375,9.53,0.953,0.01,0.01,0.25,0.025,1.5,1.5,38.1,3.81,0.035,0.035,0.89,0.089,27.74,27.74,4.858,48.58,0.4954,4.954,495.4,4954,2.774,2.774,0.4858,4.858,0.04954,0.4954,49.54,495.4,0.259,0.259,6.58,0.658,REF,Reference,Reference,Reference,16.008,16,0.058,0.058,1.47,0.147,Standard Loops,2.0825,2.0825,9.263,0.9446,944.6,0.4165,0.4165,1.8527,0.18892,188.92,12.495,12.495,55.581,5.6677,5667.7,1.875,1.875,47.63,4.763,0.982,0.982,24.94,2.494,Factory Option,Ultrasonically Passivate with Citric Acid for 10 mins At 131 Deg F,0.01442,0.259,0.259,6.58,0.658,Random,0.058,0.058,1.47,0.147
LE 058D 06 M,LE 058D 06 M,LE058D06M,Extension Spring,11,Stock,,Yes,Yes,Yes,Yes,Yes,Yes,Yes,Yes,Yes,Standard Extension Series (inch),NR,Music Wire,MW,ASTM A228,0.375,0.375,9.53,0.953,0.01,0.01,0.25,0.025,1.75,1.75,44.45,4.445,0.04,0.04,1.02,0.102,26,26,4.553,45.53,0.4643,4.643,464.3,4643,2.6,2.6,0.4553,4.553,0.04643,0.4643,46.43,464.3,0.259,0.259,6.58,0.658,REF,Reference,Reference,Reference,20.4951,20.5,0.058,0.058,1.47,0.147,Standard Loops,2.5,2.5,11.121,1.134,1134,0.5,0.5,2.2241,0.2268,226.8,20,20,88.964,9.072,9072,2.42,2.42,61.47,6.147,1.232,1.232,31.29,3.129,Factory Option,Zinc Plate and Bake per ASTM B633,0.01768,0.259,0.259,6.58,0.658,Random,0.058,0.058,1.47,0.147
LE 058D 06 S,LE 058D 06 S,LE058D06S,Extension Spring,11,Stock,,Yes,Yes,Yes,Yes,Yes,Yes,Yes,Yes,Yes,Standard Extension Series (inch),NR,Stainless Steel,SS,ASTM A313,0.375,0.375,9.53,0.953,0.01,0.01,0.25,0.025,1.75,1.75,44.45,4.445,0.04,0.04,1.02,0.102,21.66,21.66,3.793,37.93,0.3868,3.868,386.8,3868,2.166,2.166,0.3793,3.793,0.03868,0.3868,38.68,386.8,0.259,0.259,6.58,0.658,REF,Reference,Reference,Reference,20.5015,20.5,0.058,0.058,1.47,0.147,Standard Loops,2.0825,2.0825,9.263,0.9446,944.6,0.4165,0.4165,1.8527,0.18892,188.92,16.66,16.66,74.107,7.557,7557,2.42,2.42,61.47,6.147,1.232,1.232,31.29,3.129,Factory Option,Passivate per ASTM A967,0.01802,0.259,0.259,6.58,0.658,Random,0.058,0.058,1.47,0.147
LE 058D 06 S316,LE 058D 06 S316,LE058D06S316,Extension Spring,11,Stock,,Yes,Yes,Yes,Yes,Yes,Yes,Yes,Yes,Yes,Standard Extension Series (inch),NR,Stainless Steel Type 316,SS 316,ASTM A313,0.375,0.375,9.53,0.953,0.01,0.01,0.25,0.025,1.75,1.75,44.45,4.445,0.04,0.04,1.02,0.102,21.66,21.66,3.793,37.93,0.3868,3.868,386.8,3868,2.166,2.166,0.3793,3.793,0.03868,0.3868,38.68,386.8,0.259,0.259,6.58,0.658,REF,Reference,Reference,Reference,20.5015,20.5,0.058,0.058,1.47,0.147,Standard Loops,2.0825,2.0825,9.263,0.9446,944.6,0.4165,0.4165,1.8527,0.18892,188.92,12.495,12.495,55.581,5.6677,5667.7,2.23,2.23,56.64,5.664,1.232,1.232,31.29,3.129,Factory Option,Ultrasonically Passivate with Citric Acid for 10 mins At 131 Deg F,0.01802,0.259,0.259,6.58,0.658,Random,0.058,0.058,1.47,0.147
LE 058D 07 M,LE 058D 07 M,LE058D07M,Extension Spring,11,Stock,,Yes,Yes,Yes,Yes,Yes,Yes,Yes,Yes,Yes,Standard Extension Series (inch),NR,Music Wire,MW,ASTM A228,0.375,0.375,9.53,0.953,0.01,0.01,0.25,0.025,2,2,50.8,5.08,0.04,0.04,1.02,0.102,21.8,21.8,3.818,38.18,0.3893,3.893,389.3,3893,2.18,2.18,0.3818,3.818,0.03893,0.3893,38.93,389.3,0.259,0.259,6.58,0.658,REF,Reference,Reference,Reference,24.4438,24.4,0.058,0.058,1.47,0.147,Standard Loops,2.5,2.5,11.121,1.134,1134,0.5,0.5,2.2241,0.2268,226.8,20,20,88.964,9.072,9072,2.8,2.8,71.12,7.112,1.482,1.482,37.64,3.764,Factory Option,Zinc Plate and Bake per ASTM B633,0.02079,0.259,0.259,6.58,0.658,Random,0.058,0.058,1.47,0.147
LE 058D 07 S,LE 058D 07 S,LE058D07S,Extension Spring,11,Stock,,Yes,Yes,Yes,Yes,Yes,Yes,Yes,Yes,Yes,Standard Extension Series (inch),NR,Stainless Steel,SS,ASTM A313,0.375,0.375,9.53,0.953,0.01,0.01,0.25,0.025,2,2,50.8,5.08,0.04,0.04,1.02,0.102,18.16,18.16,3.18,31.8,0.3243,3.243,324.3,3243,1.816,1.816,0.318,3.18,0.03243,0.3243,32.43,324.3,0.259,0.259,6.58,0.658,REF,Reference,Reference,Reference,24.4527,24.5,0.058,0.058,1.47,0.147,Standard Loops,2.0825,2.0825,9.263,0.9446,944.6,0.4165,0.4165,1.8527,0.18892,188.92,16.66,16.66,74.107,7.557,7557,2.8,2.8,71.12,7.112,1.482,1.482,37.64,3.764,Factory Option,Passivate per ASTM A967,0.02119,0.259,0.259,6.58,0.658,Random,0.058,0.058,1.47,0.147
LE 058D 07 S316,LE 058D 07 S316,LE058D07S316,Extension Spring,11,Stock,,Yes,Yes,Yes,Yes,Yes,Yes,Yes,Yes,Yes,Standard Extension Series (inch),NR,Stainless Steel Type 316,SS 316,ASTM A313,0.375,0.375,9.53,0.953,0.01,0.01,0.25,0.025,2,2,50.8,5.08,0.04,0.04,1.02,0.102,18.16,18.16,3.18,31.8,0.3243,3.243,324.3,3243,1.816,1.816,0.318,3.18,0.03243,0.3243,32.43,324.3,0.259,0.259,6.58,0.658,REF,Reference,Reference,Reference,24.4527,24.5,0.058,0.058,1.47,0.147,Standard Loops,2.0825,2.0825,9.263,0.9446,944.6,0.4165,0.4165,1.8527,0.18892,188.92,12.495,12.495,55.581,5.6677,5667.7,2.573,2.573,65.35,6.535,1.482,1.482,37.64,3.764,Factory Option,Ultrasonically Passivate with Citric Acid for 10 mins At 131 Deg F,0.02119,0.259,0.259,6.58,0.658,Random,0.058,0.058,1.47,0.147
LE 058D 08 M,LE 058D 08 M,LE058D08M,Extension Spring,11,Stock,,Yes,Yes,Yes,Yes,Yes,Yes,Yes,Yes,Yes,Standard Extension Series (inch),NR,Music Wire,MW,ASTM A228,0.375,0.375,9.53,0.953,0.01,0.01,0.25,0.025,2.25,2.25,57.15,5.715,0.05,0.05,1.27,0.127,18.4,18.4,3.222,32.22,0.3286,3.286,328.6,3286,1.84,1.84,0.3222,3.222,0.03286,0.3286,32.86,328.6,0.259,0.259,6.58,0.658,REF,Reference,Reference,Reference,28.9606,29,0.058,0.058,1.47,0.147,Standard Loops,2.5,2.5,11.121,1.134,1134,0.5,0.5,2.2241,0.2268,226.8,20,20,88.964,9.072,9072,3.2,3.2,81.28,8.128,1.732,1.732,43.99,4.399,Factory Option,Zinc Plate and Bake per ASTM B633,0.02434,0.259,0.259,6.58,0.658,Random,0.058,0.058,1.47,0.147
LE 058D 08 S,LE 058D 08 S,LE058D08S,Extension Spring,11,Stock,,Yes,Yes,Yes,Yes,Yes,Yes,Yes,Yes,Yes,Standard Extension Series (inch),NR,Stainless Steel,SS,ASTM A313,0.375,0.375,9.53,0.953,0.01,0.01,0.25,0.025,2.25,2.25,57.15,5.715,0.05,0.05,1.27,0.127,15.33,15.33,2.685,26.85,0.2738,2.738,273.8,2738,1.533,1.533,0.2685,2.685,0.02738,0.2738,27.38,273.8,0.259,0.259,6.58,0.658,REF,Reference,Reference,Reference,28.9669,29,0.058,0.058,1.47,0.147,Standard Loops,2.0825,2.0825,9.263,0.9446,944.6,0.4165,0.4165,1.8527,0.18892,188.92,16.66,16.66,74.107,7.557,7557,3.2,3.2,81.28,8.128,1.732,1.732,43.99,4.399,Factory Option,Passivate per ASTM A967,0.0248,0.259,0.259,6.58,0.658,Random,0.058,0.058,1.47,0.147
LE 058D 08 S316,LE 058D 08 S316,LE058D08S316,Extension Spring,11,Stock,,Yes,Yes,Yes,Yes,Yes,Yes,Yes,Yes,Yes,Standard Extension Series (inch),NR,Stainless Steel Type 316,SS 316,ASTM A313,0.375,0.375,9.53,0.953,0.01,0.01,0.25,0.025,2.25,2.25,57.15,5.715,0.05,0.05,1.27,0.127,15.33,15.33,2.685,26.85,0.2738,2.738,273.8,2738,1.533,1.533,0.2685,2.685,0.02738,0.2738,27.38,273.8,0.259,0.259,6.58,0.658,REF,Reference,Reference,Reference,28.9669,29,0.058,0.058,1.47,0.147,Standard Loops,2.0825,2.0825,9.263,0.9446,944.6,0.4165,0.4165,1.8527,0.18892,188.92,12.495,12.495,55.581,5.6677,5667.7,2.929,2.929,74.4,7.44,1.732,1.732,43.99,4.399,Factory Option,Ultrasonically Passivate with Citric Acid for 10 mins At 131 Deg F,0.0248,0.259,0.259,6.58,0.658,Random,0.058,0.058,1.47,0.147
LE 058D 09 M,LE 058D 09 M,LE058D09M,Extension Spring,11,Stock,,Yes,Yes,Yes,Yes,Yes,Yes,Yes,Yes,Yes,Standard Extension Series (inch),NR,Music Wire,MW,ASTM A228,0.375,0.375,9.53,0.953,0.01,0.01,0.25,0.025,2.5,2.5,63.5,6.35,0.05,0.05,1.27,0.127,15.9,15.9,2.785,27.85,0.2839,2.839,283.9,2839,1.59,1.59,0.2785,2.785,0.02839,0.2839,28.39,283.9,0.259,0.259,6.58,0.658,REF,Reference,Reference,Reference,33.5141,33.5,0.058,0.058,1.47,0.147,Standard Loops,2.5,2.5,11.121,1.134,1134,0.5,0.5,2.2241,0.2268,226.8,20,20,88.964,9.072,9072,3.6,3.6,91.44,9.144,1.982,1.982,50.34,5.034,Factory Option,Zinc Plate and Bake per ASTM B633,0.02792,0.259,0.259,6.58,0.658,Random,0.058,0.058,1.47,0.147
LE 058D 09 S,LE 058D 09 S,LE058D09S,Extension Spring,11,Stock,,Yes,Yes,Yes,Yes,Yes,Yes,Yes,Yes,Yes,Standard Extension Series (inch),NR,Stainless Steel,SS,ASTM A313,0.375,0.375,9.53,0.953,0.01,0.01,0.25,0.025,2.5,2.5,63.5,6.35,0.05,0.05,1.27,0.127,13.24,13.24,2.319,23.19,0.2364,2.364,236.4,2364,1.324,1.324,0.2319,2.319,0.02364,0.2364,23.64,236.4,0.259,0.259,6.58,0.658,REF,Reference,Reference,Reference,33.5394,33.5,0.058,0.058,1.47,0.147,Standard Loops,2.0825,2.0825,9.263,0.9446,944.6,0.4165,0.4165,1.8527,0.18892,188.92,16.66,16.66,74.107,7.557,7557,3.6,3.6,91.44,9.144,1.982,1.982,50.34,5.034,Factory Option,Passivate per ASTM A967,0.02847,0.259,0.259,6.58,0.658,Random,0.058,0.058,1.47,0.147
LE 058D 09 S316,LE 058D 09 S316,LE058D09S316,Extension Spring,11,Stock,,Yes,Yes,Yes,Yes,Yes,Yes,Yes,Yes,Yes,Standard Extension Series (inch),NR,Stainless Steel Type 316,SS 316,ASTM A313,0.375,0.375,9.53,0.953,0.01,0.01,0.25,0.025,2.5,2.5,63.5,6.35,0.05,0.05,1.27,0.127,13.24,13.24,2.319,23.19,0.2364,2.364,236.4,2364,1.324,1.324,0.2319,2.319,0.02364,0.2364,23.64,236.4,0.259,0.259,6.58,0.658,REF,Reference,Reference,Reference,33.5394,33.5,0.058,0.058,1.47,0.147,Standard Loops,2.0825,2.0825,9.263,0.9446,944.6,0.4165,0.4165,1.8527,0.18892,188.92,12.495,12.495,55.581,5.6677,5667.7,3.286,3.286,83.46,8.346,1.982,1.982,50.34,5.034,Factory Option,Ultrasonically Passivate with Citric Acid for 10 mins At 131 Deg F,0.02847,0.259,0.259,6.58,0.658,Random,0.058,0.058,1.47,0.147
LE 058D 10 M,LE 058D 10 M,LE058D10M,Extension Spring,11,Stock,,Yes,Yes,Yes,Yes,Yes,Yes,Yes,Yes,Yes,Standard Extension Series (inch),NR,Music Wire,MW,ASTM A228,0.375,0.375,9.53,0.953,0.01,0.01,0.25,0.025,2.75,2.75,69.85,6.985,0.05,0.05,1.27,0.127,14.2,14.2,2.487,24.87,0.2536,2.536,253.6,2536,1.42,1.42,0.2487,2.487,0.02536,0.2536,25.36,253.6,0.259,0.259,6.58,0.658,REF,Reference,Reference,Reference,37.5264,37.5,0.058,0.058,1.47,0.147,Standard Loops,2.5,2.5,11.121,1.134,1134,0.5,0.5,2.2241,0.2268,226.8,20,20,88.964,9.072,9072,3.98,3.98,101.09,10.109,2.232,2.232,56.69,5.669,Factory Option,Zinc Plate and Bake per ASTM B633,0.03107,0.259,0.259,6.58,0.658,Random,0.058,0.058,1.47,0.147
LE 058D 10 S,LE 058D 10 S,LE058D10S,Extension Spring,11,Stock,,Yes,Yes,Yes,Yes,Yes,Yes,Yes,Yes,Yes,Standard Extension Series (inch),NR,Stainless Steel,SS,ASTM A313,0.375,0.375,9.53,0.953,0.01,0.01,0.25,0.025,2.75,2.75,69.85,6.985,0.05,0.05,1.27,0.127,11.83,11.83,2.072,20.72,0.2113,2.113,211.3,2113,1.183,1.183,0.2072,2.072,0.02113,0.2113,21.13,211.3,0.259,0.259,6.58,0.658,REF,Reference,Reference,Reference,37.5369,37.5,0.058,0.058,1.47,0.147,Standard Loops,2.0825,2.0825,9.263,0.9446,944.6,0.4165,0.4165,1.8527,0.18892,188.92,16.66,16.66,74.107,7.557,7557,3.98,3.98,101.09,10.109,2.232,2.232,56.69,5.669,Factory Option,Passivate per ASTM A967,0.03167,0.259,0.259,6.58,0.658,Random,0.058,0.058,1.47,0.147
LE 058D 10 S316,LE 058D 10 S316,LE058D10S316,Extension Spring,11,Stock,,Yes,Yes,Yes,Yes,Yes,Yes,Yes,Yes,Yes,Standard Extension Series (inch),NR,Stainless Steel Type 316,SS 316,ASTM A313,0.375,0.375,9.53,0.953,0.01,0.01,0.25,0.025,2.75,2.75,69.85,6.985,0.05,0.05,1.27,0.127,11.83,11.83,2.072,20.72,0.2113,2.113,211.3,2113,1.183,1.183,0.2072,2.072,0.02113,0.2113,21.13,211.3,0.259,0.259,6.58,0.658,REF,Reference,Reference,Reference,37.5369,37.5,0.058,0.058,1.47,0.147,Standard Loops,2.0825,2.0825,9.263,0.9446,944.6,0.4165,0.4165,1.8527,0.18892,188.92,12.495,12.495,55.581,5.6677,5667.7,3.63,3.63,92.2,9.22,2.232,2.232,56.69,5.669,Factory Option,Ultrasonically Passivate with Citric Acid for 10 mins At 131 Deg F,0.03167,0.259,0.259,6.58,0.658,Random,0.058,0.058,1.47,0.147
LE 058D 11 M,LE 058D 11 M,LE058D11M,Extension Spring,11,Stock,,Yes,Yes,Yes,Yes,Yes,Yes,Yes,Yes,Yes,Standard Extension Series (inch),NR,Music Wire,MW,ASTM A228,0.375,0.375,9.53,0.953,0.01,0.01,0.25,0.025,3,3,76.2,7.62,0.05,0.05,1.27,0.127,12.7,12.7,2.224,22.24,0.2268,2.268,226.8,2268,1.27,1.27,0.2224,2.224,0.02268,0.2268,22.68,226.8,0.259,0.259,6.58,0.658,REF,Reference,Reference,Reference,41.9586,42,0.058,0.058,1.47,0.147,Standard Loops,2.5,2.5,11.121,1.134,1134,0.5,0.5,2.2241,0.2268,226.8,20,20,88.964,9.072,9072,4.38,4.38,111.25,11.125,2.482,2.482,63.04,6.304,Factory Option,Zinc Plate and Bake per ASTM B633,0.03455,0.259,0.259,6.58,0.658,Random,0.058,0.058,1.47,0.147
LE 058D 11 S,LE 058D 11 S,LE058D11S,Extension Spring,11,Stock,,Yes,Yes,Yes,Yes,Yes,Yes,Yes,Yes,Yes,Standard Extension Series (inch),NR,Stainless Steel,SS,ASTM A313,0.375,0.375,9.53,0.953,0.01,0.01,0.25,0.025,3,3,76.2,7.62,0.05,0.05,1.27,0.127,10.58,10.58,1.853,18.53,0.1889,1.889,188.9,1889,1.058,1.058,0.1853,1.853,0.01889,0.1889,18.89,188.9,0.259,0.259,6.58,0.658,REF,Reference,Reference,Reference,41.9718,42,0.058,0.058,1.47,0.147,Standard Loops,2.0825,2.0825,9.263,0.9446,944.6,0.4165,0.4165,1.8527,0.18892,188.92,16.66,16.66,74.107,7.557,7557,4.38,4.38,111.25,11.125,2.482,2.482,63.04,6.304,Factory Option,Passivate per ASTM A967,0.03522,0.259,0.259,6.58,0.658,Random,0.058,0.058,1.47,0.147
LE 058D 11 S316,LE 058D 11 S316,LE058D11S316,Extension Spring,11,Stock,,Yes,Yes,Yes,Yes,Yes,Yes,Yes,Yes,Yes,Standard Extension Series (inch),NR,Stainless Steel Type 316,SS 316,ASTM A313,0.375,0.375,9.53,0.953,0.01,0.01,0.25,0.025,3,3,76.2,7.62,0.05,0.05,1.27,0.127,10.58,10.58,1.853,18.53,0.1889,1.889,188.9,1889,1.058,1.058,0.1853,1.853,0.01889,0.1889,18.89,188.9,0.259,0.259,6.58,0.658,REF,Reference,Reference,Reference,41.9718,42,0.058,0.058,1.47,0.147,Standard Loops,2.0825,2.0825,9.263,0.9446,944.6,0.4165,0.4165,1.8527,0.18892,188.92,12.495,12.495,55.581,5.6677,5667.7,3.984,3.984,101.19,10.119,2.482,2.482,63.04,6.304,Factory Option,Ultrasonically Passivate with Citric Acid for 10 mins At 131 Deg F,0.03522,0.259,0.259,6.58,0.658,Random,0.058,0.058,1.47,0.147
LE 058D 12 M,LE 058D 12 M,LE058D12M,Extension Spring,11,Stock,,Yes,Yes,Yes,Yes,Yes,Yes,Yes,Yes,Yes,Standard Extension Series (inch),NR,Music Wire,MW,ASTM A228,0.375,0.375,9.53,0.953,0.01,0.01,0.25,0.025,3.5,3.5,88.9,8.89,0.06,0.06,1.52,0.152,10.57,10.57,1.851,18.51,0.1888,1.888,188.8,1888,1.057,1.057,0.1851,1.851,0.01888,0.1888,18.88,188.8,0.259,0.259,6.58,0.658,REF,Reference,Reference,Reference,50.41,50.4,0.058,0.058,1.47,0.147,Standard Loops,2.5,2.5,11.121,1.134,1134,0.5,0.5,2.2241,0.2268,226.8,20,20,88.964,9.072,9072,5.156,5.156,130.96,13.096,2.982,2.982,75.74,7.574,Factory Option,Zinc Plate and Bake per ASTM B633,0.0412,0.259,0.259,6.58,0.658,Random,0.058,0.058,1.47,0.147
LE 058D 12 S,LE 058D 12 S,LE058D12S,Extension Spring,11,Stock,,Yes,Yes,Yes,Yes,Yes,Yes,Yes,Yes,Yes,Standard Extension Series (inch),NR,Stainless Steel,SS,ASTM A313,0.375,0.375,9.53,0.953,0.01,0.01,0.25,0.025,3.5,3.5,88.9,8.89,0.093,0.093,2.36,0.236,8.8099,8.81,1.543,15.43,0.1573,1.573,157.3,1573,0.881,0.881,0.1543,1.543,0.01573,0.1573,15.73,157.3,0.259,0.259,6.58,0.658,REF,Reference,Reference,Reference,50.4,50.4,0.058,0.058,1.47,0.147,Standard Loops,2.0825,2.0825,9.263,0.9446,944.6,0.4165,0.4165,1.8527,0.18892,188.92,16.66,16.66,74.107,7.557,7557,5.155,5.155,130.94,13.094,2.982,2.982,75.74,7.574,Factory Option,Passivate per ASTM A967,0.042,0.259,0.259,6.58,0.658,Random,0.058,0.058,1.47,0.147
LE 058D 12 S316,LE 058D 12 S316,LE058D12S316,Extension Spring,11,Stock,,Yes,Yes,Yes,Yes,Yes,Yes,Yes,Yes,Yes,Standard Extension Series (inch),NR,Stainless Steel Type 316,SS 316,ASTM A313,0.375,0.375,9.53,0.953,0.01,0.01,0.25,0.025,3.5,3.5,88.9,8.89,0.093,0.093,2.36,0.236,8.8099,8.81,1.543,15.43,0.1573,1.573,157.3,1573,0.881,0.881,0.1543,1.543,0.01573,0.1573,15.73,157.3,0.259,0.259,6.58,0.658,REF,Reference,Reference,Reference,50.4,50.4,0.058,0.058,1.47,0.147,Standard Loops,2.0825,2.0825,9.263,0.9446,944.6,0.4165,0.4165,1.8527,0.18892,188.92,12.495,12.495,55.581,5.6677,5667.7,4.681,4.681,118.9,11.89,2.982,2.982,75.74,7.574,Factory Option,Ultrasonically Passivate with Citric Acid for 10 mins At 131 Deg F,0.042,0.259,0.259,6.58,0.658,Random,0.058,0.058,1.47,0.147
LE 058D 13 M,LE 058D 13 M,LE058D13M,Extension Spring,11,Stock,,Yes,Yes,Yes,Yes,Yes,Yes,Yes,Yes,Yes,Standard Extension Series (inch),NR,Music Wire,MW,ASTM A228,0.375,0.375,9.53,0.953,0.01,0.01,0.25,0.025,4,4,101.6,10.16,0.06,0.06,1.52,0.152,9.03,9.03,1.581,15.81,0.1613,1.613,161.3,1613,0.903,0.903,0.1581,1.581,0.01613,0.1613,16.13,161.3,0.259,0.259,6.58,0.658,REF,Reference,Reference,Reference,59.01,59,0.058,0.058,1.47,0.147,Standard Loops,2.5,2.5,11.121,1.134,1134,0.5,0.5,2.2241,0.2268,226.8,20,20,88.964,9.072,9072,5.938,5.938,150.83,15.083,3.482,3.482,88.44,8.844,Factory Option,Zinc Plate and Bake per ASTM B633,0.048,0.259,0.259,6.58,0.658,Random,0.058,0.058,1.47,0.147
LE 058D 13 S,LE 058D 13 S,LE058D13S,Extension Spring,11,Stock,,Yes,Yes,Yes,Yes,Yes,Yes,Yes,Yes,Yes,Standard Extension Series (inch),NR,Stainless Steel,SS,ASTM A313,0.375,0.375,9.53,0.953,0.01,0.01,0.25,0.025,4,4,101.6,10.16,0.093,0.093,2.36,0.236,7.525,7.525,1.318,13.18,0.1344,1.344,134.4,1344,0.753,0.753,0.1319,1.319,0.01345,0.1345,13.45,134.5,0.259,0.259,6.58,0.658,REF,Reference,Reference,Reference,59.01,59,0.058,0.058,1.47,0.147,Standard Loops,2.0825,2.0825,9.263,0.9446,944.6,0.4165,0.4165,1.8527,0.18892,188.92,16.66,16.66,74.107,7.557,7557,5.938,5.938,150.83,15.083,3.482,3.482,88.44,8.844,Factory Option,Passivate per ASTM A967,0.0489,0.259,0.259,6.58,0.658,Random,0.058,0.058,1.47,0.147
LE 058D 13 S316,LE 058D 13 S316,LE058D13S316,Extension Spring,11,Stock,,Yes,Yes,Yes,Yes,Yes,Yes,Yes,Yes,Yes,Standard Extension Series (inch),NR,Stainless Steel Type 316,SS 316,ASTM A313,0.375,0.375,9.53,0.953,0.01,0.01,0.25,0.025,4,4,101.6,10.16,0.093,0.093,2.36,0.236,7.525,7.525,1.318,13.18,0.1344,1.344,134.4,1344,0.753,0.753,0.1319,1.319,0.01345,0.1345,13.45,134.5,0.259,0.259,6.58,0.658,REF,Reference,Reference,Reference,59.01,59,0.058,0.058,1.47,0.147,Standard Loops,2.0825,2.0825,9.263,0.9446,944.6,0.4165,0.4165,1.8527,0.18892,188.92,12.495,12.495,55.581,5.6677,5667.7,5.383,5.383,136.73,13.673,3.482,3.482,88.44,8.844,Factory Option,Ultrasonically Passivate with Citric Acid for 10 mins At 131 Deg F,0.0489,0.259,0.259,6.58,0.658,Random,0.058,0.058,1.47,0.147
LE 058D 14 M,LE 058D 14 M,LE058D14M,Extension Spring,11,Stock,,Yes,Yes,Yes,Yes,Yes,Yes,Yes,Yes,Yes,Standard Extension Series (inch),NR,Music Wire,MW,ASTM A228,0.375,0.375,9.53,0.953,0.01,0.01,0.25,0.025,4.5,4.5,114.3,11.43,0.093,0.093,2.36,0.236,7.88,7.88,1.38,13.8,0.1407,1.407,140.7,1407,0.788,0.788,0.138,1.38,0.01407,0.1407,14.07,140.7,0.259,0.259,6.58,0.658,REF,Reference,Reference,Reference,67.62,67.6,0.058,0.058,1.47,0.147,Standard Loops,2.5,2.5,11.121,1.134,1134,0.5,0.5,2.2241,0.2268,226.8,20,20,88.964,9.072,9072,6.721,6.721,170.71,17.071,3.982,3.982,101.14,10.114,Factory Option,Zinc Plate and Bake per ASTM B633,0.055,0.259,0.259,6.58,0.658,Random,0.058,0.058,1.47,0.147
LE 058D 14 S,LE 058D 14 S,LE058D14S,Extension Spring,11,Stock,,Yes,Yes,Yes,Yes,Yes,Yes,Yes,Yes,Yes,Standard Extension Series (inch),NR,Stainless Steel,SS,ASTM A313,0.375,0.375,9.53,0.953,0.01,0.01,0.25,0.025,4.5,4.5,114.3,11.43,0.093,0.093,2.36,0.236,6.5669,6.567,1.15,11.5,0.1173,1.173,117.3,1173,0.657,0.657,0.1151,1.151,0.01173,0.1173,11.73,117.3,0.259,0.259,6.58,0.658,REF,Reference,Reference,Reference,67.62,67.6,0.058,0.058,1.47,0.147,Standard Loops,2.0825,2.0825,9.263,0.9446,944.6,0.4165,0.4165,1.8527,0.18892,188.92,16.66,16.66,74.107,7.557,7557,6.721,6.721,170.71,17.071,3.982,3.982,101.14,10.114,Factory Option,Passivate per ASTM A967,0.056,0.259,0.259,6.58,0.658,Random,0.058,0.058,1.47,0.147
LE 058D 14 S316,LE 058D 14 S316,LE058D14S316,Extension Spring,11,Stock,,Yes,Yes,Yes,Yes,Yes,Yes,Yes,Yes,Yes,Standard Extension Series (inch),NR,Stainless Steel Type 316,SS 316,ASTM A313,0.375,0.375,9.53,0.953,0.01,0.01,0.25,0.025,4.5,4.5,114.3,11.43,0.093,0.093,2.36,0.236,6.5669,6.567,1.15,11.5,0.1173,1.173,117.3,1173,0.657,0.657,0.1151,1.151,0.01173,0.1173,11.73,117.3,0.259,0.259,6.58,0.658,REF,Reference,Reference,Reference,67.62,67.6,0.058,0.058,1.47,0.147,Standard Loops,2.0825,2.0825,9.263,0.9446,944.6,0.4165,0.4165,1.8527,0.18892,188.92,12.495,12.495,55.581,5.6677,5667.7,6.085,6.085,154.56,15.456,3.982,3.982,101.14,10.114,Factory Option,Ultrasonically Passivate with Citric Acid for 10 mins At 131 Deg F,0.056,0.259,0.259,6.58,0.658,Random,0.058,0.058,1.47,0.147
LE 058D 15 M,LE 058D 15 M,LE058D15M,Extension Spring,11,Stock,,Yes,Yes,Yes,Yes,Yes,Yes,Yes,Yes,Yes,Standard Extension Series (inch),NR,Music Wire,MW,ASTM A228,0.375,0.375,9.53,0.953,0.01,0.01,0.25,0.025,5,5,127,12.7,0.093,0.093,2.36,0.236,6.99,6.99,1.224,12.24,0.1248,1.248,124.8,1248,0.699,0.699,0.1224,1.224,0.01248,0.1248,12.48,124.8,0.259,0.259,6.58,0.658,REF,Reference,Reference,Reference,76.23,76.2,0.058,0.058,1.47,0.147,Standard Loops,2.5,2.5,11.121,1.134,1134,0.5,0.5,2.2241,0.2268,226.8,20,20,88.964,9.072,9072,7.504,7.504,190.6,19.06,4.482,4.482,113.84,11.384,Factory Option,Zinc Plate and Bake per ASTM B633,0.061,0.259,0.259,6.58,0.658,Random,0.058,0.058,1.47,0.147
LE 058D 15 S,LE 058D 15 S,LE058D15S,Extension Spring,11,Stock,,Yes,Yes,Yes,Yes,Yes,Yes,Yes,Yes,Yes,Standard Extension Series (inch),NR,Stainless Steel,SS,ASTM A313,0.375,0.375,9.53,0.953,0.01,0.01,0.25,0.025,5,5,127,12.7,0.093,0.093,2.36,0.236,5.8251,5.825,1.02,10.2,0.104,1.04,104,1040,0.583,0.583,0.1021,1.021,0.01041,0.1041,10.41,104.1,0.259,0.259,6.58,0.658,REF,Reference,Reference,Reference,76.23,76.2,0.058,0.058,1.47,0.147,Standard Loops,2.0825,2.0825,9.263,0.9446,944.6,0.4165,0.4165,1.8527,0.18892,188.92,16.66,16.66,74.107,7.557,7557,7.504,7.504,190.6,19.06,4.482,4.482,113.84,11.384,Factory Option,Passivate per ASTM A967,0.063,0.259,0.259,6.58,0.658,Random,0.058,0.058,1.47,0.147
LE 058D 15 S316,LE 058D 15 S316,LE058D15S316,Extension Spring,11,Stock,,Yes,Yes,Yes,Yes,Yes,Yes,Yes,Yes,Yes,Standard Extension Series (inch),NR,Stainless Steel Type 316,SS 316,ASTM A313,0.375,0.375,9.53,0.953,0.01,0.01,0.25,0.025,5,5,127,12.7,0.093,0.093,2.36,0.236,5.8251,5.825,1.02,10.2,0.104,1.04,104,1040,0.583,0.583,0.1021,1.021,0.01041,0.1041,10.41,104.1,0.259,0.259,6.58,0.658,REF,Reference,Reference,Reference,76.23,76.2,0.058,0.058,1.47,0.147,Standard Loops,2.0825,2.0825,9.263,0.9446,944.6,0.4165,0.4165,1.8527,0.18892,188.92,12.495,12.495,55.581,5.6677,5667.7,6.787,6.787,172.39,17.239,4.482,4.482,113.84,11.384,Factory Option,Ultrasonically Passivate with Citric Acid for 10 mins At 131 Deg F,0.063,0.259,0.259,6.58,0.658,Random,0.058,0.058,1.47,0.147
LE 058D 16 M,LE 058D 16 M,LE058D16M,Extension Spring,11,Stock,,Yes,Yes,Yes,Yes,Yes,Yes,Yes,Yes,Yes,Standard Extension Series (inch),NR,Music Wire,MW,ASTM A228,0.375,0.375,9.53,0.953,0.01,0.01,0.25,0.025,5.5,5.5,139.7,13.97,0.093,0.093,2.36,0.236,6.28,6.28,1.1,11,0.1121,1.121,112.1,1121,0.628,0.628,0.11,1.1,0.01121,0.1121,11.21,112.1,0.259,0.259,6.58,0.658,REF,Reference,Reference,Reference,84.85,84.9,0.058,0.058,1.47,0.147,Standard Loops,2.5,2.5,11.121,1.134,1134,0.5,0.5,2.2241,0.2268,226.8,20,20,88.964,9.072,9072,8.287,8.287,210.49,21.049,4.982,4.982,126.54,12.654,Factory Option,Zinc Plate and Bake per ASTM B633,0.068,0.259,0.259,6.58,0.658,Random,0.058,0.058,1.47,0.147
LE 058D 16 S,LE 058D 16 S,LE058D16S,Extension Spring,11,Stock,,Yes,Yes,Yes,Yes,Yes,Yes,Yes,Yes,Yes,Standard Extension Series (inch),NR,Stainless Steel,SS,ASTM A313,0.375,0.375,9.53,0.953,0.01,0.01,0.25,0.025,5.5,5.5,139.7,13.97,0.093,0.093,2.36,0.236,5.233,5.233,0.916,9.16,0.0935,0.935,93.5,935,0.523,0.523,0.0916,0.916,0.00934,0.0934,9.34,93.4,0.259,0.259,6.58,0.658,REF,Reference,Reference,Reference,84.86,84.9,0.058,0.058,1.47,0.147,Standard Loops,2.0825,2.0825,9.263,0.9446,944.6,0.4165,0.4165,1.8527,0.18892,188.92,16.66,16.66,74.107,7.557,7557,8.287,8.287,210.49,21.049,4.982,4.982,126.54,12.654,Factory Option,Passivate per ASTM A967,0.07,0.259,0.259,6.58,0.658,Random,0.058,0.058,1.47,0.147
LE 058D 16 S316,LE 058D 16 S316,LE058D16S316,Extension Spring,11,Stock,,Yes,Yes,Yes,Yes,Yes,Yes,Yes,Yes,Yes,Standard Extension Series (inch),NR,Stainless Steel Type 316,SS 316,ASTM A313,0.375,0.375,9.53,0.953,0.01,0.01,0.25,0.025,5.5,5.5,139.7,13.97,0.093,0.093,2.36,0.236,5.233,5.233,0.916,9.16,0.0935,0.935,93.5,935,0.523,0.523,0.0916,0.916,0.00934,0.0934,9.34,93.4,0.259,0.259,6.58,0.658,REF,Reference,Reference,Reference,84.86,84.9,0.058,0.058,1.47,0.147,Standard Loops,2.0825,2.0825,9.263,0.9446,944.6,0.4165,0.4165,1.8527,0.18892,188.92,12.495,12.495,55.581,5.6677,5667.7,7.489,7.489,190.22,19.022,4.982,4.982,126.54,12.654,Factory Option,Ultrasonically Passivate with Citric Acid for 10 mins At 131 Deg F,0.07,0.259,0.259,6.58,0.658,Random,0.058,0.058,1.47,0.147
LE 058D 17 M,LE 058D 17 M,LE058D17M,Extension Spring,11,Stock,,Yes,Yes,Yes,Yes,Yes,Yes,Yes,Yes,Yes,Standard Extension Series (inch),NR,Music Wire,MW,ASTM A228,0.375,0.375,9.53,0.953,0.01,0.01,0.25,0.025,6,6,152.4,15.24,0.093,0.093,2.36,0.236,5.7,5.7,0.998,9.98,0.1018,1.018,101.8,1018,0.57,0.57,0.0998,0.998,0.01018,0.1018,10.18,101.8,0.259,0.259,6.58,0.658,REF,Reference,Reference,Reference,93.49,93.5,0.058,0.058,1.47,0.147,Standard Loops,2.5,2.5,11.121,1.134,1134,0.5,0.5,2.2241,0.2268,226.8,20,20,88.964,9.072,9072,9.07,9.07,230.38,23.038,5.482,5.482,139.24,13.924,Factory Option,Zinc Plate and Bake per ASTM B633,0.075,0.259,0.259,6.58,0.658,Random,0.058,0.058,1.47,0.147
LE 058D 17 S,LE 058D 17 S,LE058D17S,Extension Spring,11,Stock,,Yes,Yes,Yes,Yes,Yes,Yes,Yes,Yes,Yes,Standard Extension Series (inch),NR,Stainless Steel,SS,ASTM A313,0.375,0.375,9.53,0.953,0.01,0.01,0.25,0.025,6,6,152.4,15.24,0.093,0.093,2.36,0.236,4.748,4.748,0.832,8.32,0.0848,0.848,84.8,848,0.4748,0.4748,0.0832,0.832,0.00848,0.0848,8.48,84.8,0.259,0.259,6.58,0.658,REF,Reference,Reference,Reference,93.53,93.5,0.058,0.058,1.47,0.147,Standard Loops,2.0825,2.0825,9.263,0.9446,944.6,0.4165,0.4165,1.8527,0.18892,188.92,16.66,16.66,74.107,7.557,7557,8.787,8.787,223.19,22.319,5.482,5.482,139.24,13.924,Factory Option,Passivate per ASTM A967,0.07548,0.259,0.259,6.58,0.658,Random,0.058,0.058,1.47,0.147
LE 058D 17 S316,LE 058D 17 S316,LE058D17S316,Extension Spring,11,Stock,,Yes,Yes,Yes,Yes,Yes,Yes,Yes,Yes,Yes,Standard Extension Series (inch),NR,Stainless Steel Type 316,SS 316,ASTM A313,0.375,0.375,9.53,0.953,0.01,0.01,0.25,0.025,6,6,152.4,15.24,0.093,0.093,2.36,0.236,4.748,4.748,0.832,8.32,0.0848,0.848,84.8,848,0.4748,0.4748,0.0832,0.832,0.00848,0.0848,8.48,84.8,0.259,0.259,6.58,0.658,REF,Reference,Reference,Reference,93.53,93.5,0.058,0.058,1.47,0.147,Standard Loops,2.0825,2.0825,9.263,0.9446,944.6,0.4165,0.4165,1.8527,0.18892,188.92,12.495,12.495,55.581,5.6677,5667.7,8.193,8.193,208.1,20.81,5.482,5.482,139.24,13.924,Factory Option,Ultrasonically Passivate with Citric Acid for 10 mins At 131 Deg F,0.07548,0.259,0.259,6.58,0.658,Random,0.058,0.058,1.47,0.147
LE 063E 0 M,LE 063E 0 M,LE063E0M,Extension Spring,11,Stock,,Yes,Yes,Yes,Yes,Yes,Yes,Yes,Yes,Yes,Standard Extension Series (inch),NR,Music Wire,MW,ASTM A228,0.5,0.5,12.7,1.27,0.01,0.01,0.25,0.025,1.25,1.25,31.75,3.175,0.035,0.035,0.89,0.089,40.63,40.63,7.116,71.16,0.7256,7.256,725.6,7256,4.063,4.063,0.7116,7.116,0.07256,0.7256,72.56,725.6,0.374,0.374,9.5,0.95,REF,Reference,Reference,Reference,6.9688,7,0.063,0.063,1.6,0.16,Standard Loops,2,2,8.896,0.9072,907.2,0.4,0.4,1.7793,0.18144,181.44,19,19,84.516,8.6184,8618.4,1.67,1.67,42.42,4.242,0.502,0.502,12.75,1.275,Factory Option,Zinc Plate and Bake per ASTM B633,0.01147,0.374,0.374,9.5,0.95,Random,0.063,0.063,1.6,0.16
LE 063E 0 S,LE 063E 0 S,LE063E0S,Extension Spring,11,Stock,,Yes,Yes,Yes,Yes,Yes,Yes,Yes,Yes,Yes,Standard Extension Series (inch),NR,Stainless Steel,SS,ASTM A313,0.5,0.5,12.7,1.27,0.01,0.01,0.25,0.025,1.25,1.25,31.75,3.175,0.035,0.035,0.89,0.089,33.84,33.84,5.927,59.27,0.6043,6.043,604.3,6043,3.384,3.384,0.5927,5.927,0.06043,0.6043,60.43,604.3,0.374,0.374,9.5,0.95,REF,Reference,Reference,Reference,6.9726,7,0.063,0.063,1.6,0.16,Standard Loops,1.666,1.666,7.411,0.7557,755.7,0.3332,0.3332,1.4821,0.15114,151.14,15.827,15.827,70.402,7.1791,7179.1,1.67,1.67,42.42,4.242,0.502,0.502,12.75,1.275,Factory Option,Passivate per ASTM A967,0.01169,0.374,0.374,9.5,0.95,Random,0.063,0.063,1.6,0.16
LE 063E 0 S316,LE 063E 0 S316,LE063E0S316,Extension Spring,11,Stock,,Yes,Yes,Yes,Yes,Yes,Yes,Yes,Yes,Yes,Standard Extension Series (inch),NR,Stainless Steel Type 316,SS 316,ASTM A313,0.5,0.5,12.7,1.27,0.01,0.01,0.25,0.025,1.25,1.25,31.75,3.175,0.035,0.035,0.89,0.089,33.84,33.84,5.927,59.27,0.6043,6.043,604.3,6043,3.384,3.384,0.5927,5.927,0.06043,0.6043,60.43,604.3,0.374,0.374,9.5,0.95,REF,Reference,Reference,Reference,6.9726,7,0.063,0.063,1.6,0.16,Standard Loops,1.666,1.666,7.411,0.7557,755.7,0.3332,0.3332,1.4821,0.15114,151.14,11.87,11.87,52.8,5.3842,5384.2,1.551,1.551,39.4,3.94,0.502,0.502,12.75,1.275,Factory Option,Ultrasonically Passivate with Citric Acid for 10 mins At 131 Deg F,0.01169,0.374,0.374,9.5,0.95,Random,0.063,0.063,1.6,0.16
LE 063E 01 M,LE 063E 01 M,LE063E01M,Extension Spring,11,Stock,,Yes,Yes,Yes,Yes,Yes,Yes,Yes,Yes,Yes,Standard Extension Series (inch),NR,Music Wire,MW,ASTM A228,0.5,0.5,12.7,1.27,0.01,0.01,0.25,0.025,1.375,1.375,34.93,3.493,0.035,0.035,0.89,0.089,31.4,31.4,5.499,54.99,0.5607,5.607,560.7,5607,3.14,3.14,0.5499,5.499,0.05607,0.5607,56.07,560.7,0.374,0.374,9.5,0.95,REF,Reference,Reference,Reference,9.0173,9,0.063,0.063,1.6,0.16,Standard Loops,2,2,8.896,0.9072,907.2,0.4,0.4,1.7793,0.18144,181.44,19,19,84.516,8.6184,8618.4,1.915,1.915,48.64,4.864,0.627,0.627,15.93,1.593,Factory Option,Zinc Plate and Bake per ASTM B633,0.01409,0.374,0.374,9.5,0.95,Random,0.063,0.063,1.6,0.16
LE 063E 01 S,LE 063E 01 S,LE063E01S,Extension Spring,11,Stock,,Yes,Yes,Yes,Yes,Yes,Yes,Yes,Yes,Yes,Standard Extension Series (inch),NR,Stainless Steel,SS,ASTM A313,0.5,0.5,12.7,1.27,0.01,0.01,0.25,0.025,1.375,1.375,34.93,3.493,0.035,0.035,0.89,0.089,26.16,26.16,4.581,45.81,0.4672,4.672,467.2,4672,2.616,2.616,0.4581,4.581,0.04672,0.4672,46.72,467.2,0.374,0.374,9.5,0.95,REF,Reference,Reference,Reference,9.0196,9,0.063,0.063,1.6,0.16,Standard Loops,1.666,1.666,7.411,0.7557,755.7,0.3332,0.3332,1.4821,0.15114,151.14,15.827,15.827,70.402,7.1791,7179.1,1.915,1.915,48.64,4.864,0.627,0.627,15.93,1.593,Factory Option,Passivate per ASTM A967,0.01436,0.374,0.374,9.5,0.95,Random,0.063,0.063,1.6,0.16
LE 063E 01 S316,LE 063E 01 S316,LE063E01S316,Extension Spring,11,Stock,,Yes,Yes,Yes,Yes,Yes,Yes,Yes,Yes,Yes,Standard Extension Series (inch),NR,Stainless Steel Type 316,SS 316,ASTM A313,0.5,0.5,12.7,1.27,0.01,0.01,0.25,0.025,1.375,1.375,34.93,3.493,0.035,0.035,0.89,0.089,26.16,26.16,4.581,45.81,0.4672,4.672,467.2,4672,2.616,2.616,0.4581,4.581,0.04672,0.4672,46.72,467.2,0.374,0.374,9.5,0.95,REF,Reference,Reference,Reference,9.0196,9,0.063,0.063,1.6,0.16,Standard Loops,1.666,1.666,7.411,0.7557,755.7,0.3332,0.3332,1.4821,0.15114,151.14,11.87,11.87,52.8,5.3842,5384.2,1.765,1.765,44.83,4.483,0.627,0.627,15.93,1.593,Factory Option,Ultrasonically Passivate with Citric Acid for 10 mins At 131 Deg F,0.01436,0.374,0.374,9.5,0.95,Random,0.063,0.063,1.6,0.16
LE 063E 02 M,LE 063E 02 M,LE063E02M,Extension Spring,11,Stock,,Yes,Yes,Yes,Yes,Yes,Yes,Yes,Yes,Yes,Standard Extension Series (inch),NR,Music Wire,MW,ASTM A228,0.5,0.5,12.7,1.27,0.01,0.01,0.25,0.025,1.5,1.5,38.1,3.81,0.035,0.035,0.89,0.089,25.7,25.7,4.501,45.01,0.459,4.59,459,4590,2.57,2.57,0.4501,4.501,0.0459,0.459,45.9,459,0.374,0.374,9.5,0.95,REF,Reference,Reference,Reference,11.0173,11,0.063,0.063,1.6,0.16,Standard Loops,2,2,8.896,0.9072,907.2,0.4,0.4,1.7793,0.18144,181.44,19,19,84.516,8.6184,8618.4,2.16,2.16,54.86,5.486,0.752,0.752,19.1,1.91,Factory Option,Zinc Plate and Bake per ASTM B633,0.01664,0.374,0.374,9.5,0.95,Random,0.063,0.063,1.6,0.16
LE 063E 02 S,LE 063E 02 S,LE063E02S,Extension Spring,11,Stock,,Yes,Yes,Yes,Yes,Yes,Yes,Yes,Yes,Yes,Standard Extension Series (inch),NR,Stainless Steel,SS,ASTM A313,0.5,0.5,12.7,1.27,0.01,0.01,0.25,0.025,1.5,1.5,38.1,3.81,0.035,0.035,0.89,0.089,21.41,21.41,3.75,37.5,0.3823,3.823,382.3,3823,2.141,2.141,0.375,3.75,0.03823,0.3823,38.23,382.3,0.374,0.374,9.5,0.95,REF,Reference,Reference,Reference,11.0207,11,0.063,0.063,1.6,0.16,Standard Loops,1.666,1.666,7.411,0.7557,755.7,0.3332,0.3332,1.4821,0.15114,151.14,15.827,15.827,70.402,7.1791,7179.1,2.16,2.16,54.86,5.486,0.752,0.752,19.1,1.91,Factory Option,Passivate per ASTM A967,0.01696,0.374,0.374,9.5,0.95,Random,0.063,0.063,1.6,0.16
LE 063E 02 S316,LE 063E 02 S316,LE063E02S316,Extension Spring,11,Stock,,Yes,Yes,Yes,Yes,Yes,Yes,Yes,Yes,Yes,Standard Extension Series (inch),NR,Stainless Steel Type 316,SS 316,ASTM A313,0.5,0.5,12.7,1.27,0.01,0.01,0.25,0.025,1.5,1.5,38.1,3.81,0.035,0.035,0.89,0.089,21.41,21.41,3.75,37.5,0.3823,3.823,382.3,3823,2.141,2.141,0.375,3.75,0.03823,0.3823,38.23,382.3,0.374,0.374,9.5,0.95,REF,Reference,Reference,Reference,11.0207,11,0.063,0.063,1.6,0.16,Standard Loops,1.666,1.666,7.411,0.7557,755.7,0.3332,0.3332,1.4821,0.15114,151.14,11.87,11.87,52.8,5.3842,5384.2,1.976,1.976,50.19,5.019,0.752,0.752,19.1,1.91,Factory Option,Ultrasonically Passivate with Citric Acid for 10 mins At 131 Deg F,0.01696,0.374,0.374,9.5,0.95,Random,0.063,0.063,1.6,0.16
LE 063E 03 M,LE 063E 03 M,LE063E03M,Extension Spring,11,Stock,,Yes,Yes,Yes,Yes,Yes,Yes,Yes,Yes,Yes,Standard Extension Series (inch),NR,Music Wire,MW,ASTM A228,0.5,0.5,12.7,1.27,0.01,0.01,0.25,0.025,1.75,1.75,44.45,4.445,0.04,0.04,1.02,0.102,18.9,18.9,3.31,33.1,0.3375,3.375,337.5,3375,1.89,1.89,0.331,3.31,0.03375,0.3375,33.75,337.5,0.374,0.374,9.5,0.95,REF,Reference,Reference,Reference,14.9812,15,0.063,0.063,1.6,0.16,Standard Loops,2,2,8.896,0.9072,907.2,0.4,0.4,1.7793,0.18144,181.44,19,19,84.516,8.6184,8618.4,2.65,2.65,67.31,6.731,1.002,1.002,25.45,2.545,Factory Option,Zinc Plate and Bake per ASTM B633,0.02171,0.374,0.374,9.5,0.95,Random,0.063,0.063,1.6,0.16
LE 063E 03 S,LE 063E 03 S,LE063E03S,Extension Spring,11,Stock,,Yes,Yes,Yes,Yes,Yes,Yes,Yes,Yes,Yes,Standard Extension Series (inch),NR,Stainless Steel,SS,ASTM A313,0.5,0.5,12.7,1.27,0.01,0.01,0.25,0.025,1.75,1.75,44.45,4.445,0.04,0.04,1.02,0.102,15.74,15.74,2.757,27.57,0.2811,2.811,281.1,2811,1.574,1.574,0.2757,2.757,0.02811,0.2811,28.11,281.1,0.374,0.374,9.5,0.95,REF,Reference,Reference,Reference,14.9907,15,0.063,0.063,1.6,0.16,Standard Loops,1.666,1.666,7.411,0.7557,755.7,0.3332,0.3332,1.4821,0.15114,151.14,15.827,15.827,70.402,7.1791,7179.1,2.65,2.65,67.31,6.731,1.002,1.002,25.45,2.545,Factory Option,Passivate per ASTM A967,0.02214,0.374,0.374,9.5,0.95,Random,0.063,0.063,1.6,0.16
LE 063E 03 S316,LE 063E 03 S316,LE063E03S316,Extension Spring,11,Stock,,Yes,Yes,Yes,Yes,Yes,Yes,Yes,Yes,Yes,Standard Extension Series (inch),NR,Stainless Steel Type 316,SS 316,ASTM A313,0.5,0.5,12.7,1.27,0.01,0.01,0.25,0.025,1.75,1.75,44.45,4.445,0.04,0.04,1.02,0.102,15.74,15.74,2.757,27.57,0.2811,2.811,281.1,2811,1.574,1.574,0.2757,2.757,0.02811,0.2811,28.11,281.1,0.374,0.374,9.5,0.95,REF,Reference,Reference,Reference,14.9907,15,0.063,0.063,1.6,0.16,Standard Loops,1.666,1.666,7.411,0.7557,755.7,0.3332,0.3332,1.4821,0.15114,151.14,11.87,11.87,52.8,5.3842,5384.2,2.398,2.398,60.91,6.091,1.002,1.002,25.45,2.545,Factory Option,Ultrasonically Passivate with Citric Acid for 10 mins At 131 Deg F,0.02214,0.374,0.374,9.5,0.95,Random,0.063,0.063,1.6,0.16
LE 063E 04 M,LE 063E 04 M,LE063E04M,Extension Spring,11,Stock,,Yes,Yes,Yes,Yes,Yes,Yes,Yes,Yes,Yes,Standard Extension Series (inch),NR,Music Wire,MW,ASTM A228,0.5,0.5,12.7,1.27,0.01,0.01,0.25,0.025,2,2,50.8,5.08,0.04,0.04,1.02,0.102,14.9,14.9,2.609,26.09,0.2661,2.661,266.1,2661,1.49,1.49,0.2609,2.609,0.02661,0.2661,26.61,266.1,0.374,0.374,9.5,0.95,REF,Reference,Reference,Reference,19.003,19,0.063,0.063,1.6,0.16,Standard Loops,2,2,8.896,0.9072,907.2,0.4,0.4,1.7793,0.18144,181.44,19,19,84.516,8.6184,8618.4,3.14,3.14,79.76,7.976,1.252,1.252,31.8,3.18,Factory Option,Zinc Plate and Bake per ASTM B633,0.02685,0.374,0.374,9.5,0.95,Random,0.063,0.063,1.6,0.16
LE 063E 04 S,LE 063E 04 S,LE063E04S,Extension Spring,11,Stock,,Yes,Yes,Yes,Yes,Yes,Yes,Yes,Yes,Yes,Standard Extension Series (inch),NR,Stainless Steel,SS,ASTM A313,0.5,0.5,12.7,1.27,0.01,0.01,0.25,0.025,2,2,50.8,5.08,0.04,0.04,1.02,0.102,12.41,12.41,2.173,21.73,0.2216,2.216,221.6,2216,1.241,1.241,0.2173,2.173,0.02216,0.2216,22.16,221.6,0.374,0.374,9.5,0.95,REF,Reference,Reference,Reference,19.0132,19,0.063,0.063,1.6,0.16,Standard Loops,1.666,1.666,7.411,0.7557,755.7,0.3332,0.3332,1.4821,0.15114,151.14,15.827,15.827,70.402,7.1791,7179.1,3.14,3.14,79.76,7.976,1.252,1.252,31.8,3.18,Factory Option,Passivate per ASTM A967,0.02738,0.374,0.374,9.5,0.95,Random,0.063,0.063,1.6,0.16
LE 063E 04 S316,LE 063E 04 S316,LE063E04S316,Extension Spring,11,Stock,,Yes,Yes,Yes,Yes,Yes,Yes,Yes,Yes,Yes,Standard Extension Series (inch),NR,Stainless Steel Type 316,SS 316,ASTM A313,0.5,0.5,12.7,1.27,0.01,0.01,0.25,0.025,2,2,50.8,5.08,0.04,0.04,1.02,0.102,12.41,12.41,2.173,21.73,0.2216,2.216,221.6,2216,1.241,1.241,0.2173,2.173,0.02216,0.2216,22.16,221.6,0.374,0.374,9.5,0.95,REF,Reference,Reference,Reference,19.0132,19,0.063,0.063,1.6,0.16,Standard Loops,1.666,1.666,7.411,0.7557,755.7,0.3332,0.3332,1.4821,0.15114,151.14,11.87,11.87,52.8,5.3842,5384.2,2.822,2.822,71.68,7.168,1.252,1.252,31.8,3.18,Factory Option,Ultrasonically Passivate with Citric Acid for 10 mins At 131 Deg F,0.02738,0.374,0.374,9.5,0.95,Random,0.063,0.063,1.6,0.16
LE 063E 05 M,LE 063E 05 M,LE063E05M,Extension Spring,11,Stock,,Yes,Yes,Yes,Yes,Yes,Yes,Yes,Yes,Yes,Standard Extension Series (inch),NR,Music Wire,MW,ASTM A228,0.5,0.5,12.7,1.27,0.01,0.01,0.25,0.025,2.25,2.25,57.15,5.715,0.05,0.05,1.27,0.127,12.3,12.3,2.154,21.54,0.2197,2.197,219.7,2197,1.23,1.23,0.2154,2.154,0.02197,0.2197,21.97,219.7,0.374,0.374,9.5,0.95,REF,Reference,Reference,Reference,23.0199,23,0.063,0.063,1.6,0.16,Standard Loops,2,2,8.896,0.9072,907.2,0.4,0.4,1.7793,0.18144,181.44,19,19,84.516,8.6184,8618.4,3.63,3.63,92.2,9.22,1.502,1.502,38.15,3.815,Factory Option,Zinc Plate and Bake per ASTM B633,0.03199,0.374,0.374,9.5,0.95,Random,0.063,0.063,1.6,0.16
LE 063E 05 S,LE 063E 05 S,LE063E05S,Extension Spring,11,Stock,,Yes,Yes,Yes,Yes,Yes,Yes,Yes,Yes,Yes,Standard Extension Series (inch),NR,Stainless Steel,SS,ASTM A313,0.5,0.5,12.7,1.27,0.01,0.01,0.25,0.025,2.25,2.25,57.15,5.715,0.05,0.05,1.27,0.127,10.25,10.25,1.795,17.95,0.183,1.83,183,1830,1.025,1.025,0.1795,1.795,0.0183,0.183,18.3,183,0.374,0.374,9.5,0.95,REF,Reference,Reference,Reference,23.0199,23,0.063,0.063,1.6,0.16,Standard Loops,1.666,1.666,7.411,0.7557,755.7,0.3332,0.3332,1.4821,0.15114,151.14,15.827,15.827,70.402,7.1791,7179.1,3.63,3.63,92.2,9.22,1.502,1.502,38.15,3.815,Factory Option,Passivate per ASTM A967,0.0326,0.374,0.374,9.5,0.95,Random,0.063,0.063,1.6,0.16
LE 063E 05 S316,LE 063E 05 S316,LE063E05S316,Extension Spring,11,Stock,,Yes,Yes,Yes,Yes,Yes,Yes,Yes,Yes,Yes,Standard Extension Series (inch),NR,Stainless Steel Type 316,SS 316,ASTM A313,0.5,0.5,12.7,1.27,0.01,0.01,0.25,0.025,2.25,2.25,57.15,5.715,0.05,0.05,1.27,0.127,10.25,10.25,1.795,17.95,0.183,1.83,183,1830,1.025,1.025,0.1795,1.795,0.0183,0.183,18.3,183,0.374,0.374,9.5,0.95,REF,Reference,Reference,Reference,23.0199,23,0.063,0.063,1.6,0.16,Standard Loops,1.666,1.666,7.411,0.7557,755.7,0.3332,0.3332,1.4821,0.15114,151.14,11.87,11.87,52.8,5.3842,5384.2,3.245,3.245,82.42,8.242,1.502,1.502,38.15,3.815,Factory Option,Ultrasonically Passivate with Citric Acid for 10 mins At 131 Deg F,0.0326,0.374,0.374,9.5,0.95,Random,0.063,0.063,1.6,0.16
LE 063E 06 M,LE 063E 06 M,LE063E06M,Extension Spring,11,Stock,,Yes,Yes,Yes,Yes,Yes,Yes,Yes,Yes,Yes,Standard Extension Series (inch),NR,Music Wire,MW,ASTM A228,0.5,0.5,12.7,1.27,0.01,0.01,0.25,0.025,2.5,2.5,63.5,6.35,0.05,0.05,1.27,0.127,10.7,10.7,1.874,18.74,0.1911,1.911,191.1,1911,1.07,1.07,0.1874,1.874,0.01911,0.1911,19.11,191.1,0.374,0.374,9.5,0.95,REF,Reference,Reference,Reference,26.4621,26.5,0.063,0.063,1.6,0.16,Standard Loops,2,2,8.896,0.9072,907.2,0.4,0.4,1.7793,0.18144,181.44,19,19,84.516,8.6184,8618.4,4.09,4.09,103.89,10.389,1.752,1.752,44.5,4.45,Factory Option,Zinc Plate and Bake per ASTM B633,0.03639,0.374,0.374,9.5,0.95,Random,0.063,0.063,1.6,0.16
LE 063E 06 S,LE 063E 06 S,LE063E06S,Extension Spring,11,Stock,,Yes,Yes,Yes,Yes,Yes,Yes,Yes,Yes,Yes,Standard Extension Series (inch),NR,Stainless Steel,SS,ASTM A313,0.5,0.5,12.7,1.27,0.01,0.01,0.25,0.025,2.5,2.5,63.5,6.35,0.05,0.05,1.27,0.127,8.91,8.91,1.56,15.6,0.1591,1.591,159.1,1591,0.891,0.891,0.156,1.56,0.01591,0.1591,15.91,159.1,0.374,0.374,9.5,0.95,REF,Reference,Reference,Reference,26.4819,26.5,0.063,0.063,1.6,0.16,Standard Loops,1.666,1.666,7.411,0.7557,755.7,0.3332,0.3332,1.4821,0.15114,151.14,15.827,15.827,70.402,7.1791,7179.1,4.09,4.09,103.89,10.389,1.752,1.752,44.5,4.45,Factory Option,Passivate per ASTM A967,0.03711,0.374,0.374,9.5,0.95,Random,0.063,0.063,1.6,0.16
LE 063E 06 S316,LE 063E 06 S316,LE063E06S316,Extension Spring,11,Stock,,Yes,Yes,Yes,Yes,Yes,Yes,Yes,Yes,Yes,Standard Extension Series (inch),NR,Stainless Steel Type 316,SS 316,ASTM A313,0.5,0.5,12.7,1.27,0.01,0.01,0.25,0.025,2.5,2.5,63.5,6.35,0.05,0.05,1.27,0.127,8.91,8.91,1.56,15.6,0.1591,1.591,159.1,1591,0.891,0.891,0.156,1.56,0.01591,0.1591,15.91,159.1,0.374,0.374,9.5,0.95,REF,Reference,Reference,Reference,26.4819,26.5,0.063,0.063,1.6,0.16,Standard Loops,1.666,1.666,7.411,0.7557,755.7,0.3332,0.3332,1.4821,0.15114,151.14,11.87,11.87,52.8,5.3842,5384.2,3.645,3.645,92.58,9.258,1.752,1.752,44.5,4.45,Factory Option,Ultrasonically Passivate with Citric Acid for 10 mins At 131 Deg F,0.03711,0.374,0.374,9.5,0.95,Random,0.063,0.063,1.6,0.16
LE 063E 07 M,LE 063E 07 M,LE063E07M,Extension Spring,11,Stock,,Yes,Yes,Yes,Yes,Yes,Yes,Yes,Yes,Yes,Standard Extension Series (inch),NR,Music Wire,MW,ASTM A228,0.5,0.5,12.7,1.27,0.01,0.01,0.25,0.025,2.75,2.75,69.85,6.985,0.05,0.05,1.27,0.127,9.1,9.1,1.594,15.94,0.1625,1.625,162.5,1625,0.91,0.91,0.1594,1.594,0.01625,0.1625,16.25,162.5,0.374,0.374,9.5,0.95,REF,Reference,Reference,Reference,31.1148,31.1,0.063,0.063,1.6,0.16,Standard Loops,2,2,8.896,0.9072,907.2,0.4,0.4,1.7793,0.18144,181.44,19,19,84.516,8.6184,8618.4,4.62,4.62,117.35,11.735,2.002,2.002,50.85,5.085,Factory Option,Zinc Plate and Bake per ASTM B633,0.04234,0.374,0.374,9.5,0.95,Random,0.063,0.063,1.6,0.16
LE 063E 07 S,LE 063E 07 S,LE063E07S,Extension Spring,11,Stock,,Yes,Yes,Yes,Yes,Yes,Yes,Yes,Yes,Yes,Standard Extension Series (inch),NR,Stainless Steel,SS,ASTM A313,0.5,0.5,12.7,1.27,0.01,0.01,0.25,0.025,2.75,2.75,69.85,6.985,0.05,0.05,1.27,0.127,7.58,7.58,1.328,13.28,0.1354,1.354,135.4,1354,0.758,0.758,0.1328,1.328,0.01354,0.1354,13.54,135.4,0.374,0.374,9.5,0.95,REF,Reference,Reference,Reference,31.1285,31.1,0.063,0.063,1.6,0.16,Standard Loops,1.666,1.666,7.411,0.7557,755.7,0.3332,0.3332,1.4821,0.15114,151.14,15.827,15.827,70.402,7.1791,7179.1,4.62,4.62,117.35,11.735,2.002,2.002,50.85,5.085,Factory Option,Passivate per ASTM A967,0.04316,0.374,0.374,9.5,0.95,Random,0.063,0.063,1.6,0.16
LE 063E 07 S316,LE 063E 07 S316,LE063E07S316,Extension Spring,11,Stock,,Yes,Yes,Yes,Yes,Yes,Yes,Yes,Yes,Yes,Standard Extension Series (inch),NR,Stainless Steel Type 316,SS 316,ASTM A313,0.5,0.5,12.7,1.27,0.01,0.01,0.25,0.025,2.75,2.75,69.85,6.985,0.05,0.05,1.27,0.127,7.58,7.58,1.328,13.28,0.1354,1.354,135.4,1354,0.758,0.758,0.1328,1.328,0.01354,0.1354,13.54,135.4,0.374,0.374,9.5,0.95,REF,Reference,Reference,Reference,31.1285,31.1,0.063,0.063,1.6,0.16,Standard Loops,1.666,1.666,7.411,0.7557,755.7,0.3332,0.3332,1.4821,0.15114,151.14,11.87,11.87,52.8,5.3842,5384.2,4.096,4.096,104.04,10.404,2.002,2.002,50.85,5.085,Factory Option,Ultrasonically Passivate with Citric Acid for 10 mins At 131 Deg F,0.04316,0.374,0.374,9.5,0.95,Random,0.063,0.063,1.6,0.16
LE 063E 08 M,LE 063E 08 M,LE063E08M,Extension Spring,11,Stock,,Yes,Yes,Yes,Yes,Yes,Yes,Yes,Yes,Yes,Standard Extension Series (inch),NR,Music Wire,MW,ASTM A228,0.5,0.5,12.7,1.27,0.01,0.01,0.25,0.025,3,3,76.2,7.62,0.05,0.05,1.27,0.127,8.2,8.2,1.436,14.36,0.1464,1.464,146.4,1464,0.82,0.82,0.1436,1.436,0.01464,0.1464,14.64,146.4,0.374,0.374,9.5,0.95,REF,Reference,Reference,Reference,34.5298,34.5,0.063,0.063,1.6,0.16,Standard Loops,2,2,8.896,0.9072,907.2,0.4,0.4,1.7793,0.18144,181.44,19,19,84.516,8.6184,8618.4,5.07,5.07,128.78,12.878,2.252,2.252,57.2,5.72,Factory Option,Zinc Plate and Bake per ASTM B633,0.0467,0.374,0.374,9.5,0.95,Random,0.063,0.063,1.6,0.16
LE 063E 08 S,LE 063E 08 S,LE063E08S,Extension Spring,11,Stock,,Yes,Yes,Yes,Yes,Yes,Yes,Yes,Yes,Yes,Standard Extension Series (inch),NR,Stainless Steel,SS,ASTM A313,0.5,0.5,12.7,1.27,0.01,0.01,0.25,0.025,3,3,76.2,7.62,0.05,0.05,1.27,0.127,6.83,6.83,1.196,11.96,0.122,1.22,122,1220,0.683,0.683,0.1196,1.196,0.0122,0.122,12.2,122,0.374,0.374,9.5,0.95,REF,Reference,Reference,Reference,34.5467,34.5,0.063,0.063,1.6,0.16,Standard Loops,1.666,1.666,7.411,0.7557,755.7,0.3332,0.3332,1.4821,0.15114,151.14,15.827,15.827,70.402,7.1791,7179.1,5.07,5.07,128.78,12.878,2.252,2.252,57.2,5.72,Factory Option,Passivate per ASTM A967,0.04761,0.374,0.374,9.5,0.95,Random,0.063,0.063,1.6,0.16
LE 063E 08 S316,LE 063E 08 S316,LE063E08S316,Extension Spring,11,Stock,,Yes,Yes,Yes,Yes,Yes,Yes,Yes,Yes,Yes,Standard Extension Series (inch),NR,Stainless Steel Type 316,SS 316,ASTM A313,0.5,0.5,12.7,1.27,0.01,0.01,0.25,0.025,3,3,76.2,7.62,0.05,0.05,1.27,0.127,6.83,6.83,1.196,11.96,0.122,1.22,122,1220,0.683,0.683,0.1196,1.196,0.0122,0.122,12.2,122,0.374,0.374,9.5,0.95,REF,Reference,Reference,Reference,34.5467,34.5,0.063,0.063,1.6,0.16,Standard Loops,1.666,1.666,7.411,0.7557,755.7,0.3332,0.3332,1.4821,0.15114,151.14,11.87,11.87,52.8,5.3842,5384.2,4.493,4.493,114.12,11.412,2.252,2.252,57.2,5.72,Factory Option,Ultrasonically Passivate with Citric Acid for 10 mins At 131 Deg F,0.04761,0.374,0.374,9.5,0.95,Random,0.063,0.063,1.6,0.16
LE 063E 09 M,LE 063E 09 M,LE063E09M,Extension Spring,11,Stock,,Yes,Yes,Yes,Yes,Yes,Yes,Yes,Yes,Yes,Standard Extension Series (inch),NR,Music Wire,MW,ASTM A228,0.5,0.5,12.7,1.27,0.01,0.01,0.25,0.025,3.5,3.5,88.9,8.89,0.06,0.06,1.52,0.152,6.7,6.7,1.173,11.73,0.1196,1.196,119.6,1196,0.67,0.67,0.1173,1.173,0.01196,0.1196,11.96,119.6,0.374,0.374,9.5,0.95,REF,Reference,Reference,Reference,42.2604,42.3,0.063,0.063,1.6,0.16,Standard Loops,2,2,8.896,0.9072,907.2,0.4,0.4,1.7793,0.18144,181.44,19,19,84.516,8.6184,8618.4,6.04,6.04,153.42,15.342,2.752,2.752,69.9,6.99,Factory Option,Zinc Plate and Bake per ASTM B633,0.05659,0.374,0.374,9.5,0.95,Random,0.063,0.063,1.6,0.16
LE 063E 09 S,LE 063E 09 S,LE063E09S,Extension Spring,11,Stock,,Yes,Yes,Yes,Yes,Yes,Yes,Yes,Yes,Yes,Standard Extension Series (inch),NR,Stainless Steel,SS,ASTM A313,0.5,0.5,12.7,1.27,0.01,0.01,0.25,0.025,3.5,3.5,88.9,8.89,0.06,0.06,1.52,0.152,5.58,5.58,0.977,9.77,0.0996,0.996,99.6,996,0.558,0.558,0.0977,0.977,0.00996,0.0996,9.96,99.6,0.374,0.374,9.5,0.95,REF,Reference,Reference,Reference,42.2857,42.3,0.063,0.063,1.6,0.16,Standard Loops,1.666,1.666,7.411,0.7557,755.7,0.3332,0.3332,1.4821,0.15114,151.14,15.827,15.827,70.402,7.1791,7179.1,6.04,6.04,153.42,15.342,2.752,2.752,69.9,6.99,Factory Option,Passivate per ASTM A967,0.0577,0.374,0.374,9.5,0.95,Random,0.063,0.063,1.6,0.16
LE 063E 09 S316,LE 063E 09 S316,LE063E09S316,Extension Spring,11,Stock,,Yes,Yes,Yes,Yes,Yes,Yes,Yes,Yes,Yes,Standard Extension Series (inch),NR,Stainless Steel Type 316,SS 316,ASTM A313,0.5,0.5,12.7,1.27,0.01,0.01,0.25,0.025,3.5,3.5,88.9,8.89,0.06,0.06,1.52,0.152,5.58,5.58,0.977,9.77,0.0996,0.996,99.6,996,0.558,0.558,0.0977,0.977,0.00996,0.0996,9.96,99.6,0.374,0.374,9.5,0.95,REF,Reference,Reference,Reference,42.2857,42.3,0.063,0.063,1.6,0.16,Standard Loops,1.666,1.666,7.411,0.7557,755.7,0.3332,0.3332,1.4821,0.15114,151.14,11.87,11.87,52.8,5.3842,5384.2,5.328,5.328,135.33,13.533,2.752,2.752,69.9,6.99,Factory Option,Ultrasonically Passivate with Citric Acid for 10 mins At 131 Deg F,0.0577,0.374,0.374,9.5,0.95,Random,0.063,0.063,1.6,0.16
LE 063E 10 M,LE 063E 10 M,LE063E10M,Extension Spring,11,Stock,,Yes,Yes,Yes,Yes,Yes,Yes,Yes,Yes,Yes,Standard Extension Series (inch),NR,Music Wire,MW,ASTM A228,0.5,0.5,12.7,1.27,0.01,0.01,0.25,0.025,4,4,101.6,10.16,0.06,0.06,1.52,0.152,5.6,5.6,0.981,9.81,0.1,1,100,1000,0.56,0.56,0.0981,0.981,0.01,0.1,10,100,0.374,0.374,9.5,0.95,REF,Reference,Reference,Reference,50.5616,50.6,0.063,0.063,1.6,0.16,Standard Loops,2,2,8.896,0.9072,907.2,0.4,0.4,1.7793,0.18144,181.44,19,19,84.516,8.6184,8618.4,7.04,7.04,178.82,17.882,3.252,3.252,82.6,8.26,Factory Option,Zinc Plate and Bake per ASTM B633,0.0672,0.374,0.374,9.5,0.95,Random,0.063,0.063,1.6,0.16
LE 063E 10 S,LE 063E 10 S,LE063E10S,Extension Spring,11,Stock,,Yes,Yes,Yes,Yes,Yes,Yes,Yes,Yes,Yes,Standard Extension Series (inch),NR,Stainless Steel,SS,ASTM A313,0.5,0.5,12.7,1.27,0.01,0.01,0.25,0.025,4,4,101.6,10.16,0.06,0.06,1.52,0.152,4.66,4.66,0.816,8.16,0.0832,0.832,83.2,832,0.466,0.466,0.0816,0.816,0.00832,0.0832,8.32,83.2,0.374,0.374,9.5,0.95,REF,Reference,Reference,Reference,50.6339,50.6,0.063,0.063,1.6,0.16,Standard Loops,1.666,1.666,7.411,0.7557,755.7,0.3332,0.3332,1.4821,0.15114,151.14,15.827,15.827,70.402,7.1791,7179.1,7.04,7.04,178.82,17.882,3.252,3.252,82.6,8.26,Factory Option,Passivate per ASTM A967,0.06857,0.374,0.374,9.5,0.95,Random,0.063,0.063,1.6,0.16
LE 063E 10 S316,LE 063E 10 S316,LE063E10S316,Extension Spring,11,Stock,,Yes,Yes,Yes,Yes,Yes,Yes,Yes,Yes,Yes,Standard Extension Series (inch),NR,Stainless Steel Type 316,SS 316,ASTM A313,0.5,0.5,12.7,1.27,0.01,0.01,0.25,0.025,4,4,101.6,10.16,0.06,0.06,1.52,0.152,4.66,4.66,0.816,8.16,0.0832,0.832,83.2,832,0.466,0.466,0.0816,0.816,0.00832,0.0832,8.32,83.2,0.374,0.374,9.5,0.95,REF,Reference,Reference,Reference,50.6339,50.6,0.063,0.063,1.6,0.16,Standard Loops,1.666,1.666,7.411,0.7557,755.7,0.3332,0.3332,1.4821,0.15114,151.14,11.87,11.87,52.8,5.3842,5384.2,6.189,6.189,157.2,15.72,3.252,3.252,82.6,8.26,Factory Option,Ultrasonically Passivate with Citric Acid for 10 mins At 131 Deg F,0.06857,0.374,0.374,9.5,0.95,Random,0.063,0.063,1.6,0.16
LE 063E 11 M,LE 063E 11 M,LE063E11M,Extension Spring,11,Stock,,Yes,Yes,Yes,Yes,Yes,Yes,Yes,Yes,Yes,Standard Extension Series (inch),NR,Music Wire,MW,ASTM A228,0.5,0.5,12.7,1.27,0.01,0.01,0.25,0.025,4.5,4.5,114.3,11.43,0.075,0.075,1.91,0.191,4.8,4.8,0.841,8.41,0.0857,0.857,85.7,857,0.48,0.48,0.0841,0.841,0.00857,0.0857,8.57,85.7,0.374,0.374,9.5,0.95,REF,Reference,Reference,Reference,58.9885,59,0.063,0.063,1.6,0.16,Standard Loops,2,2,8.896,0.9072,907.2,0.4,0.4,1.7793,0.18144,181.44,19,19,84.516,8.6184,8618.4,8.04,8.04,204.22,20.422,3.752,3.752,95.3,9.53,Factory Option,Zinc Plate and Bake per ASTM B633,0.07797,0.374,0.374,9.5,0.95,Random,0.063,0.063,1.6,0.16
LE 063E 11 S,LE 063E 11 S,LE063E11S,Extension Spring,11,Stock,,Yes,Yes,Yes,Yes,Yes,Yes,Yes,Yes,Yes,Standard Extension Series (inch),NR,Stainless Steel,SS,ASTM A313,0.5,0.5,12.7,1.27,0.01,0.01,0.25,0.025,4.5,4.5,114.3,11.43,0.075,0.075,1.91,0.191,4,4,0.701,7.01,0.0714,0.714,71.4,714,0.4,0.4,0.0701,0.701,0.00714,0.0714,7.14,71.4,0.374,0.374,9.5,0.95,REF,Reference,Reference,Reference,58.9885,59,0.063,0.063,1.6,0.16,Standard Loops,1.666,1.666,7.411,0.7557,755.7,0.3332,0.3332,1.4821,0.15114,151.14,15.827,15.827,70.402,7.1791,7179.1,8.04,8.04,204.22,20.422,3.752,3.752,95.3,9.53,Factory Option,Passivate per ASTM A967,0.07946,0.374,0.374,9.5,0.95,Random,0.063,0.063,1.6,0.16
LE 063E 11 S316,LE 063E 11 S316,LE063E11S316,Extension Spring,11,Stock,,Yes,Yes,Yes,Yes,Yes,Yes,Yes,Yes,Yes,Standard Extension Series (inch),NR,Stainless Steel Type 316,SS 316,ASTM A313,0.5,0.5,12.7,1.27,0.01,0.01,0.25,0.025,4.5,4.5,114.3,11.43,0.075,0.075,1.91,0.191,4,4,0.701,7.01,0.0714,0.714,71.4,714,0.4,0.4,0.0701,0.701,0.00714,0.0714,7.14,71.4,0.374,0.374,9.5,0.95,REF,Reference,Reference,Reference,58.9885,59,0.063,0.063,1.6,0.16,Standard Loops,1.666,1.666,7.411,0.7557,755.7,0.3332,0.3332,1.4821,0.15114,151.14,11.87,11.87,52.8,5.3842,5384.2,7.051,7.051,179.1,17.91,3.752,3.752,95.3,9.53,Factory Option,Ultrasonically Passivate with Citric Acid for 10 mins At 131 Deg F,0.07946,0.374,0.374,9.5,0.95,Random,0.063,0.063,1.6,0.16
LE 063E 12 M,LE 063E 12 M,LE063E12M,Extension Spring,11,Stock,,Yes,Yes,Yes,Yes,Yes,Yes,Yes,Yes,Yes,Standard Extension Series (inch),NR,Music Wire,MW,ASTM A228,0.5,0.5,12.7,1.27,0.01,0.01,0.25,0.025,5,5,127,12.7,0.075,0.075,1.91,0.191,4.3,4.3,0.753,7.53,0.0768,0.768,76.8,768,0.43,0.43,0.0753,0.753,0.00768,0.0768,7.68,76.8,0.374,0.374,9.5,0.95,REF,Reference,Reference,Reference,65.8477,65.8,0.063,0.063,1.6,0.16,Standard Loops,2,2,8.896,0.9072,907.2,0.4,0.4,1.7793,0.18144,181.44,19,19,84.516,8.6184,8618.4,8.95,8.95,227.33,22.733,4.252,4.252,108,10.8,Factory Option,Zinc Plate and Bake per ASTM B633,0.08674,0.374,0.374,9.5,0.95,Random,0.063,0.063,1.6,0.16
LE 063E 12 S,LE 063E 12 S,LE063E12S,Extension Spring,11,Stock,,Yes,Yes,Yes,Yes,Yes,Yes,Yes,Yes,Yes,Standard Extension Series (inch),NR,Stainless Steel,SS,ASTM A313,0.5,0.5,12.7,1.27,0.01,0.01,0.25,0.025,5,5,127,12.7,0.075,0.075,1.91,0.191,3.58,3.58,0.627,6.27,0.0639,0.639,63.9,639,0.358,0.358,0.0627,0.627,0.00639,0.0639,6.39,63.9,0.374,0.374,9.5,0.95,REF,Reference,Reference,Reference,65.909,65.9,0.063,0.063,1.6,0.16,Standard Loops,1.666,1.666,7.411,0.7557,755.7,0.3332,0.3332,1.4821,0.15114,151.14,15.827,15.827,70.402,7.1791,7179.1,8.95,8.95,227.33,22.733,4.252,4.252,108,10.8,Factory Option,Passivate per ASTM A967,0.08847,0.374,0.374,9.5,0.95,Random,0.063,0.063,1.6,0.16
LE 063E 12 S316,LE 063E 12 S316,LE063E12S316,Extension Spring,11,Stock,,Yes,Yes,Yes,Yes,Yes,Yes,Yes,Yes,Yes,Standard Extension Series (inch),NR,Stainless Steel Type 316,SS 316,ASTM A313,0.5,0.5,12.7,1.27,0.01,0.01,0.25,0.025,5,5,127,12.7,0.075,0.075,1.91,0.191,3.58,3.58,0.627,6.27,0.0639,0.639,63.9,639,0.358,0.358,0.0627,0.627,0.00639,0.0639,6.39,63.9,0.374,0.374,9.5,0.95,REF,Reference,Reference,Reference,65.909,65.9,0.063,0.063,1.6,0.16,Standard Loops,1.666,1.666,7.411,0.7557,755.7,0.3332,0.3332,1.4821,0.15114,151.14,11.87,11.87,52.8,5.3842,5384.2,7.85,7.85,199.39,19.939,4.252,4.252,108,10.8,Factory Option,Ultrasonically Passivate with Citric Acid for 10 mins At 131 Deg F,0.08847,0.374,0.374,9.5,0.95,Random,0.063,0.063,1.6,0.16
LE 063F 01 M,LE 063F 01 M,LE063F01M,Extension Spring,11,Stock,,Yes,Yes,Yes,Yes,Yes,Yes,Yes,Yes,Yes,Standard Extension Series (inch),NR,Music Wire,MW,ASTM A228,0.625,0.625,15.88,1.588,0.015,0.015,0.38,0.038,2,2,50.8,5.08,0.04,0.04,1.02,0.102,8.9,8.9,1.559,15.59,0.1589,1.589,158.9,1589,0.89,0.89,0.1559,1.559,0.01589,0.1589,15.89,158.9,0.499,0.499,12.67,1.267,REF,Reference,Reference,Reference,14.9573,15,0.063,0.063,1.6,0.16,Standard Loops,1.5,1.5,6.672,0.6804,680.4,0.3,0.3,1.3345,0.13608,136.08,15,15,66.723,6.804,6804,3.52,3.52,89.41,8.941,1.002,1.002,25.45,2.545,Factory Option,Zinc Plate and Bake per ASTM B633,0.02788,0.499,0.499,12.67,1.267,Random,0.063,0.063,1.6,0.16
LE 063F 01 S,LE 063F 01 S,LE063F01S,Extension Spring,11,Stock,,Yes,Yes,Yes,Yes,Yes,Yes,Yes,Yes,Yes,Standard Extension Series (inch),NR,Stainless Steel,SS,ASTM A313,0.625,0.625,15.88,1.588,0.015,0.015,0.38,0.038,2,2,50.8,5.08,0.04,0.04,1.02,0.102,7.41,7.41,1.298,12.98,0.1323,1.323,132.3,1323,0.741,0.741,0.1298,1.298,0.01323,0.1323,13.23,132.3,0.499,0.499,12.67,1.267,REF,Reference,Reference,Reference,14.9708,15,0.063,0.063,1.6,0.16,Standard Loops,1.2495,1.2495,5.558,0.5668,566.8,0.2499,0.2499,1.1116,0.11335,113.35,12.495,12.495,55.581,5.6677,5667.7,3.52,3.52,89.41,8.941,1.002,1.002,25.45,2.545,Factory Option,Passivate per ASTM A967,0.02843,0.499,0.499,12.67,1.267,Random,0.063,0.063,1.6,0.16
LE 063F 01 S316,LE 063F 01 S316,LE063F01S316,Extension Spring,11,Stock,,Yes,Yes,Yes,Yes,Yes,Yes,Yes,Yes,Yes,Standard Extension Series (inch),NR,Stainless Steel Type 316,SS 316,ASTM A313,0.625,0.625,15.88,1.588,0.015,0.015,0.38,0.038,2,2,50.8,5.08,0.04,0.04,1.02,0.102,7.41,7.41,1.298,12.98,0.1323,1.323,132.3,1323,0.741,0.741,0.1298,1.298,0.01323,0.1323,13.23,132.3,0.499,0.499,12.67,1.267,REF,Reference,Reference,Reference,14.9708,15,0.063,0.063,1.6,0.16,Standard Loops,1.2495,1.2495,5.558,0.5668,566.8,0.2499,0.2499,1.1116,0.11335,113.35,9.371,9.371,41.684,4.2507,4250.7,3.096,3.096,78.64,7.864,1.002,1.002,25.45,2.545,Factory Option,Ultrasonically Passivate with Citric Acid for 10 mins At 131 Deg F,0.02843,0.499,0.499,12.67,1.267,Random,0.063,0.063,1.6,0.16
LE 063F 02 M,LE 063F 02 M,LE063F02M,Extension Spring,11,Stock,,Yes,Yes,Yes,Yes,Yes,Yes,Yes,Yes,Yes,Standard Extension Series (inch),NR,Music Wire,MW,ASTM A228,0.625,0.625,15.88,1.588,0.015,0.015,0.38,0.038,2.25,2.25,57.15,5.715,0.05,0.05,1.27,0.127,6.7,6.7,1.173,11.73,0.1196,1.196,119.6,1196,0.67,0.67,0.1173,1.173,0.01196,0.1196,11.96,119.6,0.499,0.499,12.67,1.267,REF,Reference,Reference,Reference,19.8687,19.9,0.063,0.063,1.6,0.16,Standard Loops,1.5,1.5,6.672,0.6804,680.4,0.3,0.3,1.3345,0.13608,136.08,15,15,66.723,6.804,6804,4.26,4.26,108.2,10.82,1.252,1.252,31.8,3.18,Factory Option,Zinc Plate and Bake per ASTM B633,0.03596,0.499,0.499,12.67,1.267,Random,0.063,0.063,1.6,0.16
LE 063F 02 S,LE 063F 02 S,LE063F02S,Extension Spring,11,Stock,,Yes,Yes,Yes,Yes,Yes,Yes,Yes,Yes,Yes,Standard Extension Series (inch),NR,Stainless Steel,SS,ASTM A313,0.625,0.625,15.88,1.588,0.015,0.015,0.38,0.038,2.25,2.25,57.15,5.715,0.05,0.05,1.27,0.127,5.58,5.58,0.977,9.77,0.0996,0.996,99.6,996,0.558,0.558,0.0977,0.977,0.00996,0.0996,9.96,99.6,0.499,0.499,12.67,1.267,REF,Reference,Reference,Reference,19.8805,19.9,0.063,0.063,1.6,0.16,Standard Loops,1.2495,1.2495,5.558,0.5668,566.8,0.2499,0.2499,1.1116,0.11335,113.35,12.495,12.495,55.581,5.6677,5667.7,4.26,4.26,108.2,10.82,1.252,1.252,31.8,3.18,Factory Option,Passivate per ASTM A967,0.03666,0.499,0.499,12.67,1.267,Random,0.063,0.063,1.6,0.16
LE 063F 02 S316,LE 063F 02 S316,LE063F02S316,Extension Spring,11,Stock,,Yes,Yes,Yes,Yes,Yes,Yes,Yes,Yes,Yes,Standard Extension Series (inch),NR,Stainless Steel Type 316,SS 316,ASTM A313,0.625,0.625,15.88,1.588,0.015,0.015,0.38,0.038,2.25,2.25,57.15,5.715,0.05,0.05,1.27,0.127,5.58,5.58,0.977,9.77,0.0996,0.996,99.6,996,0.558,0.558,0.0977,0.977,0.00996,0.0996,9.96,99.6,0.499,0.499,12.67,1.267,REF,Reference,Reference,Reference,19.8805,19.9,0.063,0.063,1.6,0.16,Standard Loops,1.2495,1.2495,5.558,0.5668,566.8,0.2499,0.2499,1.1116,0.11335,113.35,9.371,9.371,41.684,4.2507,4250.7,3.705,3.705,94.11,9.411,1.252,1.252,31.8,3.18,Factory Option,Ultrasonically Passivate with Citric Acid for 10 mins At 131 Deg F,0.03666,0.499,0.499,12.67,1.267,Random,0.063,0.063,1.6,0.16
LE 063F 03 M,LE 063F 03 M,LE063F03M,Extension Spring,11,Stock,,Yes,Yes,Yes,Yes,Yes,Yes,Yes,Yes,Yes,Standard Extension Series (inch),NR,Music Wire,MW,ASTM A228,0.625,0.625,15.88,1.588,0.015,0.015,0.38,0.038,2.5,2.5,63.5,6.35,0.05,0.05,1.27,0.127,5.8,5.8,1.016,10.16,0.1036,1.036,103.6,1036,0.58,0.58,0.1016,1.016,0.01036,0.1036,10.36,103.6,0.499,0.499,12.67,1.267,REF,Reference,Reference,Reference,22.9517,23,0.063,0.063,1.6,0.16,Standard Loops,1.5,1.5,6.672,0.6804,680.4,0.3,0.3,1.3345,0.13608,136.08,15,15,66.723,6.804,6804,4.83,4.83,122.68,12.268,1.502,1.502,38.15,3.815,Factory Option,Zinc Plate and Bake per ASTM B633,0.04102,0.499,0.499,12.67,1.267,Random,0.063,0.063,1.6,0.16
LE 063F 03 S,LE 063F 03 S,LE063F03S,Extension Spring,11,Stock,,Yes,Yes,Yes,Yes,Yes,Yes,Yes,Yes,Yes,Standard Extension Series (inch),NR,Stainless Steel,SS,ASTM A313,0.625,0.625,15.88,1.588,0.015,0.015,0.38,0.038,2.5,2.5,63.5,6.35,0.05,0.05,1.27,0.127,4.83,4.83,0.846,8.46,0.0863,0.863,86.3,863,0.483,0.483,0.0846,0.846,0.00863,0.0863,8.63,86.3,0.499,0.499,12.67,1.267,REF,Reference,Reference,Reference,22.9676,23,0.063,0.063,1.6,0.16,Standard Loops,1.2495,1.2495,5.558,0.5668,566.8,0.2499,0.2499,1.1116,0.11335,113.35,12.495,12.495,55.581,5.6677,5667.7,4.83,4.83,122.68,12.268,1.502,1.502,38.15,3.815,Factory Option,Passivate per ASTM A967,0.04183,0.499,0.499,12.67,1.267,Random,0.063,0.063,1.6,0.16
LE 063F 03 S316,LE 063F 03 S316,LE063F03S316,Extension Spring,11,Stock,,Yes,Yes,Yes,Yes,Yes,Yes,Yes,Yes,Yes,Standard Extension Series (inch),NR,Stainless Steel Type 316,SS 316,ASTM A313,0.625,0.625,15.88,1.588,0.015,0.015,0.38,0.038,2.5,2.5,63.5,6.35,0.05,0.05,1.27,0.127,4.83,4.83,0.846,8.46,0.0863,0.863,86.3,863,0.483,0.483,0.0846,0.846,0.00863,0.0863,8.63,86.3,0.499,0.499,12.67,1.267,REF,Reference,Reference,Reference,22.9676,23,0.063,0.063,1.6,0.16,Standard Loops,1.2495,1.2495,5.558,0.5668,566.8,0.2499,0.2499,1.1116,0.11335,113.35,9.371,9.371,41.684,4.2507,4250.7,4.181,4.181,106.2,10.62,1.502,1.502,38.15,3.815,Factory Option,Ultrasonically Passivate with Citric Acid for 10 mins At 131 Deg F,0.04183,0.499,0.499,12.67,1.267,Random,0.063,0.063,1.6,0.16
LE 063F 04 M,LE 063F 04 M,LE063F04M,Extension Spring,11,Stock,,Yes,Yes,Yes,Yes,Yes,Yes,Yes,Yes,Yes,Standard Extension Series (inch),NR,Music Wire,MW,ASTM A228,0.625,0.625,15.88,1.588,0.015,0.015,0.38,0.038,2.75,2.75,69.85,6.985,0.05,0.05,1.27,0.127,4.9,4.9,0.858,8.58,0.0875,0.875,87.5,875,0.49,0.49,0.0858,0.858,0.00875,0.0875,8.75,87.5,0.499,0.499,12.67,1.267,REF,Reference,Reference,Reference,27.1674,27.2,0.063,0.063,1.6,0.16,Standard Loops,1.5,1.5,6.672,0.6804,680.4,0.3,0.3,1.3345,0.13608,136.08,15,15,66.723,6.804,6804,5.51,5.51,139.95,13.995,1.752,1.752,44.5,4.45,Factory Option,Zinc Plate and Bake per ASTM B633,0.04796,0.499,0.499,12.67,1.267,Random,0.063,0.063,1.6,0.16
LE 063F 04 S,LE 063F 04 S,LE063F04S,Extension Spring,11,Stock,,Yes,Yes,Yes,Yes,Yes,Yes,Yes,Yes,Yes,Standard Extension Series (inch),NR,Stainless Steel,SS,ASTM A313,0.625,0.625,15.88,1.588,0.015,0.015,0.38,0.038,2.75,2.75,69.85,6.985,0.05,0.05,1.27,0.127,4.08,4.08,0.715,7.15,0.0729,0.729,72.9,729,0.408,0.408,0.0715,0.715,0.00729,0.0729,7.29,72.9,0.499,0.499,12.67,1.267,REF,Reference,Reference,Reference,27.1896,27.2,0.063,0.063,1.6,0.16,Standard Loops,1.2495,1.2495,5.558,0.5668,566.8,0.2499,0.2499,1.1116,0.11335,113.35,12.495,12.495,55.581,5.6677,5667.7,5.51,5.51,139.95,13.995,1.752,1.752,44.5,4.45,Factory Option,Passivate per ASTM A967,0.04891,0.499,0.499,12.67,1.267,Random,0.063,0.063,1.6,0.16
LE 063F 04 S316,LE 063F 04 S316,LE063F04S316,Extension Spring,11,Stock,,Yes,Yes,Yes,Yes,Yes,Yes,Yes,Yes,Yes,Standard Extension Series (inch),NR,Stainless Steel Type 316,SS 316,ASTM A313,0.625,0.625,15.88,1.588,0.015,0.015,0.38,0.038,2.75,2.75,69.85,6.985,0.05,0.05,1.27,0.127,4.08,4.08,0.715,7.15,0.0729,0.729,72.9,729,0.408,0.408,0.0715,0.715,0.00729,0.0729,7.29,72.9,0.499,0.499,12.67,1.267,REF,Reference,Reference,Reference,27.1896,27.2,0.063,0.063,1.6,0.16,Standard Loops,1.2495,1.2495,5.558,0.5668,566.8,0.2499,0.2499,1.1116,0.11335,113.35,9.371,9.371,41.684,4.2507,4250.7,4.74,4.74,120.4,12.04,1.752,1.752,44.5,4.45,Factory Option,Ultrasonically Passivate with Citric Acid for 10 mins At 131 Deg F,0.04891,0.499,0.499,12.67,1.267,Random,0.063,0.063,1.6,0.16
LE 063F 05 M,LE 063F 05 M,LE063F05M,Extension Spring,11,Stock,,Yes,Yes,Yes,Yes,Yes,Yes,Yes,Yes,Yes,Standard Extension Series (inch),NR,Music Wire,MW,ASTM A228,0.625,0.625,15.88,1.588,0.015,0.015,0.38,0.038,3,3,76.2,7.62,0.05,0.05,1.27,0.127,4.3,4.3,0.753,7.53,0.0768,0.768,76.8,768,0.43,0.43,0.0753,0.753,0.00768,0.0768,7.68,76.8,0.499,0.499,12.67,1.267,REF,Reference,Reference,Reference,30.9582,31,0.063,0.063,1.6,0.16,Standard Loops,1.5,1.5,6.672,0.6804,680.4,0.3,0.3,1.3345,0.13608,136.08,15,15,66.723,6.804,6804,6.14,6.14,155.96,15.596,2.002,2.002,50.85,5.085,Factory Option,Zinc Plate and Bake per ASTM B633,0.05419,0.499,0.499,12.67,1.267,Random,0.063,0.063,1.6,0.16
LE 063F 05 S,LE 063F 05 S,LE063F05S,Extension Spring,11,Stock,,Yes,Yes,Yes,Yes,Yes,Yes,Yes,Yes,Yes,Standard Extension Series (inch),NR,Stainless Steel,SS,ASTM A313,0.625,0.625,15.88,1.588,0.015,0.015,0.38,0.038,3,3,76.2,7.62,0.05,0.05,1.27,0.127,3.58,3.58,0.627,6.27,0.0639,0.639,63.9,639,0.358,0.358,0.0627,0.627,0.00639,0.0639,6.39,63.9,0.499,0.499,12.67,1.267,REF,Reference,Reference,Reference,30.987,31,0.063,0.063,1.6,0.16,Standard Loops,1.2495,1.2495,5.558,0.5668,566.8,0.2499,0.2499,1.1116,0.11335,113.35,12.495,12.495,55.581,5.6677,5667.7,6.14,6.14,155.96,15.596,2.002,2.002,50.85,5.085,Factory Option,Passivate per ASTM A967,0.05527,0.499,0.499,12.67,1.267,Random,0.063,0.063,1.6,0.16
LE 063F 05 S316,LE 063F 05 S316,LE063F05S316,Extension Spring,11,Stock,,Yes,Yes,Yes,Yes,Yes,Yes,Yes,Yes,Yes,Standard Extension Series (inch),NR,Stainless Steel Type 316,SS 316,ASTM A313,0.625,0.625,15.88,1.588,0.015,0.015,0.38,0.038,3,3,76.2,7.62,0.05,0.05,1.27,0.127,3.58,3.58,0.627,6.27,0.0639,0.639,63.9,639,0.358,0.358,0.0627,0.627,0.00639,0.0639,6.39,63.9,0.499,0.499,12.67,1.267,REF,Reference,Reference,Reference,30.987,31,0.063,0.063,1.6,0.16,Standard Loops,1.2495,1.2495,5.558,0.5668,566.8,0.2499,0.2499,1.1116,0.11335,113.35,9.371,9.371,41.684,4.2507,4250.7,5.268,5.268,133.81,13.381,2.002,2.002,50.85,5.085,Factory Option,Ultrasonically Passivate with Citric Acid for 10 mins At 131 Deg F,0.05527,0.499,0.499,12.67,1.267,Random,0.063,0.063,1.6,0.16
LE 063F 06 M,LE 063F 06 M,LE063F06M,Extension Spring,11,Stock,,Yes,Yes,Yes,Yes,Yes,Yes,Yes,Yes,Yes,Standard Extension Series (inch),NR,Music Wire,MW,ASTM A228,0.625,0.625,15.88,1.588,0.015,0.015,0.38,0.038,3.5,3.5,88.9,8.89,0.06,0.06,1.52,0.152,3.4,3.4,0.595,5.95,0.0607,0.607,60.7,607,0.34,0.34,0.0595,0.595,0.00607,0.0607,6.07,60.7,0.499,0.499,12.67,1.267,REF,Reference,Reference,Reference,39.153,39.2,0.063,0.063,1.6,0.16,Standard Loops,1.5,1.5,6.672,0.6804,680.4,0.3,0.3,1.3345,0.13608,136.08,15,15,66.723,6.804,6804,7.47,7.47,189.74,18.974,2.502,2.502,63.55,6.355,Factory Option,Zinc Plate and Bake per ASTM B633,0.06766,0.499,0.499,12.67,1.267,Random,0.063,0.063,1.6,0.16
LE 063F 06 S,LE 063F 06 S,LE063F06S,Extension Spring,11,Stock,,Yes,Yes,Yes,Yes,Yes,Yes,Yes,Yes,Yes,Standard Extension Series (inch),NR,Stainless Steel,SS,ASTM A313,0.625,0.625,15.88,1.588,0.015,0.015,0.38,0.038,3.5,3.5,88.9,8.89,0.06,0.06,1.52,0.152,2.83,2.83,0.496,4.96,0.0505,0.505,50.5,505,0.283,0.283,0.0496,0.496,0.00505,0.0505,5.05,50.5,0.499,0.499,12.67,1.267,REF,Reference,Reference,Reference,39.1991,39.2,0.063,0.063,1.6,0.16,Standard Loops,1.2495,1.2495,5.558,0.5668,566.8,0.2499,0.2499,1.1116,0.11335,113.35,12.495,12.495,55.581,5.6677,5667.7,7.47,7.47,189.74,18.974,2.502,2.502,63.55,6.355,Factory Option,Passivate per ASTM A967,0.06903,0.499,0.499,12.67,1.267,Random,0.063,0.063,1.6,0.16
LE 063F 06 S316,LE 063F 06 S316,LE063F06S316,Extension Spring,11,Stock,,Yes,Yes,Yes,Yes,Yes,Yes,Yes,Yes,Yes,Standard Extension Series (inch),NR,Stainless Steel Type 316,SS 316,ASTM A313,0.625,0.625,15.88,1.588,0.015,0.015,0.38,0.038,3.5,3.5,88.9,8.89,0.06,0.06,1.52,0.152,2.83,2.83,0.496,4.96,0.0505,0.505,50.5,505,0.283,0.283,0.0496,0.496,0.00505,0.0505,5.05,50.5,0.499,0.499,12.67,1.267,REF,Reference,Reference,Reference,39.1991,39.2,0.063,0.063,1.6,0.16,Standard Loops,1.2495,1.2495,5.558,0.5668,566.8,0.2499,0.2499,1.1116,0.11335,113.35,9.371,9.371,41.684,4.2507,4250.7,6.369,6.369,161.77,16.177,2.502,2.502,63.55,6.355,Factory Option,Ultrasonically Passivate with Citric Acid for 10 mins At 131 Deg F,0.06903,0.499,0.499,12.67,1.267,Random,0.063,0.063,1.6,0.16
LE 063F 07 M,LE 063F 07 M,LE063F07M,Extension Spring,11,Stock,,Yes,Yes,Yes,Yes,Yes,Yes,Yes,Yes,Yes,Standard Extension Series (inch),NR,Music Wire,MW,ASTM A228,0.625,0.625,15.88,1.588,0.015,0.015,0.38,0.038,4,4,101.6,10.16,0.06,0.06,1.52,0.152,2.9,2.9,0.508,5.08,0.0518,0.518,51.8,518,0.29,0.29,0.0508,0.508,0.00518,0.0518,5.18,51.8,0.499,0.499,12.67,1.267,REF,Reference,Reference,Reference,45.9035,45.9,0.063,0.063,1.6,0.16,Standard Loops,1.5,1.5,6.672,0.6804,680.4,0.3,0.3,1.3345,0.13608,136.08,15,15,66.723,6.804,6804,8.66,8.66,219.96,21.996,3.002,3.002,76.25,7.625,Factory Option,Zinc Plate and Bake per ASTM B633,0.07876,0.499,0.499,12.67,1.267,Random,0.063,0.063,1.6,0.16
LE 063F 07 S,LE 063F 07 S,LE063F07S,Extension Spring,11,Stock,,Yes,Yes,Yes,Yes,Yes,Yes,Yes,Yes,Yes,Standard Extension Series (inch),NR,Stainless Steel,SS,ASTM A313,0.625,0.625,15.88,1.588,0.015,0.015,0.38,0.038,4,4,101.6,10.16,0.06,0.06,1.52,0.152,2.42,2.42,0.424,4.24,0.0432,0.432,43.2,432,0.242,0.242,0.0424,0.424,0.00432,0.0432,4.32,43.2,0.499,0.499,12.67,1.267,REF,Reference,Reference,Reference,45.8403,45.8,0.063,0.063,1.6,0.16,Standard Loops,1.2495,1.2495,5.558,0.5668,566.8,0.2499,0.2499,1.1116,0.11335,113.35,12.495,12.495,55.581,5.6677,5667.7,8.66,8.66,219.96,21.996,3.002,3.002,76.25,7.625,Factory Option,Passivate per ASTM A967,0.08016,0.499,0.499,12.67,1.267,Random,0.063,0.063,1.6,0.16
LE 063F 07 S316,LE 063F 07 S316,LE063F07S316,Extension Spring,11,Stock,,Yes,Yes,Yes,Yes,Yes,Yes,Yes,Yes,Yes,Standard Extension Series (inch),NR,Stainless Steel Type 316,SS 316,ASTM A313,0.625,0.625,15.88,1.588,0.015,0.015,0.38,0.038,4,4,101.6,10.16,0.06,0.06,1.52,0.152,2.42,2.42,0.424,4.24,0.0432,0.432,43.2,432,0.242,0.242,0.0424,0.424,0.00432,0.0432,4.32,43.2,0.499,0.499,12.67,1.267,REF,Reference,Reference,Reference,45.8403,45.8,0.063,0.063,1.6,0.16,Standard Loops,1.2495,1.2495,5.558,0.5668,566.8,0.2499,0.2499,1.1116,0.11335,113.35,9.371,9.371,41.684,4.2507,4250.7,7.355,7.355,186.82,18.682,3.002,3.002,76.25,7.625,Factory Option,Ultrasonically Passivate with Citric Acid for 10 mins At 131 Deg F,0.08016,0.499,0.499,12.67,1.267,Random,0.063,0.063,1.6,0.16
LE 063F 08 M,LE 063F 08 M,LE063F08M,Extension Spring,11,Stock,,Yes,Yes,Yes,Yes,Yes,Yes,Yes,Yes,Yes,Standard Extension Series (inch),NR,Music Wire,MW,ASTM A228,0.625,0.625,15.88,1.588,0.015,0.015,0.38,0.038,4.5,4.5,114.3,11.43,0.075,0.075,1.91,0.191,2.4,2.4,0.42,4.2,0.0429,0.429,42.9,429,0.24,0.24,0.042,0.42,0.00429,0.0429,4.29,42.9,0.499,0.499,12.67,1.267,REF,Reference,Reference,Reference,55.4668,55.5,0.063,0.063,1.6,0.16,Standard Loops,1.5,1.5,6.672,0.6804,680.4,0.3,0.3,1.3345,0.13608,136.08,15,15,66.723,6.804,6804,10.13,10.13,257.3,25.73,3.502,3.502,88.95,8.895,Factory Option,Zinc Plate and Bake per ASTM B633,0.09448,0.499,0.499,12.67,1.267,Random,0.063,0.063,1.6,0.16
LE 063F 08 S,LE 063F 08 S,LE063F08S,Extension Spring,11,Stock,,Yes,Yes,Yes,Yes,Yes,Yes,Yes,Yes,Yes,Standard Extension Series (inch),NR,Stainless Steel,SS,ASTM A313,0.625,0.625,15.88,1.588,0.015,0.015,0.38,0.038,4.5,4.5,114.3,11.43,0.075,0.075,1.91,0.191,2,2,0.35,3.5,0.0357,0.357,35.7,357,0.2,0.2,0.035,0.35,0.00357,0.0357,3.57,35.7,0.499,0.499,12.67,1.267,REF,Reference,Reference,Reference,55.4668,55.5,0.063,0.063,1.6,0.16,Standard Loops,1.2495,1.2495,5.558,0.5668,566.8,0.2499,0.2499,1.1116,0.11335,113.35,12.495,12.495,55.581,5.6677,5667.7,10.13,10.13,257.3,25.73,3.502,3.502,88.95,8.895,Factory Option,Passivate per ASTM A967,0.09628,0.499,0.499,12.67,1.267,Random,0.063,0.063,1.6,0.16
LE 063F 08 S316,LE 063F 08 S316,LE063F08S316,Extension Spring,11,Stock,,Yes,Yes,Yes,Yes,Yes,Yes,Yes,Yes,Yes,Standard Extension Series (inch),NR,Stainless Steel Type 316,SS 316,ASTM A313,0.625,0.625,15.88,1.588,0.015,0.015,0.38,0.038,4.5,4.5,114.3,11.43,0.075,0.075,1.91,0.191,2,2,0.35,3.5,0.0357,0.357,35.7,357,0.2,0.2,0.035,0.35,0.00357,0.0357,3.57,35.7,0.499,0.499,12.67,1.267,REF,Reference,Reference,Reference,55.4668,55.5,0.063,0.063,1.6,0.16,Standard Loops,1.2495,1.2495,5.558,0.5668,566.8,0.2499,0.2499,1.1116,0.11335,113.35,9.371,9.371,41.684,4.2507,4250.7,8.56,8.56,217.42,21.742,3.502,3.502,88.95,8.895,Factory Option,Ultrasonically Passivate with Citric Acid for 10 mins At 131 Deg F,0.09628,0.499,0.499,12.67,1.267,Random,0.063,0.063,1.6,0.16
LE 063F 09 M,LE 063F 09 M,LE063F09M,Extension Spring,11,Stock,,Yes,Yes,Yes,Yes,Yes,Yes,Yes,Yes,Yes,Standard Extension Series (inch),NR,Music Wire,MW,ASTM A228,0.625,0.625,15.88,1.588,0.015,0.015,0.38,0.038,5,5,127,12.7,0.075,0.075,1.91,0.191,2.13,2.13,0.373,3.73,0.038,0.38,38,380,0.213,0.213,0.0373,0.373,0.0038,0.038,3.8,38,0.499,0.499,12.67,1.267,REF,Reference,Reference,Reference,62.4978,62.5,0.063,0.063,1.6,0.16,Standard Loops,1.5,1.5,6.672,0.6804,680.4,0.3,0.3,1.3345,0.13608,136.08,15,15,66.723,6.804,6804,11.34,11.34,288.04,28.804,4.002,4.002,101.65,10.165,Factory Option,Zinc Plate and Bake per ASTM B633,0.10604,0.499,0.499,12.67,1.267,Random,0.063,0.063,1.6,0.16
LE 063F 09 S,LE 063F 09 S,LE063F09S,Extension Spring,11,Stock,,Yes,Yes,Yes,Yes,Yes,Yes,Yes,Yes,Yes,Standard Extension Series (inch),NR,Stainless Steel,SS,ASTM A313,0.625,0.625,15.88,1.588,0.015,0.015,0.38,0.038,5,5,127,12.7,0.075,0.075,1.91,0.191,1.77,1.77,0.31,3.1,0.0316,0.316,31.6,316,0.177,0.177,0.031,0.31,0.00316,0.0316,3.16,31.6,0.499,0.499,12.67,1.267,REF,Reference,Reference,Reference,62.6743,62.7,0.063,0.063,1.6,0.16,Standard Loops,1.2495,1.2495,5.558,0.5668,566.8,0.2499,0.2499,1.1116,0.11335,113.35,12.495,12.495,55.581,5.6677,5667.7,11.34,11.34,288.04,28.804,4.002,4.002,101.65,10.165,Factory Option,Passivate per ASTM A967,0.10836,0.499,0.499,12.67,1.267,Random,0.063,0.063,1.6,0.16
LE 063F 09 S316,LE 063F 09 S316,LE063F09S316,Extension Spring,11,Stock,,Yes,Yes,Yes,Yes,Yes,Yes,Yes,Yes,Yes,Standard Extension Series (inch),NR,Stainless Steel Type 316,SS 316,ASTM A313,0.625,0.625,15.88,1.588,0.015,0.015,0.38,0.038,5,5,127,12.7,0.075,0.075,1.91,0.191,1.77,1.77,0.31,3.1,0.0316,0.316,31.6,316,0.177,0.177,0.031,0.31,0.00316,0.0316,3.16,31.6,0.499,0.499,12.67,1.267,REF,Reference,Reference,Reference,62.6743,62.7,0.063,0.063,1.6,0.16,Standard Loops,1.2495,1.2495,5.558,0.5668,566.8,0.2499,0.2499,1.1116,0.11335,113.35,9.371,9.371,41.684,4.2507,4250.7,9.588,9.588,243.54,24.354,4.002,4.002,101.65,10.165,Factory Option,Ultrasonically Passivate with Citric Acid for 10 mins At 131 Deg F,0.10836,0.499,0.499,12.67,1.267,Random,0.063,0.063,1.6,0.16
LE 063FG 0 M,LE 063FG 0 M,LE063FG0M,Extension Spring,11,Stock,,Yes,Yes,Yes,Yes,Yes,Yes,Yes,Yes,Yes,Standard Extension Series (inch),NR,Music Wire,MW,ASTM A228,0.65,0.65,16.51,1.651,0.015,0.015,0.38,0.038,1.75,1.75,44.45,4.445,0.04,0.04,1.02,0.102,11.07,11.07,1.939,19.39,0.1977,1.977,197.7,1977,1.107,1.107,0.1939,1.939,0.01977,0.1977,19.77,197.7,0.525,0.525,13.34,1.334,REF,Reference,Reference,Reference,10.2,10.2,0.0625,0.0625,1.59,0.159,Standard Loops,1.5,1.5,6.672,0.6804,680.4,0.3,0.3,1.3345,0.13608,136.08,14.5,14.5,64.499,6.5772,6577.2,2.924,2.924,74.27,7.427,0.7,0.7,17.78,1.778,Factory Option,Zinc Plate and Bake per ASTM B633,0.0206,0.525,0.525,13.34,1.334,Random,0.0625,0.0625,1.59,0.159
LE 063FG 0 S,LE 063FG 0 S,LE063FG0S,Extension Spring,11,Stock,,Yes,Yes,Yes,Yes,Yes,Yes,Yes,Yes,Yes,Standard Extension Series (inch),NR,Stainless Steel,SS,ASTM A313,0.65,0.65,16.51,1.651,0.015,0.015,0.38,0.038,1.75,1.75,44.45,4.445,0.04,0.04,1.02,0.102,9.225,9.225,1.616,16.16,0.1647,1.647,164.7,1647,0.9225,0.9225,0.1616,1.616,0.01647,0.1647,16.47,164.7,0.525,0.525,13.34,1.334,REF,Reference,Reference,Reference,10.2,10.2,0.0625,0.0625,1.59,0.159,Standard Loops,1.25,1.25,5.56,0.567,567,0.25,0.25,1.1121,0.1134,113.4,12.0833,12.0833,53.749,5.481,5481,2.924,2.924,74.27,7.427,0.7,0.7,17.78,1.778,Factory Option,Passivate per ASTM A967,0.02075,0.525,0.525,13.34,1.334,Random,0.0625,0.0625,1.59,0.159
LE 063FG 0 S316,LE 063FG 0 S316,LE063FG0S316,Extension Spring,11,Stock,,Yes,Yes,Yes,Yes,Yes,Yes,Yes,Yes,Yes,Standard Extension Series (inch),NR,Stainless Steel Type 316,SS 316,ASTM A313,0.65,0.65,16.51,1.651,0.015,0.015,0.38,0.038,1.75,1.75,44.45,4.445,0.04,0.04,1.02,0.102,9.225,9.225,1.616,16.16,0.1647,1.647,164.7,1647,0.9225,0.9225,0.1616,1.616,0.01647,0.1647,16.47,164.7,0.525,0.525,13.34,1.334,REF,Reference,Reference,Reference,10.2,10.2,0.0625,0.0625,1.59,0.159,Standard Loops,1.25,1.25,5.56,0.567,567,0.25,0.25,1.1121,0.1134,113.4,9.062,9.062,40.31,4.1105,4110.5,2.596,2.596,65.94,6.594,0.7,0.7,17.78,1.778,Factory Option,Ultrasonically Passivate with Citric Acid for 10 mins At 131 Deg F,0.02075,0.525,0.525,13.34,1.334,Random,0.0625,0.0625,1.59,0.159
LE 063FG 00M,LE 063FG 00M,LE063FG00M,Extension Spring,11,Stock,,Yes,Yes,Yes,Yes,Yes,Yes,Yes,Yes,Yes,Standard Extension Series (inch),NR,Music Wire,MW,ASTM A228,0.65,0.65,16.51,1.651,0.015,0.015,0.38,0.038,1.5,1.5,38.1,3.81,0.035,0.035,0.89,0.089,18.21,18.21,3.189,31.89,0.3252,3.252,325.2,3252,1.821,1.821,0.3189,3.189,0.03252,0.3252,32.52,325.2,0.525,0.525,13.34,1.334,REF,Reference,Reference,Reference,6.2,6.2,0.0625,0.0625,1.59,0.159,Standard Loops,1.5,1.5,6.672,0.6804,680.4,0.3,0.3,1.3345,0.13608,136.08,14.5,14.5,64.499,6.5772,6577.2,2.214,2.214,56.24,5.624,0.45,0.45,11.43,1.143,Factory Option,Zinc Plate and Bake per ASTM B633,0.01385,0.525,0.525,13.34,1.334,Random,0.0625,0.0625,1.59,0.159
LE 063FG 00S,LE 063FG 00S,LE063FG00S,Extension Spring,11,Stock,,Yes,Yes,Yes,Yes,Yes,Yes,Yes,Yes,Yes,Standard Extension Series (inch),NR,Stainless Steel,SS,ASTM A313,0.65,0.65,16.51,1.651,0.015,0.015,0.38,0.038,1.5,1.5,38.1,3.81,0.035,0.035,0.89,0.089,15.175,15.175,2.658,26.58,0.271,2.71,271,2710,1.5175,1.5175,0.2658,2.658,0.0271,0.271,27.1,271,0.525,0.525,13.34,1.334,REF,Reference,Reference,Reference,6.2,6.2,0.0625,0.0625,1.59,0.159,Standard Loops,1.25,1.25,5.56,0.567,567,0.25,0.25,1.1121,0.1134,113.4,12.0833,12.0833,53.749,5.481,5481,2.214,2.214,56.24,5.624,0.45,0.45,11.43,1.143,Factory Option,Passivate per ASTM A967,0.01394,0.525,0.525,13.34,1.334,Random,0.0625,0.0625,1.59,0.159
LE 063FG 00S316,LE 063FG 00S316,LE063FG00S316,Extension Spring,11,Stock,,Yes,Yes,Yes,Yes,Yes,Yes,Yes,Yes,Yes,Standard Extension Series (inch),NR,Stainless Steel Type 316,SS 316,ASTM A313,0.65,0.65,16.51,1.651,0.015,0.015,0.38,0.038,1.5,1.5,38.1,3.81,0.035,0.035,0.89,0.089,15.175,15.175,2.658,26.58,0.271,2.71,271,2710,1.5175,1.5175,0.2658,2.658,0.0271,0.271,27.1,271,0.525,0.525,13.34,1.334,REF,Reference,Reference,Reference,6.2,6.2,0.0625,0.0625,1.59,0.159,Standard Loops,1.25,1.25,5.56,0.567,567,0.25,0.25,1.1121,0.1134,113.4,9.062,9.062,40.31,4.1105,4110.5,2.014,2.014,51.16,5.116,0.45,0.45,11.43,1.143,Factory Option,Ultrasonically Passivate with Citric Acid for 10 mins At 131 Deg F,0.01394,0.525,0.525,13.34,1.334,Random,0.0625,0.0625,1.59,0.159
LE 063FG 01M,LE 063FG 01M,LE063FG01M,Extension Spring,11,Stock,,Yes,Yes,Yes,Yes,Yes,Yes,Yes,Yes,Yes,Standard Extension Series (inch),NR,Music Wire,MW,ASTM A228,0.65,0.65,16.51,1.651,0.015,0.015,0.38,0.038,2,2,50.8,5.08,0.04,0.04,1.02,0.102,7.95,7.95,1.392,13.92,0.142,1.42,142,1420,0.795,0.795,0.1392,1.392,0.0142,0.142,14.2,142,0.525,0.525,13.34,1.334,REF,Reference,Reference,Reference,14.2,14.2,0.0625,0.0625,1.59,0.159,Standard Loops,1.5,1.5,6.672,0.6804,680.4,0.3,0.3,1.3345,0.13608,136.08,14.5,14.5,64.499,6.5772,6577.2,3.635,3.635,92.33,9.233,0.95,0.95,24.13,2.413,Factory Option,Zinc Plate and Bake per ASTM B633,0.02736,0.525,0.525,13.34,1.334,Random,0.0625,0.0625,1.59,0.159
LE 063FG 01S,LE 063FG 01S,LE063FG01S,Extension Spring,11,Stock,,Yes,Yes,Yes,Yes,Yes,Yes,Yes,Yes,Yes,Standard Extension Series (inch),NR,Stainless Steel,SS,ASTM A313,0.65,0.65,16.51,1.651,0.015,0.015,0.38,0.038,2,2,50.8,5.08,0.04,0.04,1.02,0.102,6.625,6.625,1.16,11.6,0.1183,1.183,118.3,1183,0.6625,0.6625,0.116,1.16,0.01183,0.1183,11.83,118.3,0.525,0.525,13.34,1.334,REF,Reference,Reference,Reference,14.2,14.2,0.0625,0.0625,1.59,0.159,Standard Loops,1.25,1.25,5.56,0.567,567,0.25,0.25,1.1121,0.1134,113.4,12.0833,12.0833,53.749,5.481,5481,3.635,3.635,92.33,9.233,0.95,0.95,24.13,2.413,Factory Option,Passivate per ASTM A967,0.02755,0.525,0.525,13.34,1.334,Random,0.0625,0.0625,1.59,0.159
LE 063FG 01S316,LE 063FG 01S316,LE063FG01S316,Extension Spring,11,Stock,,Yes,Yes,Yes,Yes,Yes,Yes,Yes,Yes,Yes,Standard Extension Series (inch),NR,Stainless Steel Type 316,SS 316,ASTM A313,0.65,0.65,16.51,1.651,0.015,0.015,0.38,0.038,2,2,50.8,5.08,0.04,0.04,1.02,0.102,6.625,6.625,1.16,11.6,0.1183,1.183,118.3,1183,0.6625,0.6625,0.116,1.16,0.01183,0.1183,11.83,118.3,0.525,0.525,13.34,1.334,REF,Reference,Reference,Reference,14.2,14.2,0.0625,0.0625,1.59,0.159,Standard Loops,1.25,1.25,5.56,0.567,567,0.25,0.25,1.1121,0.1134,113.4,9.062,9.062,40.31,4.1105,4110.5,3.179,3.179,80.75,8.075,0.95,0.95,24.13,2.413,Factory Option,Ultrasonically Passivate with Citric Acid for 10 mins At 131 Deg F,0.02755,0.525,0.525,13.34,1.334,Random,0.0625,0.0625,1.59,0.159
LE 063FG 02M,LE 063FG 02M,LE063FG02M,Extension Spring,11,Stock,,Yes,Yes,Yes,Yes,Yes,Yes,Yes,Yes,Yes,Standard Extension Series (inch),NR,Music Wire,MW,ASTM A228,0.65,0.65,16.51,1.651,0.015,0.015,0.38,0.038,2.25,2.25,57.15,5.715,0.05,0.05,1.27,0.127,6.2,6.2,1.086,10.86,0.1107,1.107,110.7,1107,0.62,0.62,0.1086,1.086,0.01107,0.1107,11.07,110.7,0.525,0.525,13.34,1.334,REF,Reference,Reference,Reference,18.2,18.2,0.0625,0.0625,1.59,0.159,Standard Loops,1.5,1.5,6.672,0.6804,680.4,0.3,0.3,1.3345,0.13608,136.08,14.5,14.5,64.499,6.5772,6577.2,4.347,4.347,110.41,11.041,1.2,1.2,30.48,3.048,Factory Option,Zinc Plate and Bake per ASTM B633,0.03411,0.525,0.525,13.34,1.334,Random,0.0625,0.0625,1.59,0.159
LE 063FG 02S,LE 063FG 02S,LE063FG02S,Extension Spring,11,Stock,,Yes,Yes,Yes,Yes,Yes,Yes,Yes,Yes,Yes,Standard Extension Series (inch),NR,Stainless Steel,SS,ASTM A313,0.65,0.65,16.51,1.651,0.015,0.015,0.38,0.038,2.25,2.25,57.15,5.715,0.05,0.05,1.27,0.127,5.167,5.167,0.905,9.05,0.0923,0.923,92.3,923,0.5167,0.5167,0.0905,0.905,0.00923,0.0923,9.23,92.3,0.525,0.525,13.34,1.334,REF,Reference,Reference,Reference,18.2,18.2,0.0625,0.0625,1.59,0.159,Standard Loops,1.25,1.25,5.56,0.567,567,0.25,0.25,1.1121,0.1134,113.4,12.0833,12.0833,53.749,5.481,5481,4.347,4.347,110.41,11.041,1.2,1.2,30.48,3.048,Factory Option,Passivate per ASTM A967,0.03435,0.525,0.525,13.34,1.334,Random,0.0625,0.0625,1.59,0.159
LE 063FG 02S316,LE 063FG 02S316,LE063FG02S316,Extension Spring,11,Stock,,Yes,Yes,Yes,Yes,Yes,Yes,Yes,Yes,Yes,Standard Extension Series (inch),NR,Stainless Steel Type 316,SS 316,ASTM A313,0.65,0.65,16.51,1.651,0.015,0.015,0.38,0.038,2.25,2.25,57.15,5.715,0.05,0.05,1.27,0.127,5.167,5.167,0.905,9.05,0.0923,0.923,92.3,923,0.5167,0.5167,0.0905,0.905,0.00923,0.0923,9.23,92.3,0.525,0.525,13.34,1.334,REF,Reference,Reference,Reference,18.2,18.2,0.0625,0.0625,1.59,0.159,Standard Loops,1.25,1.25,5.56,0.567,567,0.25,0.25,1.1121,0.1134,113.4,9.062,9.062,40.31,4.1105,4110.5,3.761,3.761,95.53,9.553,1.2,1.2,30.48,3.048,Factory Option,Ultrasonically Passivate with Citric Acid for 10 mins At 131 Deg F,0.03435,0.525,0.525,13.34,1.334,Random,0.0625,0.0625,1.59,0.159
LE 063FG 03M,LE 063FG 03M,LE063FG03M,Extension Spring,11,Stock,,Yes,Yes,Yes,Yes,Yes,Yes,Yes,Yes,Yes,Standard Extension Series (inch),NR,Music Wire,MW,ASTM A228,0.65,0.65,16.51,1.651,0.015,0.015,0.38,0.038,2.5,2.5,63.5,6.35,0.05,0.05,1.27,0.127,5.08,5.08,0.89,8.9,0.0907,0.907,90.7,907,0.508,0.508,0.089,0.89,0.00907,0.0907,9.07,90.7,0.525,0.525,13.34,1.334,REF,Reference,Reference,Reference,22.2,22.2,0.0625,0.0625,1.59,0.159,Standard Loops,1.5,1.5,6.672,0.6804,680.4,0.3,0.3,1.3345,0.13608,136.08,14.5,14.5,64.499,6.5772,6577.2,5.059,5.059,128.5,12.85,1.45,1.45,36.83,3.683,Factory Option,Zinc Plate and Bake per ASTM B633,0.04086,0.525,0.525,13.34,1.334,Random,0.0625,0.0625,1.59,0.159
LE 063FG 03S,LE 063FG 03S,LE063FG03S,Extension Spring,11,Stock,,Yes,Yes,Yes,Yes,Yes,Yes,Yes,Yes,Yes,Standard Extension Series (inch),NR,Stainless Steel,SS,ASTM A313,0.65,0.65,16.51,1.651,0.015,0.015,0.38,0.038,2.5,2.5,63.5,6.35,0.05,0.05,1.27,0.127,4.233,4.233,0.741,7.41,0.0756,0.756,75.6,756,0.4233,0.4233,0.0741,0.741,0.00756,0.0756,7.56,75.6,0.525,0.525,13.34,1.334,REF,Reference,Reference,Reference,22.2,22.2,0.0625,0.0625,1.59,0.159,Standard Loops,1.25,1.25,5.56,0.567,567,0.25,0.25,1.1121,0.1134,113.4,12.0833,12.0833,53.749,5.481,5481,5.059,5.059,128.5,12.85,1.45,1.45,36.83,3.683,Factory Option,Passivate per ASTM A967,0.04115,0.525,0.525,13.34,1.334,Random,0.0625,0.0625,1.59,0.159
LE 063FG 03S316,LE 063FG 03S316,LE063FG03S316,Extension Spring,11,Stock,,Yes,Yes,Yes,Yes,Yes,Yes,Yes,Yes,Yes,Standard Extension Series (inch),NR,Stainless Steel Type 316,SS 316,ASTM A313,0.65,0.65,16.51,1.651,0.015,0.015,0.38,0.038,2.5,2.5,63.5,6.35,0.05,0.05,1.27,0.127,4.233,4.233,0.741,7.41,0.0756,0.756,75.6,756,0.4233,0.4233,0.0741,0.741,0.00756,0.0756,7.56,75.6,0.525,0.525,13.34,1.334,REF,Reference,Reference,Reference,22.2,22.2,0.0625,0.0625,1.59,0.159,Standard Loops,1.25,1.25,5.56,0.567,567,0.25,0.25,1.1121,0.1134,113.4,9.062,9.062,40.31,4.1105,4110.5,4.345,4.345,110.36,11.036,1.45,1.45,36.83,3.683,Factory Option,Ultrasonically Passivate with Citric Acid for 10 mins At 131 Deg F,0.04115,0.525,0.525,13.34,1.334,Random,0.0625,0.0625,1.59,0.159
LE 063FG 04M,LE 063FG 04M,LE063FG04M,Extension Spring,11,Stock,,Yes,Yes,Yes,Yes,Yes,Yes,Yes,Yes,Yes,Standard Extension Series (inch),NR,Music Wire,MW,ASTM A228,0.65,0.65,16.51,1.651,0.015,0.015,0.38,0.038,2.75,2.75,69.85,6.985,0.055,0.055,1.4,0.14,4.31,4.31,0.755,7.55,0.077,0.77,77,770,0.431,0.431,0.0755,0.755,0.0077,0.077,7.7,77,0.525,0.525,13.34,1.334,REF,Reference,Reference,Reference,26.2,26.2,0.0625,0.0625,1.59,0.159,Standard Loops,1.5,1.5,6.672,0.6804,680.4,0.3,0.3,1.3345,0.13608,136.08,14.5,14.5,64.499,6.5772,6577.2,5.766,5.766,146.46,14.646,1.7,1.7,43.18,4.318,Factory Option,Zinc Plate and Bake per ASTM B633,0.04762,0.525,0.525,13.34,1.334,Random,0.0625,0.0625,1.59,0.159
LE 063FG 04S,LE 063FG 04S,LE063FG04S,Extension Spring,11,Stock,,Yes,Yes,Yes,Yes,Yes,Yes,Yes,Yes,Yes,Standard Extension Series (inch),NR,Stainless Steel,SS,ASTM A313,0.65,0.65,16.51,1.651,0.015,0.015,0.38,0.038,2.75,2.75,69.85,6.985,0.055,0.055,1.4,0.14,3.592,3.592,0.629,6.29,0.0641,0.641,64.1,641,0.3592,0.3592,0.0629,0.629,0.00641,0.0641,6.41,64.1,0.525,0.525,13.34,1.334,REF,Reference,Reference,Reference,26.2,26.2,0.0625,0.0625,1.59,0.159,Standard Loops,1.25,1.25,5.56,0.567,567,0.25,0.25,1.1121,0.1134,113.4,12.0833,12.0833,53.749,5.481,5481,5.766,5.766,146.46,14.646,1.7,1.7,43.18,4.318,Factory Option,Passivate per ASTM A967,0.04795,0.525,0.525,13.34,1.334,Random,0.0625,0.0625,1.59,0.159
LE 063FG 04S316,LE 063FG 04S316,LE063FG04S316,Extension Spring,11,Stock,,Yes,Yes,Yes,Yes,Yes,Yes,Yes,Yes,Yes,Standard Extension Series (inch),NR,Stainless Steel Type 316,SS 316,ASTM A313,0.65,0.65,16.51,1.651,0.015,0.015,0.38,0.038,2.75,2.75,69.85,6.985,0.055,0.055,1.4,0.14,3.592,3.592,0.629,6.29,0.0641,0.641,64.1,641,0.3592,0.3592,0.0629,0.629,0.00641,0.0641,6.41,64.1,0.525,0.525,13.34,1.334,REF,Reference,Reference,Reference,26.2,26.2,0.0625,0.0625,1.59,0.159,Standard Loops,1.25,1.25,5.56,0.567,567,0.25,0.25,1.1121,0.1134,113.4,9.062,9.062,40.31,4.1105,4110.5,4.924,4.924,125.07,12.507,1.7,1.7,43.18,4.318,Factory Option,Ultrasonically Passivate with Citric Acid for 10 mins At 131 Deg F,0.04795,0.525,0.525,13.34,1.334,Random,0.0625,0.0625,1.59,0.159
LE 063FG 05M,LE 063FG 05M,LE063FG05M,Extension Spring,11,Stock,,Yes,Yes,Yes,Yes,Yes,Yes,Yes,Yes,Yes,Standard Extension Series (inch),NR,Music Wire,MW,ASTM A228,0.65,0.65,16.51,1.651,0.015,0.015,0.38,0.038,3,3,76.2,7.62,0.06,0.06,1.52,0.152,3.74,3.74,0.655,6.55,0.0668,0.668,66.8,668,0.374,0.374,0.0655,0.655,0.00668,0.0668,6.68,66.8,0.525,0.525,13.34,1.334,REF,Reference,Reference,Reference,30.2,30.2,0.0625,0.0625,1.59,0.159,Standard Loops,1.5,1.5,6.672,0.6804,680.4,0.3,0.3,1.3345,0.13608,136.08,14.5,14.5,64.499,6.5772,6577.2,6.476,6.476,164.49,16.449,1.95,1.95,49.53,4.953,Factory Option,Zinc Plate and Bake per ASTM B633,0.05437,0.525,0.525,13.34,1.334,Random,0.0625,0.0625,1.59,0.159
LE 063FG 05S,LE 063FG 05S,LE063FG05S,Extension Spring,11,Stock,,Yes,Yes,Yes,Yes,Yes,Yes,Yes,Yes,Yes,Standard Extension Series (inch),NR,Stainless Steel,SS,ASTM A313,0.65,0.65,16.51,1.651,0.015,0.015,0.38,0.038,3,3,76.2,7.62,0.06,0.06,1.52,0.152,3.117,3.117,0.546,5.46,0.0557,0.557,55.7,557,0.3117,0.3117,0.0546,0.546,0.00557,0.0557,5.57,55.7,0.525,0.525,13.34,1.334,REF,Reference,Reference,Reference,30.2,30.2,0.0625,0.0625,1.59,0.159,Standard Loops,1.25,1.25,5.56,0.567,567,0.25,0.25,1.1121,0.1134,113.4,12.0833,12.0833,53.749,5.481,5481,6.476,6.476,164.49,16.449,1.95,1.95,49.53,4.953,Factory Option,Passivate per ASTM A967,0.05475,0.525,0.525,13.34,1.334,Random,0.0625,0.0625,1.59,0.159
LE 063FG 05S316,LE 063FG 05S316,LE063FG05S316,Extension Spring,11,Stock,,Yes,Yes,Yes,Yes,Yes,Yes,Yes,Yes,Yes,Standard Extension Series (inch),NR,Stainless Steel Type 316,SS 316,ASTM A313,0.65,0.65,16.51,1.651,0.015,0.015,0.38,0.038,3,3,76.2,7.62,0.06,0.06,1.52,0.152,3.117,3.117,0.546,5.46,0.0557,0.557,55.7,557,0.3117,0.3117,0.0546,0.546,0.00557,0.0557,5.57,55.7,0.525,0.525,13.34,1.334,REF,Reference,Reference,Reference,30.2,30.2,0.0625,0.0625,1.59,0.159,Standard Loops,1.25,1.25,5.56,0.567,567,0.25,0.25,1.1121,0.1134,113.4,9.062,9.062,40.31,4.1105,4110.5,5.506,5.506,139.85,13.985,1.95,1.95,49.53,4.953,Factory Option,Ultrasonically Passivate with Citric Acid for 10 mins At 131 Deg F,0.05475,0.525,0.525,13.34,1.334,Random,0.0625,0.0625,1.59,0.159
LE 063FG 06M,LE 063FG 06M,LE063FG06M,Extension Spring,11,Stock,,Yes,Yes,Yes,Yes,Yes,Yes,Yes,Yes,Yes,Standard Extension Series (inch),NR,Music Wire,MW,ASTM A228,0.65,0.65,16.51,1.651,0.015,0.015,0.38,0.038,3.5,3.5,88.9,8.89,0.07,0.07,1.78,0.178,2.95,2.95,0.517,5.17,0.0527,0.527,52.7,527,0.295,0.295,0.0517,0.517,0.00527,0.0527,5.27,52.7,0.525,0.525,13.34,1.334,REF,Reference,Reference,Reference,38.2,38.2,0.0625,0.0625,1.59,0.159,Standard Loops,1.5,1.5,6.672,0.6804,680.4,0.3,0.3,1.3345,0.13608,136.08,14.5,14.5,64.499,6.5772,6577.2,7.907,7.907,200.84,20.084,2.45,2.45,62.23,6.223,Factory Option,Zinc Plate and Bake per ASTM B633,0.06788,0.525,0.525,13.34,1.334,Random,0.0625,0.0625,1.59,0.159
LE 063FG 06S,LE 063FG 06S,LE063FG06S,Extension Spring,11,Stock,,Yes,Yes,Yes,Yes,Yes,Yes,Yes,Yes,Yes,Standard Extension Series (inch),NR,Stainless Steel,SS,ASTM A313,0.65,0.65,16.51,1.651,0.015,0.015,0.38,0.038,3.5,3.5,88.9,8.89,0.07,0.07,1.78,0.178,2.458,2.458,0.43,4.3,0.0439,0.439,43.9,439,0.2458,0.2458,0.043,0.43,0.00439,0.0439,4.39,43.9,0.525,0.525,13.34,1.334,REF,Reference,Reference,Reference,38.2,38.2,0.0625,0.0625,1.59,0.159,Standard Loops,1.25,1.25,5.56,0.567,567,0.25,0.25,1.1121,0.1134,113.4,12.0833,12.0833,53.749,5.481,5481,7.907,7.907,200.84,20.084,2.45,2.45,62.23,6.223,Factory Option,Passivate per ASTM A967,0.06836,0.525,0.525,13.34,1.334,Random,0.0625,0.0625,1.59,0.159
LE 063FG 06S316,LE 063FG 06S316,LE063FG06S316,Extension Spring,11,Stock,,Yes,Yes,Yes,Yes,Yes,Yes,Yes,Yes,Yes,Standard Extension Series (inch),NR,Stainless Steel Type 316,SS 316,ASTM A313,0.65,0.65,16.51,1.651,0.015,0.015,0.38,0.038,3.5,3.5,88.9,8.89,0.07,0.07,1.78,0.178,2.458,2.458,0.43,4.3,0.0439,0.439,43.9,439,0.2458,0.2458,0.043,0.43,0.00439,0.0439,4.39,43.9,0.525,0.525,13.34,1.334,REF,Reference,Reference,Reference,38.2,38.2,0.0625,0.0625,1.59,0.159,Standard Loops,1.25,1.25,5.56,0.567,567,0.25,0.25,1.1121,0.1134,113.4,9.062,9.062,40.31,4.1105,4110.5,6.678,6.678,169.62,16.962,2.45,2.45,62.23,6.223,Factory Option,Ultrasonically Passivate with Citric Acid for 10 mins At 131 Deg F,0.06836,0.525,0.525,13.34,1.334,Random,0.0625,0.0625,1.59,0.159
LE 063FG 07M,LE 063FG 07M,LE063FG07M,Extension Spring,11,Stock,,Yes,Yes,Yes,Yes,Yes,Yes,Yes,Yes,Yes,Standard Extension Series (inch),NR,Music Wire,MW,ASTM A228,0.65,0.65,16.51,1.651,0.015,0.015,0.38,0.038,4,4,101.6,10.16,0.08,0.08,2.03,0.203,2.44,2.44,0.427,4.27,0.0436,0.436,43.6,436,0.244,0.244,0.0427,0.427,0.00436,0.0436,4.36,43.6,0.525,0.525,13.34,1.334,REF,Reference,Reference,Reference,46.2,46.2,0.0625,0.0625,1.59,0.159,Standard Loops,1.5,1.5,6.672,0.6804,680.4,0.3,0.3,1.3345,0.13608,136.08,14.5,14.5,64.499,6.5772,6577.2,9.328,9.328,236.93,23.693,2.95,2.95,74.93,7.493,Factory Option,Zinc Plate and Bake per ASTM B633,0.08139,0.525,0.525,13.34,1.334,Random,0.0625,0.0625,1.59,0.159
LE 063FG 07S,LE 063FG 07S,LE063FG07S,Extension Spring,11,Stock,,Yes,Yes,Yes,Yes,Yes,Yes,Yes,Yes,Yes,Standard Extension Series (inch),NR,Stainless Steel,SS,ASTM A313,0.65,0.65,16.51,1.651,0.015,0.015,0.38,0.038,4,4,101.6,10.16,0.08,0.08,2.03,0.203,2.033,2.033,0.356,3.56,0.0363,0.363,36.3,363,0.2033,0.2033,0.0356,0.356,0.00363,0.0363,3.63,36.3,0.525,0.525,13.34,1.334,REF,Reference,Reference,Reference,46.2,46.2,0.0625,0.0625,1.59,0.159,Standard Loops,1.25,1.25,5.56,0.567,567,0.25,0.25,1.1121,0.1134,113.4,12.0833,12.0833,53.749,5.481,5481,9.328,9.328,236.93,23.693,2.95,2.95,74.93,7.493,Factory Option,Passivate per ASTM A967,0.08196,0.525,0.525,13.34,1.334,Random,0.0625,0.0625,1.59,0.159
LE 063FG 07S316,LE 063FG 07S316,LE063FG07S316,Extension Spring,11,Stock,,Yes,Yes,Yes,Yes,Yes,Yes,Yes,Yes,Yes,Standard Extension Series (inch),NR,Stainless Steel Type 316,SS 316,ASTM A313,0.65,0.65,16.51,1.651,0.015,0.015,0.38,0.038,4,4,101.6,10.16,0.08,0.08,2.03,0.203,2.033,2.033,0.356,3.56,0.0363,0.363,36.3,363,0.2033,0.2033,0.0356,0.356,0.00363,0.0363,3.63,36.3,0.525,0.525,13.34,1.334,REF,Reference,Reference,Reference,46.2,46.2,0.0625,0.0625,1.59,0.159,Standard Loops,1.25,1.25,5.56,0.567,567,0.25,0.25,1.1121,0.1134,113.4,9.062,9.062,40.31,4.1105,4110.5,7.842,7.842,199.19,19.919,2.95,2.95,74.93,7.493,Factory Option,Ultrasonically Passivate with Citric Acid for 10 mins At 131 Deg F,0.08196,0.525,0.525,13.34,1.334,Random,0.0625,0.0625,1.59,0.159
LE 063FG 08M,LE 063FG 08M,LE063FG08M,Extension Spring,11,Stock,,Yes,Yes,Yes,Yes,Yes,Yes,Yes,Yes,Yes,Standard Extension Series (inch),NR,Music Wire,MW,ASTM A228,0.65,0.65,16.51,1.651,0.015,0.015,0.38,0.038,4.5,4.5,114.3,11.43,0.09,0.09,2.29,0.229,2.08,2.08,0.364,3.64,0.0371,0.371,37.1,371,0.208,0.208,0.0364,0.364,0.00371,0.0371,3.71,37.1,0.525,0.525,13.34,1.334,REF,Reference,Reference,Reference,54.2,54.2,0.0625,0.0625,1.59,0.159,Standard Loops,1.5,1.5,6.672,0.6804,680.4,0.3,0.3,1.3345,0.13608,136.08,14.5,14.5,64.499,6.5772,6577.2,10.75,10.75,273.05,27.305,3.45,3.45,87.63,8.763,Factory Option,Zinc Plate and Bake per ASTM B633,0.0949,0.525,0.525,13.34,1.334,Random,0.0625,0.0625,1.59,0.159
LE 063FG 08S,LE 063FG 08S,LE063FG08S,Extension Spring,11,Stock,,Yes,Yes,Yes,Yes,Yes,Yes,Yes,Yes,Yes,Standard Extension Series (inch),NR,Stainless Steel,SS,ASTM A313,0.65,0.65,16.51,1.651,0.015,0.015,0.38,0.038,4.5,4.5,114.3,11.43,0.09,0.09,2.29,0.229,1.733,1.733,0.304,3.04,0.0309,0.309,30.9,309,0.1733,0.1733,0.0304,0.304,0.00309,0.0309,3.09,30.9,0.525,0.525,13.34,1.334,REF,Reference,Reference,Reference,54.2,54.2,0.0625,0.0625,1.59,0.159,Standard Loops,1.25,1.25,5.56,0.567,567,0.25,0.25,1.1121,0.1134,113.4,12.0833,12.0833,53.749,5.481,5481,10.75,10.75,273.05,27.305,3.45,3.45,87.63,8.763,Factory Option,Passivate per ASTM A967,0.09557,0.525,0.525,13.34,1.334,Random,0.0625,0.0625,1.59,0.159
LE 063FG 08S316,LE 063FG 08S316,LE063FG08S316,Extension Spring,11,Stock,,Yes,Yes,Yes,Yes,Yes,Yes,Yes,Yes,Yes,Standard Extension Series (inch),NR,Stainless Steel Type 316,SS 316,ASTM A313,0.65,0.65,16.51,1.651,0.015,0.015,0.38,0.038,4.5,4.5,114.3,11.43,0.09,0.09,2.29,0.229,1.733,1.733,0.304,3.04,0.0309,0.309,30.9,309,0.1733,0.1733,0.0304,0.304,0.00309,0.0309,3.09,30.9,0.525,0.525,13.34,1.334,REF,Reference,Reference,Reference,54.2,54.2,0.0625,0.0625,1.59,0.159,Standard Loops,1.25,1.25,5.56,0.567,567,0.25,0.25,1.1121,0.1134,113.4,9.062,9.062,40.31,4.1105,4110.5,9.007,9.007,228.78,22.878,3.45,3.45,87.63,8.763,Factory Option,Ultrasonically Passivate with Citric Acid for 10 mins At 131 Deg F,0.09557,0.525,0.525,13.34,1.334,Random,0.0625,0.0625,1.59,0.159
LE 063FG 09M,LE 063FG 09M,LE063FG09M,Extension Spring,11,Stock,,Yes,Yes,Yes,Yes,Yes,Yes,Yes,Yes,Yes,Standard Extension Series (inch),NR,Music Wire,MW,ASTM A228,0.65,0.65,16.51,1.651,0.015,0.015,0.38,0.038,5,5,127,12.7,0.1,0.1,2.54,0.254,1.81,1.81,0.317,3.17,0.0323,0.323,32.3,323,0.181,0.181,0.0317,0.317,0.00323,0.0323,3.23,32.3,0.525,0.525,13.34,1.334,REF,Reference,Reference,Reference,62.2,62.2,0.0625,0.0625,1.59,0.159,Standard Loops,1.5,1.5,6.672,0.6804,680.4,0.3,0.3,1.3345,0.13608,136.08,14.5,14.5,64.499,6.5772,6577.2,12.182,12.182,309.42,30.942,3.95,3.95,100.33,10.033,Factory Option,Zinc Plate and Bake per ASTM B633,0.10841,0.525,0.525,13.34,1.334,Random,0.0625,0.0625,1.59,0.159
LE 063FG 09S,LE 063FG 09S,LE063FG09S,Extension Spring,11,Stock,,Yes,Yes,Yes,Yes,Yes,Yes,Yes,Yes,Yes,Standard Extension Series (inch),NR,Stainless Steel,SS,ASTM A313,0.65,0.65,16.51,1.651,0.015,0.015,0.38,0.038,5,5,127,12.7,0.1,0.1,2.54,0.254,1.508,1.508,0.264,2.64,0.0269,0.269,26.9,269,0.1508,0.1508,0.0264,0.264,0.00269,0.0269,2.69,26.9,0.525,0.525,13.34,1.334,REF,Reference,Reference,Reference,62.2,62.2,0.0625,0.0625,1.59,0.159,Standard Loops,1.25,1.25,5.56,0.567,567,0.25,0.25,1.1121,0.1134,113.4,12.0833,12.0833,53.749,5.481,5481,12.182,12.182,309.42,30.942,3.95,3.95,100.33,10.033,Factory Option,Passivate per ASTM A967,0.10917,0.525,0.525,13.34,1.334,Random,0.0625,0.0625,1.59,0.159
LE 063FG 09S316,LE 063FG 09S316,LE063FG09S316,Extension Spring,11,Stock,,Yes,Yes,Yes,Yes,Yes,Yes,Yes,Yes,Yes,Standard Extension Series (inch),NR,Stainless Steel Type 316,SS 316,ASTM A313,0.65,0.65,16.51,1.651,0.015,0.015,0.38,0.038,5,5,127,12.7,0.1,0.1,2.54,0.254,1.508,1.508,0.264,2.64,0.0269,0.269,26.9,269,0.1508,0.1508,0.0264,0.264,0.00269,0.0269,2.69,26.9,0.525,0.525,13.34,1.334,REF,Reference,Reference,Reference,62.2,62.2,0.0625,0.0625,1.59,0.159,Standard Loops,1.25,1.25,5.56,0.567,567,0.25,0.25,1.1121,0.1134,113.4,9.062,9.062,40.31,4.1105,4110.5,10.18,10.18,258.57,25.857,3.95,3.95,100.33,10.033,Factory Option,Ultrasonically Passivate with Citric Acid for 10 mins At 131 Deg F,0.10917,0.525,0.525,13.34,1.334,Random,0.0625,0.0625,1.59,0.159
LE 063G 01 M,LE 063G 01 M,LE063G01M,Extension Spring,11,Stock,,Yes,Yes,Yes,Yes,Yes,Yes,Yes,Yes,Yes,Standard Extension Series (inch),NR,Music Wire,MW,ASTM A228,0.75,0.75,19.05,1.905,0.015,0.015,0.38,0.038,2,2,50.8,5.08,0.04,0.04,1.02,0.102,6.6,6.6,1.156,11.56,0.1179,1.179,117.9,1179,0.66,0.66,0.1156,1.156,0.01179,0.1179,11.79,117.9,0.624,0.624,15.85,1.585,REF,Reference,Reference,Reference,11.0417,11,0.063,0.063,1.6,0.16,Standard Loops,1.2,1.2,5.338,0.5443,544.3,0.24,0.24,1.0676,0.10886,108.86,12.8,12.8,56.937,5.8061,5806.1,3.76,3.76,95.5,9.55,0.752,0.752,19.1,1.91,Factory Option,Zinc Plate and Bake per ASTM B633,0.02621,0.624,0.624,15.85,1.585,Random,0.063,0.063,1.6,0.16
LE 063G 01 S,LE 063G 01 S,LE063G01S,Extension Spring,11,Stock,,Yes,Yes,Yes,Yes,Yes,Yes,Yes,Yes,Yes,Standard Extension Series (inch),NR,Stainless Steel,SS,ASTM A313,0.75,0.75,19.05,1.905,0.015,0.015,0.38,0.038,2,2,50.8,5.08,0.04,0.04,1.02,0.102,5.5,5.5,0.963,9.63,0.0982,0.982,98.2,982,0.55,0.55,0.0963,0.963,0.00982,0.0982,9.82,98.2,0.624,0.624,15.85,1.585,REF,Reference,Reference,Reference,11.0417,11,0.063,0.063,1.6,0.16,Standard Loops,0.9996,0.9996,4.446,0.4534,453.4,0.19992,0.19992,0.8893,0.09068,90.68,10.6624,10.6624,47.429,4.8365,4836.5,3.76,3.76,95.5,9.55,0.752,0.752,19.1,1.91,Factory Option,Passivate per ASTM A967,0.02671,0.624,0.624,15.85,1.585,Random,0.063,0.063,1.6,0.16
LE 063G 01 S316,LE 063G 01 S316,LE063G01S316,Extension Spring,11,Stock,,Yes,Yes,Yes,Yes,Yes,Yes,Yes,Yes,Yes,Standard Extension Series (inch),NR,Stainless Steel Type 316,SS 316,ASTM A313,0.75,0.75,19.05,1.905,0.015,0.015,0.38,0.038,2,2,50.8,5.08,0.04,0.04,1.02,0.102,5.5,5.5,0.963,9.63,0.0982,0.982,98.2,982,0.55,0.55,0.0963,0.963,0.00982,0.0982,9.82,98.2,0.624,0.624,15.85,1.585,REF,Reference,Reference,Reference,11.0417,11,0.063,0.063,1.6,0.16,Standard Loops,0.9996,0.9996,4.446,0.4534,453.4,0.19992,0.19992,0.8893,0.09068,90.68,7.996,7.996,35.568,3.627,3627,3.272,3.272,83.11,8.311,0.752,0.752,19.1,1.91,Factory Option,Ultrasonically Passivate with Citric Acid for 10 mins At 131 Deg F,0.02671,0.624,0.624,15.85,1.585,Random,0.063,0.063,1.6,0.16
LE 063G 02 M,LE 063G 02 M,LE063G02M,Extension Spring,11,Stock,,Yes,Yes,Yes,Yes,Yes,Yes,Yes,Yes,Yes,Standard Extension Series (inch),NR,Music Wire,MW,ASTM A228,0.75,0.75,19.05,1.905,0.015,0.015,0.38,0.038,2.25,2.25,57.15,5.715,0.05,0.05,1.27,0.127,4.9,4.9,0.858,8.58,0.0875,0.875,87.5,875,0.49,0.49,0.0858,0.858,0.00875,0.0875,8.75,87.5,0.624,0.624,15.85,1.585,REF,Reference,Reference,Reference,14.8726,14.9,0.063,0.063,1.6,0.16,Standard Loops,1.2,1.2,5.338,0.5443,544.3,0.24,0.24,1.0676,0.10886,108.86,12.8,12.8,56.937,5.8061,5806.1,4.62,4.62,117.35,11.735,1.002,1.002,25.45,2.545,Factory Option,Zinc Plate and Bake per ASTM B633,0.03391,0.624,0.624,15.85,1.585,Random,0.063,0.063,1.6,0.16
LE 063G 02 S,LE 063G 02 S,LE063G02S,Extension Spring,11,Stock,,Yes,Yes,Yes,Yes,Yes,Yes,Yes,Yes,Yes,Standard Extension Series (inch),NR,Stainless Steel,SS,ASTM A313,0.75,0.75,19.05,1.905,0.015,0.015,0.38,0.038,2.25,2.25,57.15,5.715,0.05,0.05,1.27,0.127,4.08,4.08,0.715,7.15,0.0729,0.729,72.9,729,0.408,0.408,0.0715,0.715,0.00729,0.0729,7.29,72.9,0.624,0.624,15.85,1.585,REF,Reference,Reference,Reference,14.8847,14.9,0.063,0.063,1.6,0.16,Standard Loops,0.9996,0.9996,4.446,0.4534,453.4,0.19992,0.19992,0.8893,0.09068,90.68,10.6624,10.6624,47.429,4.8365,4836.5,4.62,4.62,117.35,11.735,1.002,1.002,25.45,2.545,Factory Option,Passivate per ASTM A967,0.03458,0.624,0.624,15.85,1.585,Random,0.063,0.063,1.6,0.16
LE 063G 02 S316,LE 063G 02 S316,LE063G02S316,Extension Spring,11,Stock,,Yes,Yes,Yes,Yes,Yes,Yes,Yes,Yes,Yes,Standard Extension Series (inch),NR,Stainless Steel Type 316,SS 316,ASTM A313,0.75,0.75,19.05,1.905,0.015,0.015,0.38,0.038,2.25,2.25,57.15,5.715,0.05,0.05,1.27,0.127,4.08,4.08,0.715,7.15,0.0729,0.729,72.9,729,0.408,0.408,0.0715,0.715,0.00729,0.0729,7.29,72.9,0.624,0.624,15.85,1.585,REF,Reference,Reference,Reference,14.8847,14.9,0.063,0.063,1.6,0.16,Standard Loops,0.9996,0.9996,4.446,0.4534,453.4,0.19992,0.19992,0.8893,0.09068,90.68,7.996,7.996,35.568,3.627,3627,3.964,3.964,100.69,10.069,1.002,1.002,25.45,2.545,Factory Option,Ultrasonically Passivate with Citric Acid for 10 mins At 131 Deg F,0.03458,0.624,0.624,15.85,1.585,Random,0.063,0.063,1.6,0.16
LE 063G 03 M,LE 063G 03 M,LE063G03M,Extension Spring,11,Stock,,Yes,Yes,Yes,Yes,Yes,Yes,Yes,Yes,Yes,Standard Extension Series (inch),NR,Music Wire,MW,ASTM A228,0.75,0.75,19.05,1.905,0.015,0.015,0.38,0.038,2.5,2.5,63.5,6.35,0.05,0.05,1.27,0.127,3.8,3.8,0.666,6.66,0.0679,0.679,67.9,679,0.38,0.38,0.0666,0.666,0.00679,0.0679,6.79,67.9,0.624,0.624,15.85,1.585,REF,Reference,Reference,Reference,19.1778,19.2,0.063,0.063,1.6,0.16,Standard Loops,1.2,1.2,5.338,0.5443,544.3,0.24,0.24,1.0676,0.10886,108.86,12.8,12.8,56.937,5.8061,5806.1,5.55,5.55,140.97,14.097,1.252,1.252,31.8,3.18,Factory Option,Zinc Plate and Bake per ASTM B633,0.04256,0.624,0.624,15.85,1.585,Random,0.063,0.063,1.6,0.16
LE 063G 03 S,LE 063G 03 S,LE063G03S,Extension Spring,11,Stock,,Yes,Yes,Yes,Yes,Yes,Yes,Yes,Yes,Yes,Standard Extension Series (inch),NR,Stainless Steel,SS,ASTM A313,0.75,0.75,19.05,1.905,0.015,0.015,0.38,0.038,2.5,2.5,63.5,6.35,0.05,0.05,1.27,0.127,3.17,3.17,0.555,5.55,0.0566,0.566,56.6,566,0.317,0.317,0.0555,0.555,0.00566,0.0566,5.66,56.6,0.624,0.624,15.85,1.585,REF,Reference,Reference,Reference,19.1576,19.2,0.063,0.063,1.6,0.16,Standard Loops,0.9996,0.9996,4.446,0.4534,453.4,0.19992,0.19992,0.8893,0.09068,90.68,10.6624,10.6624,47.429,4.8365,4836.5,5.55,5.55,140.97,14.097,1.252,1.252,31.8,3.18,Factory Option,Passivate per ASTM A967,0.04333,0.624,0.624,15.85,1.585,Random,0.063,0.063,1.6,0.16
LE 063G 03 S316,LE 063G 03 S316,LE063G03S316,Extension Spring,11,Stock,,Yes,Yes,Yes,Yes,Yes,Yes,Yes,Yes,Yes,Standard Extension Series (inch),NR,Stainless Steel Type 316,SS 316,ASTM A313,0.75,0.75,19.05,1.905,0.015,0.015,0.38,0.038,2.5,2.5,63.5,6.35,0.05,0.05,1.27,0.127,3.17,3.17,0.555,5.55,0.0566,0.566,56.6,566,0.317,0.317,0.0555,0.555,0.00566,0.0566,5.66,56.6,0.624,0.624,15.85,1.585,REF,Reference,Reference,Reference,19.1576,19.2,0.063,0.063,1.6,0.16,Standard Loops,0.9996,0.9996,4.446,0.4534,453.4,0.19992,0.19992,0.8893,0.09068,90.68,7.996,7.996,35.568,3.627,3627,4.707,4.707,119.56,11.956,1.252,1.252,31.8,3.18,Factory Option,Ultrasonically Passivate with Citric Acid for 10 mins At 131 Deg F,0.04333,0.624,0.624,15.85,1.585,Random,0.063,0.063,1.6,0.16
LE 063G 04 M,LE 063G 04 M,LE063G04M,Extension Spring,11,Stock,,Yes,Yes,Yes,Yes,Yes,Yes,Yes,Yes,Yes,Standard Extension Series (inch),NR,Music Wire,MW,ASTM A228,0.75,0.75,19.05,1.905,0.015,0.015,0.38,0.038,2.75,2.75,69.85,6.985,0.05,0.05,1.27,0.127,3.2,3.2,0.56,5.6,0.0571,0.571,57.1,571,0.32,0.32,0.056,0.56,0.00571,0.0571,5.71,57.1,0.624,0.624,15.85,1.585,REF,Reference,Reference,Reference,22.7736,22.8,0.063,0.063,1.6,0.16,Standard Loops,1.2,1.2,5.338,0.5443,544.3,0.24,0.24,1.0676,0.10886,108.86,12.8,12.8,56.937,5.8061,5806.1,6.38,6.38,162.05,16.205,1.502,1.502,38.15,3.815,Factory Option,Zinc Plate and Bake per ASTM B633,0.04979,0.624,0.624,15.85,1.585,Random,0.063,0.063,1.6,0.16
LE 063G 04 S,LE 063G 04 S,LE063G04S,Extension Spring,11,Stock,,Yes,Yes,Yes,Yes,Yes,Yes,Yes,Yes,Yes,Standard Extension Series (inch),NR,Stainless Steel,SS,ASTM A313,0.75,0.75,19.05,1.905,0.015,0.015,0.38,0.038,2.75,2.75,69.85,6.985,0.05,0.05,1.27,0.127,2.67,2.67,0.468,4.68,0.0477,0.477,47.7,477,0.267,0.267,0.0468,0.468,0.00477,0.0477,4.77,47.7,0.624,0.624,15.85,1.585,REF,Reference,Reference,Reference,22.7452,22.7,0.063,0.063,1.6,0.16,Standard Loops,0.9996,0.9996,4.446,0.4534,453.4,0.19992,0.19992,0.8893,0.09068,90.68,10.6624,10.6624,47.429,4.8365,4836.5,6.38,6.38,162.05,16.205,1.502,1.502,38.15,3.815,Factory Option,Passivate per ASTM A967,0.05068,0.624,0.624,15.85,1.585,Random,0.063,0.063,1.6,0.16
LE 063G 04 S316,LE 063G 04 S316,LE063G04S316,Extension Spring,11,Stock,,Yes,Yes,Yes,Yes,Yes,Yes,Yes,Yes,Yes,Standard Extension Series (inch),NR,Stainless Steel Type 316,SS 316,ASTM A313,0.75,0.75,19.05,1.905,0.015,0.015,0.38,0.038,2.75,2.75,69.85,6.985,0.05,0.05,1.27,0.127,2.67,2.67,0.468,4.68,0.0477,0.477,47.7,477,0.267,0.267,0.0468,0.468,0.00477,0.0477,4.77,47.7,0.624,0.624,15.85,1.585,REF,Reference,Reference,Reference,22.7452,22.7,0.063,0.063,1.6,0.16,Standard Loops,0.9996,0.9996,4.446,0.4534,453.4,0.19992,0.19992,0.8893,0.09068,90.68,7.996,7.996,35.568,3.627,3627,5.37,5.37,136.4,13.64,1.502,1.502,38.15,3.815,Factory Option,Ultrasonically Passivate with Citric Acid for 10 mins At 131 Deg F,0.05068,0.624,0.624,15.85,1.585,Random,0.063,0.063,1.6,0.16
LE 063G 05 M,LE 063G 05 M,LE063G05M,Extension Spring,11,Stock,,Yes,Yes,Yes,Yes,Yes,Yes,Yes,Yes,Yes,Standard Extension Series (inch),NR,Music Wire,MW,ASTM A228,0.75,0.75,19.05,1.905,0.015,0.015,0.38,0.038,3,3,76.2,7.62,0.05,0.05,1.27,0.127,2.7,2.7,0.473,4.73,0.0482,0.482,48.2,482,0.27,0.27,0.0473,0.473,0.00482,0.0482,4.82,48.2,0.624,0.624,15.85,1.585,REF,Reference,Reference,Reference,26.991,27,0.063,0.063,1.6,0.16,Standard Loops,1.2,1.2,5.338,0.5443,544.3,0.24,0.24,1.0676,0.10886,108.86,12.8,12.8,56.937,5.8061,5806.1,7.3,7.3,185.42,18.542,1.752,1.752,44.5,4.45,Factory Option,Zinc Plate and Bake per ASTM B633,0.05827,0.624,0.624,15.85,1.585,Random,0.063,0.063,1.6,0.16
LE 063G 05 S,LE 063G 05 S,LE063G05S,Extension Spring,11,Stock,,Yes,Yes,Yes,Yes,Yes,Yes,Yes,Yes,Yes,Standard Extension Series (inch),NR,Stainless Steel,SS,ASTM A313,0.75,0.75,19.05,1.905,0.015,0.015,0.38,0.038,3,3,76.2,7.62,0.05,0.05,1.27,0.127,2.25,2.25,0.394,3.94,0.0402,0.402,40.2,402,0.225,0.225,0.0394,0.394,0.00402,0.0402,4.02,40.2,0.624,0.624,15.85,1.585,REF,Reference,Reference,Reference,26.991,27,0.063,0.063,1.6,0.16,Standard Loops,0.9996,0.9996,4.446,0.4534,453.4,0.19992,0.19992,0.8893,0.09068,90.68,10.6624,10.6624,47.429,4.8365,4836.5,7.3,7.3,185.42,18.542,1.752,1.752,44.5,4.45,Factory Option,Passivate per ASTM A967,0.05938,0.624,0.624,15.85,1.585,Random,0.063,0.063,1.6,0.16
LE 063G 05 S316,LE 063G 05 S316,LE063G05S316,Extension Spring,11,Stock,,Yes,Yes,Yes,Yes,Yes,Yes,Yes,Yes,Yes,Standard Extension Series (inch),NR,Stainless Steel Type 316,SS 316,ASTM A313,0.75,0.75,19.05,1.905,0.015,0.015,0.38,0.038,3,3,76.2,7.62,0.05,0.05,1.27,0.127,2.25,2.25,0.394,3.94,0.0402,0.402,40.2,402,0.225,0.225,0.0394,0.394,0.00402,0.0402,4.02,40.2,0.624,0.624,15.85,1.585,REF,Reference,Reference,Reference,26.991,27,0.063,0.063,1.6,0.16,Standard Loops,0.9996,0.9996,4.446,0.4534,453.4,0.19992,0.19992,0.8893,0.09068,90.68,7.996,7.996,35.568,3.627,3627,6.109,6.109,155.17,15.517,1.752,1.752,44.5,4.45,Factory Option,Ultrasonically Passivate with Citric Acid for 10 mins At 131 Deg F,0.05938,0.624,0.624,15.85,1.585,Random,0.063,0.063,1.6,0.16
LE 063G 06 M,LE 063G 06 M,LE063G06M,Extension Spring,11,Stock,,Yes,Yes,Yes,Yes,Yes,Yes,Yes,Yes,Yes,Standard Extension Series (inch),NR,Music Wire,MW,ASTM A228,0.75,0.75,19.05,1.905,0.015,0.015,0.38,0.038,3.5,3.5,88.9,8.89,0.06,0.06,1.52,0.152,2.1,2.1,0.368,3.68,0.0375,0.375,37.5,375,0.21,0.21,0.0368,0.368,0.00375,0.0375,3.75,37.5,0.624,0.624,15.85,1.585,REF,Reference,Reference,Reference,34.7027,34.7,0.063,0.063,1.6,0.16,Standard Loops,1.2,1.2,5.338,0.5443,544.3,0.24,0.24,1.0676,0.10886,108.86,12.8,12.8,56.937,5.8061,5806.1,9.02,9.02,229.11,22.911,2.252,2.252,57.2,5.72,Factory Option,Zinc Plate and Bake per ASTM B633,0.07377,0.624,0.624,15.85,1.585,Random,0.063,0.063,1.6,0.16
LE 063G 06 S,LE 063G 06 S,LE063G06S,Extension Spring,11,Stock,,Yes,Yes,Yes,Yes,Yes,Yes,Yes,Yes,Yes,Standard Extension Series (inch),NR,Stainless Steel,SS,ASTM A313,0.75,0.75,19.05,1.905,0.015,0.015,0.38,0.038,3.5,3.5,88.9,8.89,0.06,0.06,1.52,0.152,1.75,1.75,0.306,3.06,0.0313,0.313,31.3,313,0.175,0.175,0.0306,0.306,0.00313,0.0313,3.13,31.3,0.624,0.624,15.85,1.585,REF,Reference,Reference,Reference,34.7027,34.7,0.063,0.063,1.6,0.16,Standard Loops,0.9996,0.9996,4.446,0.4534,453.4,0.19992,0.19992,0.8893,0.09068,90.68,10.6624,10.6624,47.429,4.8365,4836.5,9.02,9.02,229.11,22.911,2.252,2.252,57.2,5.72,Factory Option,Passivate per ASTM A967,0.07517,0.624,0.624,15.85,1.585,Random,0.063,0.063,1.6,0.16
LE 063G 06 S316,LE 063G 06 S316,LE063G06S316,Extension Spring,11,Stock,,Yes,Yes,Yes,Yes,Yes,Yes,Yes,Yes,Yes,Standard Extension Series (inch),NR,Stainless Steel Type 316,SS 316,ASTM A313,0.75,0.75,19.05,1.905,0.015,0.015,0.38,0.038,3.5,3.5,88.9,8.89,0.06,0.06,1.52,0.152,1.75,1.75,0.306,3.06,0.0313,0.313,31.3,313,0.175,0.175,0.0306,0.306,0.00313,0.0313,3.13,31.3,0.624,0.624,15.85,1.585,REF,Reference,Reference,Reference,34.7027,34.7,0.063,0.063,1.6,0.16,Standard Loops,0.9996,0.9996,4.446,0.4534,453.4,0.19992,0.19992,0.8893,0.09068,90.68,7.996,7.996,35.568,3.627,3627,7.497,7.497,190.42,19.042,2.252,2.252,57.2,5.72,Factory Option,Ultrasonically Passivate with Citric Acid for 10 mins At 131 Deg F,0.07517,0.624,0.624,15.85,1.585,Random,0.063,0.063,1.6,0.16
LE 063G 07 M,LE 063G 07 M,LE063G07M,Extension Spring,11,Stock,,Yes,Yes,Yes,Yes,Yes,Yes,Yes,Yes,Yes,Standard Extension Series (inch),NR,Music Wire,MW,ASTM A228,0.75,0.75,19.05,1.905,0.015,0.015,0.38,0.038,4,4,101.6,10.16,0.06,0.06,1.52,0.152,1.7,1.7,0.298,2.98,0.0304,0.304,30.4,304,0.17,0.17,0.0298,0.298,0.00304,0.0304,3.04,30.4,0.624,0.624,15.85,1.585,REF,Reference,Reference,Reference,42.8681,42.9,0.063,0.063,1.6,0.16,Standard Loops,1.2,1.2,5.338,0.5443,544.3,0.24,0.24,1.0676,0.10886,108.86,12.8,12.8,56.937,5.8061,5806.1,10.82,10.82,274.83,27.483,2.752,2.752,69.9,6.99,Factory Option,Zinc Plate and Bake per ASTM B633,0.09018,0.624,0.624,15.85,1.585,Random,0.063,0.063,1.6,0.16
LE 063G 07 S,LE 063G 07 S,LE063G07S,Extension Spring,11,Stock,,Yes,Yes,Yes,Yes,Yes,Yes,Yes,Yes,Yes,Standard Extension Series (inch),NR,Stainless Steel,SS,ASTM A313,0.75,0.75,19.05,1.905,0.015,0.015,0.38,0.038,4,4,101.6,10.16,0.06,0.06,1.52,0.152,1.42,1.42,0.249,2.49,0.0254,0.254,25.4,254,0.142,0.142,0.0249,0.249,0.00254,0.0254,2.54,25.4,0.624,0.624,15.85,1.585,REF,Reference,Reference,Reference,42.7674,42.8,0.063,0.063,1.6,0.16,Standard Loops,0.9996,0.9996,4.446,0.4534,453.4,0.19992,0.19992,0.8893,0.09068,90.68,10.6624,10.6624,47.429,4.8365,4836.5,10.82,10.82,274.83,27.483,2.752,2.752,69.9,6.99,Factory Option,Passivate per ASTM A967,0.09169,0.624,0.624,15.85,1.585,Random,0.063,0.063,1.6,0.16
LE 063G 07 S316,LE 063G 07 S316,LE063G07S316,Extension Spring,11,Stock,,Yes,Yes,Yes,Yes,Yes,Yes,Yes,Yes,Yes,Standard Extension Series (inch),NR,Stainless Steel Type 316,SS 316,ASTM A313,0.75,0.75,19.05,1.905,0.015,0.015,0.38,0.038,4,4,101.6,10.16,0.06,0.06,1.52,0.152,1.42,1.42,0.249,2.49,0.0254,0.254,25.4,254,0.142,0.142,0.0249,0.249,0.00254,0.0254,2.54,25.4,0.624,0.624,15.85,1.585,REF,Reference,Reference,Reference,42.7674,42.8,0.063,0.063,1.6,0.16,Standard Loops,0.9996,0.9996,4.446,0.4534,453.4,0.19992,0.19992,0.8893,0.09068,90.68,7.996,7.996,35.568,3.627,3627,8.927,8.927,226.75,22.675,2.752,2.752,69.9,6.99,Factory Option,Ultrasonically Passivate with Citric Acid for 10 mins At 131 Deg F,0.09169,0.624,0.624,15.85,1.585,Random,0.063,0.063,1.6,0.16
LE 063G 08 M,LE 063G 08 M,LE063G08M,Extension Spring,11,Stock,,Yes,Yes,Yes,Yes,Yes,Yes,Yes,Yes,Yes,Standard Extension Series (inch),NR,Music Wire,MW,ASTM A228,0.75,0.75,19.05,1.905,0.015,0.015,0.38,0.038,4.5,4.5,114.3,11.43,0.075,0.075,1.91,0.191,1.4,1.4,0.245,2.45,0.025,0.25,25,250,0.14,0.14,0.0245,0.245,0.0025,0.025,2.5,25,0.624,0.624,15.85,1.585,REF,Reference,Reference,Reference,52.0541,52.1,0.063,0.063,1.6,0.16,Standard Loops,1.2,1.2,5.338,0.5443,544.3,0.24,0.24,1.0676,0.10886,108.86,12.8,12.8,56.937,5.8061,5806.1,12.79,12.79,324.87,32.487,3.252,3.252,82.6,8.26,Factory Option,Zinc Plate and Bake per ASTM B633,0.10864,0.624,0.624,15.85,1.585,Random,0.063,0.063,1.6,0.16
LE 063G 08 S,LE 063G 08 S,LE063G08S,Extension Spring,11,Stock,,Yes,Yes,Yes,Yes,Yes,Yes,Yes,Yes,Yes,Standard Extension Series (inch),NR,Stainless Steel,SS,ASTM A313,0.75,0.75,19.05,1.905,0.015,0.015,0.38,0.038,4.5,4.5,114.3,11.43,0.075,0.075,1.91,0.191,1.17,1.17,0.205,2.05,0.0209,0.209,20.9,209,0.117,0.117,0.0205,0.205,0.00209,0.0209,2.09,20.9,0.624,0.624,15.85,1.585,REF,Reference,Reference,Reference,51.9058,51.9,0.063,0.063,1.6,0.16,Standard Loops,0.9996,0.9996,4.446,0.4534,453.4,0.19992,0.19992,0.8893,0.09068,90.68,10.6624,10.6624,47.429,4.8365,4836.5,12.79,12.79,324.87,32.487,3.252,3.252,82.6,8.26,Factory Option,Passivate per ASTM A967,0.11041,0.624,0.624,15.85,1.585,Random,0.063,0.063,1.6,0.16
LE 063G 08 S316,LE 063G 08 S316,LE063G08S316,Extension Spring,11,Stock,,Yes,Yes,Yes,Yes,Yes,Yes,Yes,Yes,Yes,Standard Extension Series (inch),NR,Stainless Steel Type 316,SS 316,ASTM A313,0.75,0.75,19.05,1.905,0.015,0.015,0.38,0.038,4.5,4.5,114.3,11.43,0.075,0.075,1.91,0.191,1.17,1.17,0.205,2.05,0.0209,0.209,20.9,209,0.117,0.117,0.0205,0.205,0.00209,0.0209,2.09,20.9,0.624,0.624,15.85,1.585,REF,Reference,Reference,Reference,51.9058,51.9,0.063,0.063,1.6,0.16,Standard Loops,0.9996,0.9996,4.446,0.4534,453.4,0.19992,0.19992,0.8893,0.09068,90.68,7.996,7.996,35.568,3.627,3627,10.479,10.479,266.17,26.617,3.252,3.252,82.6,8.26,Factory Option,Ultrasonically Passivate with Citric Acid for 10 mins At 131 Deg F,0.11041,0.624,0.624,15.85,1.585,Random,0.063,0.063,1.6,0.16
LE 063G 09 M,LE 063G 09 M,LE063G09M,Extension Spring,11,Stock,,Yes,Yes,Yes,Yes,Yes,Yes,Yes,Yes,Yes,Standard Extension Series (inch),NR,Music Wire,MW,ASTM A228,0.75,0.75,19.05,1.905,0.015,0.015,0.38,0.038,5,5,127,12.7,0.075,0.075,1.91,0.191,1.2,1.2,0.21,2.1,0.0214,0.214,21.4,214,0.12,0.12,0.021,0.21,0.00214,0.0214,2.14,21.4,0.624,0.624,15.85,1.585,REF,Reference,Reference,Reference,60.7298,60.7,0.063,0.063,1.6,0.16,Standard Loops,1.2,1.2,5.338,0.5443,544.3,0.24,0.24,1.0676,0.10886,108.86,12.8,12.8,56.937,5.8061,5806.1,14.67,14.67,372.62,37.262,3.752,3.752,95.3,9.53,Factory Option,Zinc Plate and Bake per ASTM B633,0.12608,0.624,0.624,15.85,1.585,Random,0.063,0.063,1.6,0.16
LE 063G 09 S,LE 063G 09 S,LE063G09S,Extension Spring,11,Stock,,Yes,Yes,Yes,Yes,Yes,Yes,Yes,Yes,Yes,Standard Extension Series (inch),NR,Stainless Steel,SS,ASTM A313,0.75,0.75,19.05,1.905,0.015,0.015,0.38,0.038,5,5,127,12.7,0.075,0.075,1.91,0.191,1,1,0.175,1.75,0.0179,0.179,17.9,179,0.1,0.1,0.0175,0.175,0.00179,0.0179,1.79,17.9,0.624,0.624,15.85,1.585,REF,Reference,Reference,Reference,60.7298,60.7,0.063,0.063,1.6,0.16,Standard Loops,0.9996,0.9996,4.446,0.4534,453.4,0.19992,0.19992,0.8893,0.09068,90.68,10.6624,10.6624,47.429,4.8365,4836.5,14.67,14.67,372.62,37.262,3.752,3.752,95.3,9.53,Factory Option,Passivate per ASTM A967,0.12848,0.624,0.624,15.85,1.585,Random,0.063,0.063,1.6,0.16
LE 063G 09 S316,LE 063G 09 S316,LE063G09S316,Extension Spring,11,Stock,,Yes,Yes,Yes,Yes,Yes,Yes,Yes,Yes,Yes,Standard Extension Series (inch),NR,Stainless Steel Type 316,SS 316,ASTM A313,0.75,0.75,19.05,1.905,0.015,0.015,0.38,0.038,5,5,127,12.7,0.075,0.075,1.91,0.191,1,1,0.175,1.75,0.0179,0.179,17.9,179,0.1,0.1,0.0175,0.175,0.00179,0.0179,1.79,17.9,0.624,0.624,15.85,1.585,REF,Reference,Reference,Reference,60.7298,60.7,0.063,0.063,1.6,0.16,Standard Loops,0.9996,0.9996,4.446,0.4534,453.4,0.19992,0.19992,0.8893,0.09068,90.68,7.996,7.996,35.568,3.627,3627,11.996,11.996,304.7,30.47,3.752,3.752,95.3,9.53,Factory Option,Ultrasonically Passivate with Citric Acid for 10 mins At 131 Deg F,0.12848,0.624,0.624,15.85,1.585,Random,0.063,0.063,1.6,0.16
LE 063G 10 M,LE 063G 10 M,LE063G10M,Extension Spring,11,Stock,,Yes,Yes,Yes,Yes,Yes,Yes,Yes,Yes,Yes,Standard Extension Series (inch),NR,Music Wire,MW,ASTM A228,0.75,0.75,19.05,1.905,0.015,0.015,0.38,0.038,5.5,5.5,139.7,13.97,0.093,0.093,2.36,0.236,1.1,1.1,0.193,1.93,0.0196,0.196,19.6,196,0.11,0.11,0.0193,0.193,0.00196,0.0196,1.96,19.6,0.624,0.624,15.85,1.585,REF,Reference,Reference,Reference,66.2507,66.3,0.063,0.063,1.6,0.16,Standard Loops,1.2,1.2,5.338,0.5443,544.3,0.24,0.24,1.0676,0.10886,108.86,12.8,12.8,56.937,5.8061,5806.1,16.05,16.05,407.67,40.767,4.252,4.252,108,10.8,Factory Option,Zinc Plate and Bake per ASTM B633,0.13717,0.624,0.624,15.85,1.585,Random,0.063,0.063,1.6,0.16
LE 063G 10 S,LE 063G 10 S,LE063G10S,Extension Spring,11,Stock,,Yes,Yes,Yes,Yes,Yes,Yes,Yes,Yes,Yes,Standard Extension Series (inch),NR,Stainless Steel,SS,ASTM A313,0.75,0.75,19.05,1.905,0.015,0.015,0.38,0.038,5.5,5.5,139.7,13.97,0.093,0.093,2.36,0.236,0.92,0.92,0.161,1.61,0.0164,0.164,16.4,164,0.092,0.092,0.0161,0.161,0.00164,0.0164,1.64,16.4,0.624,0.624,15.85,1.585,REF,Reference,Reference,Reference,66.011,66,0.063,0.063,1.6,0.16,Standard Loops,0.9996,0.9996,4.446,0.4534,453.4,0.19992,0.19992,0.8893,0.09068,90.68,10.6624,10.6624,47.429,4.8365,4836.5,16.05,16.05,407.67,40.767,4.252,4.252,108,10.8,Factory Option,Passivate per ASTM A967,0.1393,0.624,0.624,15.85,1.585,Random,0.063,0.063,1.6,0.16
LE 063G 10 S316,LE 063G 10 S316,LE063G10S316,Extension Spring,11,Stock,,Yes,Yes,Yes,Yes,Yes,Yes,Yes,Yes,Yes,Standard Extension Series (inch),NR,Stainless Steel Type 316,SS 316,ASTM A313,0.75,0.75,19.05,1.905,0.015,0.015,0.38,0.038,5.5,5.5,139.7,13.97,0.093,0.093,2.36,0.236,0.92,0.92,0.161,1.61,0.0164,0.164,16.4,164,0.092,0.092,0.0161,0.161,0.00164,0.0164,1.64,16.4,0.624,0.624,15.85,1.585,REF,Reference,Reference,Reference,66.011,66,0.063,0.063,1.6,0.16,Standard Loops,0.9996,0.9996,4.446,0.4534,453.4,0.19992,0.19992,0.8893,0.09068,90.68,7.996,7.996,35.568,3.627,3627,13.104,13.104,332.84,33.284,4.252,4.252,108,10.8,Factory Option,Ultrasonically Passivate with Citric Acid for 10 mins At 131 Deg F,0.1393,0.624,0.624,15.85,1.585,Random,0.063,0.063,1.6,0.16
LE 063H 01 M,LE 063H 01 M,LE063H01M,Extension Spring,11,Stock,,Yes,Yes,Yes,Yes,Yes,Yes,Yes,Yes,Yes,Standard Extension Series (inch),NR,Music Wire,MW,ASTM A228,0.85,0.85,21.59,2.159,0.015,0.015,0.38,0.038,2.25,2.25,57.15,5.715,0.05,0.05,1.27,0.127,3.9,3.9,0.683,6.83,0.0696,0.696,69.6,696,0.39,0.39,0.0683,0.683,0.00696,0.0696,6.96,69.6,0.724,0.724,18.39,1.839,REF,Reference,Reference,Reference,12.4298,12.4,0.063,0.063,1.6,0.16,Standard Loops,1,1,4.448,0.4536,453.6,0.2,0.2,0.8896,0.09072,90.72,11.3,11.3,50.265,5.1257,5125.7,4.89,4.89,124.21,12.421,0.802,0.802,20.37,2.037,Factory Option,Zinc Plate and Bake per ASTM B633,0.03322,0.724,0.724,18.39,1.839,Random,0.063,0.063,1.6,0.16
LE 063H 01 S,LE 063H 01 S,LE063H01S,Extension Spring,11,Stock,,Yes,Yes,Yes,Yes,Yes,Yes,Yes,Yes,Yes,Standard Extension Series (inch),NR,Stainless Steel,SS,ASTM A313,0.85,0.85,21.59,2.159,0.015,0.015,0.38,0.038,2.25,2.25,57.15,5.715,0.05,0.05,1.27,0.127,3.25,3.25,0.569,5.69,0.058,0.58,58,580,0.325,0.325,0.0569,0.569,0.0058,0.058,5.8,58,0.724,0.724,18.39,1.839,REF,Reference,Reference,Reference,12.4298,12.4,0.063,0.063,1.6,0.16,Standard Loops,0.833,0.833,3.705,0.3778,377.8,0.1666,0.1666,0.7411,0.07557,75.57,9.4129,9.4129,41.871,4.2697,4269.7,4.89,4.89,124.21,12.421,0.802,0.802,20.37,2.037,Factory Option,Passivate per ASTM A967,0.03386,0.724,0.724,18.39,1.839,Random,0.063,0.063,1.6,0.16
LE 063H 01 S316,LE 063H 01 S316,LE063H01S316,Extension Spring,11,Stock,,Yes,Yes,Yes,Yes,Yes,Yes,Yes,Yes,Yes,Standard Extension Series (inch),NR,Stainless Steel Type 316,SS 316,ASTM A313,0.85,0.85,21.59,2.159,0.015,0.015,0.38,0.038,2.25,2.25,57.15,5.715,0.05,0.05,1.27,0.127,3.25,3.25,0.569,5.69,0.058,0.58,58,580,0.325,0.325,0.0569,0.569,0.0058,0.058,5.8,58,0.724,0.724,18.39,1.839,REF,Reference,Reference,Reference,12.4298,12.4,0.063,0.063,1.6,0.16,Standard Loops,0.833,0.833,3.705,0.3778,377.8,0.1666,0.1666,0.7411,0.07557,75.57,7.059,7.059,31.4,3.202,3202,4.165,4.165,105.79,10.579,0.802,0.802,20.37,2.037,Factory Option,Ultrasonically Passivate with Citric Acid for 10 mins At 131 Deg F,0.03386,0.724,0.724,18.39,1.839,Random,0.063,0.063,1.6,0.16
LE 063H 02 M,LE 063H 02 M,LE063H02M,Extension Spring,11,Stock,,Yes,Yes,Yes,Yes,Yes,Yes,Yes,Yes,Yes,Standard Extension Series (inch),NR,Music Wire,MW,ASTM A228,0.85,0.85,21.59,2.159,0.015,0.015,0.38,0.038,2.5,2.5,63.5,6.35,0.05,0.05,1.27,0.127,2.9,2.9,0.508,5.08,0.0518,0.518,51.8,518,0.29,0.29,0.0508,0.508,0.00518,0.0518,5.18,51.8,0.724,0.724,18.39,1.839,REF,Reference,Reference,Reference,16.7159,16.7,0.063,0.063,1.6,0.16,Standard Loops,1,1,4.448,0.4536,453.6,0.2,0.2,0.8896,0.09072,90.72,11.3,11.3,50.265,5.1257,5125.7,6.05,6.05,153.67,15.367,1.052,1.052,26.72,2.672,Factory Option,Zinc Plate and Bake per ASTM B633,0.04309,0.724,0.724,18.39,1.839,Random,0.063,0.063,1.6,0.16
LE 063H 02 S,LE 063H 02 S,LE063H02S,Extension Spring,11,Stock,,Yes,Yes,Yes,Yes,Yes,Yes,Yes,Yes,Yes,Standard Extension Series (inch),NR,Stainless Steel,SS,ASTM A313,0.85,0.85,21.59,2.159,0.015,0.015,0.38,0.038,2.5,2.5,63.5,6.35,0.05,0.05,1.27,0.127,2.42,2.42,0.424,4.24,0.0432,0.432,43.2,432,0.242,0.242,0.0424,0.424,0.00432,0.0432,4.32,43.2,0.724,0.724,18.39,1.839,REF,Reference,Reference,Reference,16.6929,16.7,0.063,0.063,1.6,0.16,Standard Loops,0.833,0.833,3.705,0.3778,377.8,0.1666,0.1666,0.7411,0.07557,75.57,9.4129,9.4129,41.871,4.2697,4269.7,6.05,6.05,153.67,15.367,1.052,1.052,26.72,2.672,Factory Option,Passivate per ASTM A967,0.04386,0.724,0.724,18.39,1.839,Random,0.063,0.063,1.6,0.16
LE 063H 02 S316,LE 063H 02 S316,LE063H02S316,Extension Spring,11,Stock,,Yes,Yes,Yes,Yes,Yes,Yes,Yes,Yes,Yes,Standard Extension Series (inch),NR,Stainless Steel Type 316,SS 316,ASTM A313,0.85,0.85,21.59,2.159,0.015,0.015,0.38,0.038,2.5,2.5,63.5,6.35,0.05,0.05,1.27,0.127,2.42,2.42,0.424,4.24,0.0432,0.432,43.2,432,0.242,0.242,0.0424,0.424,0.00432,0.0432,4.32,43.2,0.724,0.724,18.39,1.839,REF,Reference,Reference,Reference,16.6929,16.7,0.063,0.063,1.6,0.16,Standard Loops,0.833,0.833,3.705,0.3778,377.8,0.1666,0.1666,0.7411,0.07557,75.57,7.059,7.059,31.4,3.202,3202,5.072,5.072,128.83,12.883,1.052,1.052,26.72,2.672,Factory Option,Ultrasonically Passivate with Citric Acid for 10 mins At 131 Deg F,0.04386,0.724,0.724,18.39,1.839,Random,0.063,0.063,1.6,0.16
LE 063H 03 M,LE 063H 03 M,LE063H03M,Extension Spring,11,Stock,,Yes,Yes,Yes,Yes,Yes,Yes,Yes,Yes,Yes,Standard Extension Series (inch),NR,Music Wire,MW,ASTM A228,0.85,0.85,21.59,2.159,0.015,0.015,0.38,0.038,2.75,2.75,69.85,6.985,0.05,0.05,1.27,0.127,2.3,2.3,0.403,4.03,0.0411,0.411,41.1,411,0.23,0.23,0.0403,0.403,0.00411,0.0411,4.11,41.1,0.724,0.724,18.39,1.839,REF,Reference,Reference,Reference,21.0766,21.1,0.063,0.063,1.6,0.16,Standard Loops,1,1,4.448,0.4536,453.6,0.2,0.2,0.8896,0.09072,90.72,11.3,11.3,50.265,5.1257,5125.7,7.23,7.23,183.64,18.364,1.302,1.302,33.07,3.307,Factory Option,Zinc Plate and Bake per ASTM B633,0.05313,0.724,0.724,18.39,1.839,Random,0.063,0.063,1.6,0.16
LE 063H 03 S,LE 063H 03 S,LE063H03S,Extension Spring,11,Stock,,Yes,Yes,Yes,Yes,Yes,Yes,Yes,Yes,Yes,Standard Extension Series (inch),NR,Stainless Steel,SS,ASTM A313,0.85,0.85,21.59,2.159,0.015,0.015,0.38,0.038,2.75,2.75,69.85,6.985,0.05,0.05,1.27,0.127,1.92,1.92,0.336,3.36,0.0343,0.343,34.3,343,0.192,0.192,0.0336,0.336,0.00343,0.0343,3.43,34.3,0.724,0.724,18.39,1.839,REF,Reference,Reference,Reference,21.04,21,0.063,0.063,1.6,0.16,Standard Loops,0.833,0.833,3.705,0.3778,377.8,0.1666,0.1666,0.7411,0.07557,75.57,9.4129,9.4129,41.871,4.2697,4269.7,7.23,7.23,183.64,18.364,1.302,1.302,33.07,3.307,Factory Option,Passivate per ASTM A967,0.05406,0.724,0.724,18.39,1.839,Random,0.063,0.063,1.6,0.16
LE 063H 03 S316,LE 063H 03 S316,LE063H03S316,Extension Spring,11,Stock,,Yes,Yes,Yes,Yes,Yes,Yes,Yes,Yes,Yes,Standard Extension Series (inch),NR,Stainless Steel Type 316,SS 316,ASTM A313,0.85,0.85,21.59,2.159,0.015,0.015,0.38,0.038,2.75,2.75,69.85,6.985,0.05,0.05,1.27,0.127,1.92,1.92,0.336,3.36,0.0343,0.343,34.3,343,0.192,0.192,0.0336,0.336,0.00343,0.0343,3.43,34.3,0.724,0.724,18.39,1.839,REF,Reference,Reference,Reference,21.04,21,0.063,0.063,1.6,0.16,Standard Loops,0.833,0.833,3.705,0.3778,377.8,0.1666,0.1666,0.7411,0.07557,75.57,7.059,7.059,31.4,3.202,3202,5.992,5.992,152.2,15.22,1.302,1.302,33.07,3.307,Factory Option,Ultrasonically Passivate with Citric Acid for 10 mins At 131 Deg F,0.05406,0.724,0.724,18.39,1.839,Random,0.063,0.063,1.6,0.16
LE 063H 04 M,LE 063H 04 M,LE063H04M,Extension Spring,11,Stock,,Yes,Yes,Yes,Yes,Yes,Yes,Yes,Yes,Yes,Standard Extension Series (inch),NR,Music Wire,MW,ASTM A228,0.85,0.85,21.59,2.159,0.015,0.015,0.38,0.038,3,3,76.2,7.62,0.05,0.05,1.27,0.127,1.9,1.9,0.333,3.33,0.0339,0.339,33.9,339,0.19,0.19,0.0333,0.333,0.00339,0.0339,3.39,33.9,0.724,0.724,18.39,1.839,REF,Reference,Reference,Reference,25.5138,25.5,0.063,0.063,1.6,0.16,Standard Loops,1,1,4.448,0.4536,453.6,0.2,0.2,0.8896,0.09072,90.72,11.3,11.3,50.265,5.1257,5125.7,8.42,8.42,213.87,21.387,1.552,1.552,39.42,3.942,Factory Option,Zinc Plate and Bake per ASTM B633,0.06335,0.724,0.724,18.39,1.839,Random,0.063,0.063,1.6,0.16
LE 063H 04 S,LE 063H 04 S,LE063H04S,Extension Spring,11,Stock,,Yes,Yes,Yes,Yes,Yes,Yes,Yes,Yes,Yes,Standard Extension Series (inch),NR,Stainless Steel,SS,ASTM A313,0.85,0.85,21.59,2.159,0.015,0.015,0.38,0.038,3,3,76.2,7.62,0.05,0.05,1.27,0.127,1.58,1.58,0.277,2.77,0.0282,0.282,28.2,282,0.158,0.158,0.0277,0.277,0.00282,0.0282,2.82,28.2,0.724,0.724,18.39,1.839,REF,Reference,Reference,Reference,25.5676,25.6,0.063,0.063,1.6,0.16,Standard Loops,0.833,0.833,3.705,0.3778,377.8,0.1666,0.1666,0.7411,0.07557,75.57,9.4129,9.4129,41.871,4.2697,4269.7,8.42,8.42,213.87,21.387,1.552,1.552,39.42,3.942,Factory Option,Passivate per ASTM A967,0.06468,0.724,0.724,18.39,1.839,Random,0.063,0.063,1.6,0.16
LE 063H 04 S316,LE 063H 04 S316,LE063H04S316,Extension Spring,11,Stock,,Yes,Yes,Yes,Yes,Yes,Yes,Yes,Yes,Yes,Standard Extension Series (inch),NR,Stainless Steel Type 316,SS 316,ASTM A313,0.85,0.85,21.59,2.159,0.015,0.015,0.38,0.038,3,3,76.2,7.62,0.05,0.05,1.27,0.127,1.58,1.58,0.277,2.77,0.0282,0.282,28.2,282,0.158,0.158,0.0277,0.277,0.00282,0.0282,2.82,28.2,0.724,0.724,18.39,1.839,REF,Reference,Reference,Reference,25.5676,25.6,0.063,0.063,1.6,0.16,Standard Loops,0.833,0.833,3.705,0.3778,377.8,0.1666,0.1666,0.7411,0.07557,75.57,7.059,7.059,31.4,3.202,3202,6.94,6.94,176.28,17.628,1.552,1.552,39.42,3.942,Factory Option,Ultrasonically Passivate with Citric Acid for 10 mins At 131 Deg F,0.06468,0.724,0.724,18.39,1.839,Random,0.063,0.063,1.6,0.16
LE 063H 05 M,LE 063H 05 M,LE063H05M,Extension Spring,11,Stock,,Yes,Yes,Yes,Yes,Yes,Yes,Yes,Yes,Yes,Standard Extension Series (inch),NR,Music Wire,MW,ASTM A228,0.85,0.85,21.59,2.159,0.015,0.015,0.38,0.038,3.5,3.5,88.9,8.89,0.06,0.06,1.52,0.152,1.4,1.4,0.245,2.45,0.025,0.25,25,250,0.14,0.14,0.0245,0.245,0.0025,0.025,2.5,25,0.724,0.724,18.39,1.839,REF,Reference,Reference,Reference,34.6259,34.6,0.063,0.063,1.6,0.16,Standard Loops,1,1,4.448,0.4536,453.6,0.2,0.2,0.8896,0.09072,90.72,11.3,11.3,50.265,5.1257,5125.7,10.86,10.86,275.84,27.584,2.052,2.052,52.12,5.212,Factory Option,Zinc Plate and Bake per ASTM B633,0.08433,0.724,0.724,18.39,1.839,Random,0.063,0.063,1.6,0.16
LE 063H 05 S,LE 063H 05 S,LE063H05S,Extension Spring,11,Stock,,Yes,Yes,Yes,Yes,Yes,Yes,Yes,Yes,Yes,Standard Extension Series (inch),NR,Stainless Steel,SS,ASTM A313,0.85,0.85,21.59,2.159,0.015,0.015,0.38,0.038,3.5,3.5,88.9,8.89,0.06,0.06,1.52,0.152,1.17,1.17,0.205,2.05,0.0209,0.209,20.9,209,0.117,0.117,0.0205,0.205,0.00209,0.0209,2.09,20.9,0.724,0.724,18.39,1.839,REF,Reference,Reference,Reference,34.5272,34.5,0.063,0.063,1.6,0.16,Standard Loops,0.833,0.833,3.705,0.3778,377.8,0.1666,0.1666,0.7411,0.07557,75.57,9.4129,9.4129,41.871,4.2697,4269.7,10.86,10.86,275.84,27.584,2.052,2.052,52.12,5.212,Factory Option,Passivate per ASTM A967,0.0857,0.724,0.724,18.39,1.839,Random,0.063,0.063,1.6,0.16
LE 063H 05 S316,LE 063H 05 S316,LE063H05S316,Extension Spring,11,Stock,,Yes,Yes,Yes,Yes,Yes,Yes,Yes,Yes,Yes,Standard Extension Series (inch),NR,Stainless Steel Type 316,SS 316,ASTM A313,0.85,0.85,21.59,2.159,0.015,0.015,0.38,0.038,3.5,3.5,88.9,8.89,0.06,0.06,1.52,0.152,1.17,1.17,0.205,2.05,0.0209,0.209,20.9,209,0.117,0.117,0.0205,0.205,0.00209,0.0209,2.09,20.9,0.724,0.724,18.39,1.839,REF,Reference,Reference,Reference,34.5272,34.5,0.063,0.063,1.6,0.16,Standard Loops,0.833,0.833,3.705,0.3778,377.8,0.1666,0.1666,0.7411,0.07557,75.57,7.059,7.059,31.4,3.202,3202,8.821,8.821,224.05,22.405,2.052,2.052,52.12,5.212,Factory Option,Ultrasonically Passivate with Citric Acid for 10 mins At 131 Deg F,0.0857,0.724,0.724,18.39,1.839,Random,0.063,0.063,1.6,0.16
LE 063J 01 M,LE 063J 01 M,LE063J01M,Extension Spring,11,Stock,,Yes,Yes,Yes,Yes,Yes,Yes,Yes,Yes,Yes,Standard Extension Series (inch),NR,Music Wire,MW,ASTM A228,1,1,25.4,2.54,0.02,0.02,0.51,0.051,2.5,2.5,63.5,6.35,0.05,0.05,1.27,0.127,2.6,2.6,0.455,4.55,0.0464,0.464,46.4,464,0.26,0.26,0.0455,0.455,0.00464,0.0464,4.64,46.4,0.874,0.874,22.2,2.22,REF,Reference,Reference,Reference,11.0474,11,0.063,0.063,1.6,0.16,Standard Loops,0.9,0.9,4.003,0.4082,408.2,0.18,0.18,0.8007,0.08165,81.65,9.7,9.7,43.148,4.3999,4399.9,5.88,5.88,149.35,14.935,0.752,0.752,19.1,1.91,Factory Option,Zinc Plate and Bake per ASTM B633,0.03577,0.874,0.874,22.2,2.22,Random,0.063,0.063,1.6,0.16
LE 063J 01 S,LE 063J 01 S,LE063J01S,Extension Spring,11,Stock,,Yes,Yes,Yes,Yes,Yes,Yes,Yes,Yes,Yes,Standard Extension Series (inch),NR,Stainless Steel,SS,ASTM A313,1,1,25.4,2.54,0.02,0.02,0.51,0.051,2.5,2.5,63.5,6.35,0.05,0.05,1.27,0.127,2.17,2.17,0.38,3.8,0.0388,0.388,38.8,388,0.217,0.217,0.038,0.38,0.00388,0.0388,3.88,38.8,0.874,0.874,22.2,2.22,REF,Reference,Reference,Reference,11.0304,11,0.063,0.063,1.6,0.16,Standard Loops,0.7497,0.7497,3.335,0.3401,340.1,0.14994,0.14994,0.667,0.06801,68.01,8.0801,8.0801,35.942,3.6651,3665.1,5.88,5.88,149.35,14.935,0.752,0.752,19.1,1.91,Factory Option,Passivate per ASTM A967,0.0364,0.874,0.874,22.2,2.22,Random,0.063,0.063,1.6,0.16
LE 063J 01 S316,LE 063J 01 S316,LE063J01S316,Extension Spring,11,Stock,,Yes,Yes,Yes,Yes,Yes,Yes,Yes,Yes,Yes,Standard Extension Series (inch),NR,Stainless Steel Type 316,SS 316,ASTM A313,1,1,25.4,2.54,0.02,0.02,0.51,0.051,2.5,2.5,63.5,6.35,0.05,0.05,1.27,0.127,2.17,2.17,0.38,3.8,0.0388,0.388,38.8,388,0.217,0.217,0.038,0.38,0.00388,0.0388,3.88,38.8,0.874,0.874,22.2,2.22,REF,Reference,Reference,Reference,11.0304,11,0.063,0.063,1.6,0.16,Standard Loops,0.7497,0.7497,3.335,0.3401,340.1,0.14994,0.14994,0.667,0.06801,68.01,6.06,6.06,26.956,2.7488,2748.8,4.947,4.947,125.65,12.565,0.752,0.752,19.1,1.91,Factory Option,Ultrasonically Passivate with Citric Acid for 10 mins At 131 Deg F,0.0364,0.874,0.874,22.2,2.22,Random,0.063,0.063,1.6,0.16
LE 063J 02 M,LE 063J 02 M,LE063J02M,Extension Spring,11,Stock,,Yes,Yes,Yes,Yes,Yes,Yes,Yes,Yes,Yes,Standard Extension Series (inch),NR,Music Wire,MW,ASTM A228,1,1,25.4,2.54,0.02,0.02,0.51,0.051,2.75,2.75,69.85,6.985,0.05,0.05,1.27,0.127,1.9,1.9,0.333,3.33,0.0339,0.339,33.9,339,0.19,0.19,0.0333,0.333,0.00339,0.0339,3.39,33.9,0.874,0.874,22.2,2.22,REF,Reference,Reference,Reference,15.1175,15.1,0.063,0.063,1.6,0.16,Standard Loops,0.9,0.9,4.003,0.4082,408.2,0.18,0.18,0.8007,0.08165,81.65,9.7,9.7,43.148,4.3999,4399.9,7.38,7.38,187.45,18.745,1.002,1.002,25.45,2.545,Factory Option,Zinc Plate and Bake per ASTM B633,0.04692,0.874,0.874,22.2,2.22,Random,0.063,0.063,1.6,0.16
LE 063J 02 S,LE 063J 02 S,LE063J02S,Extension Spring,11,Stock,,Yes,Yes,Yes,Yes,Yes,Yes,Yes,Yes,Yes,Standard Extension Series (inch),NR,Stainless Steel,SS,ASTM A313,1,1,25.4,2.54,0.02,0.02,0.51,0.051,2.75,2.75,69.85,6.985,0.05,0.05,1.27,0.127,1.58,1.58,0.277,2.77,0.0282,0.282,28.2,282,0.158,0.158,0.0277,0.277,0.00282,0.0282,2.82,28.2,0.874,0.874,22.2,2.22,REF,Reference,Reference,Reference,15.1494,15.1,0.063,0.063,1.6,0.16,Standard Loops,0.7497,0.7497,3.335,0.3401,340.1,0.14994,0.14994,0.667,0.06801,68.01,8.0801,8.0801,35.942,3.6651,3665.1,7.38,7.38,187.45,18.745,1.002,1.002,25.45,2.545,Factory Option,Passivate per ASTM A967,0.04791,0.874,0.874,22.2,2.22,Random,0.063,0.063,1.6,0.16
LE 063J 02 S316,LE 063J 02 S316,LE063J02S316,Extension Spring,11,Stock,,Yes,Yes,Yes,Yes,Yes,Yes,Yes,Yes,Yes,Standard Extension Series (inch),NR,Stainless Steel Type 316,SS 316,ASTM A313,1,1,25.4,2.54,0.02,0.02,0.51,0.051,2.75,2.75,69.85,6.985,0.05,0.05,1.27,0.127,1.58,1.58,0.277,2.77,0.0282,0.282,28.2,282,0.158,0.158,0.0277,0.277,0.00282,0.0282,2.82,28.2,0.874,0.874,22.2,2.22,REF,Reference,Reference,Reference,15.1494,15.1,0.063,0.063,1.6,0.16,Standard Loops,0.7497,0.7497,3.335,0.3401,340.1,0.14994,0.14994,0.667,0.06801,68.01,6.06,6.06,26.956,2.7488,2748.8,6.11,6.11,155.19,15.519,1.002,1.002,25.45,2.545,Factory Option,Ultrasonically Passivate with Citric Acid for 10 mins At 131 Deg F,0.04791,0.874,0.874,22.2,2.22,Random,0.063,0.063,1.6,0.16
LE 063J 03 M,LE 063J 03 M,LE063J03M,Extension Spring,11,Stock,,Yes,Yes,Yes,Yes,Yes,Yes,Yes,Yes,Yes,Standard Extension Series (inch),NR,Music Wire,MW,ASTM A228,1,1,25.4,2.54,0.02,0.02,0.51,0.051,3,3,76.2,7.62,0.05,0.05,1.27,0.127,1.5,1.5,0.263,2.63,0.0268,0.268,26.8,268,0.15,0.15,0.0263,0.263,0.00268,0.0268,2.68,26.8,0.874,0.874,22.2,2.22,REF,Reference,Reference,Reference,19.1488,19.1,0.063,0.063,1.6,0.16,Standard Loops,0.9,0.9,4.003,0.4082,408.2,0.18,0.18,0.8007,0.08165,81.65,9.7,9.7,43.148,4.3999,4399.9,8.87,8.87,225.3,22.53,1.252,1.252,31.8,3.18,Factory Option,Zinc Plate and Bake per ASTM B633,0.05797,0.874,0.874,22.2,2.22,Random,0.063,0.063,1.6,0.16
LE 063J 03 S,LE 063J 03 S,LE063J03S,Extension Spring,11,Stock,,Yes,Yes,Yes,Yes,Yes,Yes,Yes,Yes,Yes,Standard Extension Series (inch),NR,Stainless Steel,SS,ASTM A313,1,1,25.4,2.54,0.02,0.02,0.51,0.051,3,3,76.2,7.62,0.05,0.05,1.27,0.127,1.25,1.25,0.219,2.19,0.0223,0.223,22.3,223,0.125,0.125,0.0219,0.219,0.00223,0.0223,2.23,22.3,0.874,0.874,22.2,2.22,REF,Reference,Reference,Reference,19.1488,19.1,0.063,0.063,1.6,0.16,Standard Loops,0.7497,0.7497,3.335,0.3401,340.1,0.14994,0.14994,0.667,0.06801,68.01,8.0801,8.0801,35.942,3.6651,3665.1,8.87,8.87,225.3,22.53,1.252,1.252,31.8,3.18,Factory Option,Passivate per ASTM A967,0.05908,0.874,0.874,22.2,2.22,Random,0.063,0.063,1.6,0.16
LE 063J 03 S316,LE 063J 03 S316,LE063J03S316,Extension Spring,11,Stock,,Yes,Yes,Yes,Yes,Yes,Yes,Yes,Yes,Yes,Standard Extension Series (inch),NR,Stainless Steel Type 316,SS 316,ASTM A313,1,1,25.4,2.54,0.02,0.02,0.51,0.051,3,3,76.2,7.62,0.05,0.05,1.27,0.127,1.25,1.25,0.219,2.19,0.0223,0.223,22.3,223,0.125,0.125,0.0219,0.219,0.00223,0.0223,2.23,22.3,0.874,0.874,22.2,2.22,REF,Reference,Reference,Reference,19.1488,19.1,0.063,0.063,1.6,0.16,Standard Loops,0.7497,0.7497,3.335,0.3401,340.1,0.14994,0.14994,0.667,0.06801,68.01,6.06,6.06,26.956,2.7488,2748.8,7.248,7.248,184.1,18.41,1.252,1.252,31.8,3.18,Factory Option,Ultrasonically Passivate with Citric Acid for 10 mins At 131 Deg F,0.05908,0.874,0.874,22.2,2.22,Random,0.063,0.063,1.6,0.16
LE 063J 04 M,LE 063J 04 M,LE063J04M,Extension Spring,11,Stock,,Yes,Yes,Yes,Yes,Yes,Yes,Yes,Yes,Yes,Standard Extension Series (inch),NR,Music Wire,MW,ASTM A228,1,1,25.4,2.54,0.02,0.02,0.51,0.051,3.25,3.25,82.55,8.255,0.06,0.06,1.52,0.152,1.2,1.2,0.21,2.1,0.0214,0.214,21.4,214,0.12,0.12,0.021,0.21,0.00214,0.0214,2.14,21.4,0.874,0.874,22.2,2.22,REF,Reference,Reference,Reference,23.9361,23.9,0.063,0.063,1.6,0.16,Standard Loops,0.9,0.9,4.003,0.4082,408.2,0.18,0.18,0.8007,0.08165,81.65,9.7,9.7,43.148,4.3999,4399.9,10.58,10.58,268.73,26.873,1.502,1.502,38.15,3.815,Factory Option,Zinc Plate and Bake per ASTM B633,0.0711,0.874,0.874,22.2,2.22,Random,0.063,0.063,1.6,0.16
LE 063J 04 S,LE 063J 04 S,LE063J04S,Extension Spring,11,Stock,,Yes,Yes,Yes,Yes,Yes,Yes,Yes,Yes,Yes,Standard Extension Series (inch),NR,Stainless Steel,SS,ASTM A313,1,1,25.4,2.54,0.02,0.02,0.51,0.051,3.25,3.25,82.55,8.255,0.06,0.06,1.52,0.152,1,1,0.175,1.75,0.0179,0.179,17.9,179,0.1,0.1,0.0175,0.175,0.00179,0.0179,1.79,17.9,0.874,0.874,22.2,2.22,REF,Reference,Reference,Reference,23.9361,23.9,0.063,0.063,1.6,0.16,Standard Loops,0.7497,0.7497,3.335,0.3401,340.1,0.14994,0.14994,0.667,0.06801,68.01,8.0801,8.0801,35.942,3.6651,3665.1,10.58,10.58,268.73,26.873,1.502,1.502,38.15,3.815,Factory Option,Passivate per ASTM A967,0.07245,0.874,0.874,22.2,2.22,Random,0.063,0.063,1.6,0.16
LE 063J 04 S316,LE 063J 04 S316,LE063J04S316,Extension Spring,11,Stock,,Yes,Yes,Yes,Yes,Yes,Yes,Yes,Yes,Yes,Standard Extension Series (inch),NR,Stainless Steel Type 316,SS 316,ASTM A313,1,1,25.4,2.54,0.02,0.02,0.51,0.051,3.25,3.25,82.55,8.255,0.06,0.06,1.52,0.152,1,1,0.175,1.75,0.0179,0.179,17.9,179,0.1,0.1,0.0175,0.175,0.00179,0.0179,1.79,17.9,0.874,0.874,22.2,2.22,REF,Reference,Reference,Reference,23.9361,23.9,0.063,0.063,1.6,0.16,Standard Loops,0.7497,0.7497,3.335,0.3401,340.1,0.14994,0.14994,0.667,0.06801,68.01,6.06,6.06,26.956,2.7488,2748.8,8.56,8.56,217.42,21.742,1.502,1.502,38.15,3.815,Factory Option,Ultrasonically Passivate with Citric Acid for 10 mins At 131 Deg F,0.07245,0.874,0.874,22.2,2.22,Random,0.063,0.063,1.6,0.16
LE 067E 01 M,LE 067E 01 M,LE067E01M,Extension Spring,11,Stock,,Yes,Yes,Yes,Yes,Yes,Yes,Yes,Yes,Yes,Standard Extension Series (inch),NR,Music Wire,MW,ASTM A228,0.5,0.5,12.7,1.27,0.01,0.01,0.25,0.025,1.25,1.25,31.75,3.175,0.035,0.035,0.89,0.089,55.31,55.31,9.687,96.87,0.9877,9.877,987.7,9877,5.531,5.531,0.9687,9.687,0.09877,0.9877,98.77,987.7,0.366,0.366,9.3,0.93,REF,Reference,Reference,Reference,6.7316,6.7,0.067,0.067,1.7,0.17,Standard Loops,3.5,3.5,15.569,1.5876,1587.6,0.7,0.7,3.1138,0.31752,317.52,24.02,24.02,106.846,10.8955,10895.5,1.62,1.62,41.15,4.115,0.518,0.518,13.16,1.316,Factory Option,Zinc Plate and Bake per ASTM B633,0.01251,0.366,0.366,9.3,0.93,Random,0.067,0.067,1.7,0.17
LE 067E 01 S,LE 067E 01 S,LE067E01S,Extension Spring,11,Stock,,Yes,Yes,Yes,Yes,Yes,Yes,Yes,Yes,Yes,Standard Extension Series (inch),NR,Stainless Steel,SS,ASTM A313,0.5,0.5,12.7,1.27,0.01,0.01,0.25,0.025,1.25,1.25,31.75,3.175,0.035,0.035,0.89,0.089,46.07,46.07,8.068,80.68,0.8227,8.227,822.7,8227,4.607,4.607,0.8068,8.068,0.08227,0.8227,82.27,822.7,0.366,0.366,9.3,0.93,REF,Reference,Reference,Reference,6.7348,6.7,0.067,0.067,1.7,0.17,Standard Loops,2.9155,2.9155,12.969,1.3225,1322.5,0.5831,0.5831,2.5938,0.26449,264.49,20.0086,20.0086,89.003,9.0759,9075.9,1.62,1.62,41.15,4.115,0.518,0.518,13.16,1.316,Factory Option,Passivate per ASTM A967,0.01275,0.366,0.366,9.3,0.93,Random,0.067,0.067,1.7,0.17
LE 067E 01 S316,LE 067E 01 S316,LE067E01S316,Extension Spring,11,Stock,,Yes,Yes,Yes,Yes,Yes,Yes,Yes,Yes,Yes,Standard Extension Series (inch),NR,Stainless Steel Type 316,SS 316,ASTM A313,0.5,0.5,12.7,1.27,0.01,0.01,0.25,0.025,1.25,1.25,31.75,3.175,0.035,0.035,0.89,0.089,46.07,46.07,8.068,80.68,0.8227,8.227,822.7,8227,4.607,4.607,0.8068,8.068,0.08227,0.8227,82.27,822.7,0.366,0.366,9.3,0.93,REF,Reference,Reference,Reference,6.7348,6.7,0.067,0.067,1.7,0.17,Standard Loops,2.9155,2.9155,12.969,1.3225,1322.5,0.5831,0.5831,2.5938,0.26449,264.49,15.006,15.006,66.75,6.8067,6806.7,1.512,1.512,38.4,3.84,0.518,0.518,13.16,1.316,Factory Option,Ultrasonically Passivate with Citric Acid for 10 mins At 131 Deg F,0.01275,0.366,0.366,9.3,0.93,Random,0.067,0.067,1.7,0.17
LE 067E 02 M,LE 067E 02 M,LE067E02M,Extension Spring,11,Stock,,Yes,Yes,Yes,Yes,Yes,Yes,Yes,Yes,Yes,Standard Extension Series (inch),NR,Music Wire,MW,ASTM A228,0.5,0.5,12.7,1.27,0.01,0.01,0.25,0.025,1.5,1.5,38.1,3.81,0.035,0.035,0.89,0.089,35.58,35.58,6.231,62.31,0.6354,6.354,635.4,6354,3.558,3.558,0.6231,6.231,0.06354,0.6354,63.54,635.4,0.366,0.366,9.3,0.93,REF,Reference,Reference,Reference,10.4645,10.5,0.067,0.067,1.7,0.17,Standard Loops,3.5,3.5,15.569,1.5876,1587.6,0.7,0.7,3.1138,0.31752,317.52,24.02,24.02,106.846,10.8955,10895.5,2.08,2.08,52.83,5.283,0.768,0.768,19.51,1.951,Factory Option,Zinc Plate and Bake per ASTM B633,0.01786,0.366,0.366,9.3,0.93,Random,0.067,0.067,1.7,0.17
LE 067E 02 S,LE 067E 02 S,LE067E02S,Extension Spring,11,Stock,,Yes,Yes,Yes,Yes,Yes,Yes,Yes,Yes,Yes,Standard Extension Series (inch),NR,Stainless Steel,SS,ASTM A313,0.5,0.5,12.7,1.27,0.01,0.01,0.25,0.025,1.5,1.5,38.1,3.81,0.035,0.035,0.89,0.089,29.64,29.64,5.191,51.91,0.5293,5.293,529.3,5293,2.964,2.964,0.5191,5.191,0.05293,0.5293,52.93,529.3,0.366,0.366,9.3,0.93,REF,Reference,Reference,Reference,10.468,10.5,0.067,0.067,1.7,0.17,Standard Loops,2.9155,2.9155,12.969,1.3225,1322.5,0.5831,0.5831,2.5938,0.26449,264.49,20.0086,20.0086,89.003,9.0759,9075.9,2.08,2.08,52.83,5.283,0.768,0.768,19.51,1.951,Factory Option,Passivate per ASTM A967,0.0182,0.366,0.366,9.3,0.93,Random,0.067,0.067,1.7,0.17
LE 067E 02 S316,LE 067E 02 S316,LE067E02S316,Extension Spring,11,Stock,,Yes,Yes,Yes,Yes,Yes,Yes,Yes,Yes,Yes,Standard Extension Series (inch),NR,Stainless Steel Type 316,SS 316,ASTM A313,0.5,0.5,12.7,1.27,0.01,0.01,0.25,0.025,1.5,1.5,38.1,3.81,0.035,0.035,0.89,0.089,29.64,29.64,5.191,51.91,0.5293,5.293,529.3,5293,2.964,2.964,0.5191,5.191,0.05293,0.5293,52.93,529.3,0.366,0.366,9.3,0.93,REF,Reference,Reference,Reference,10.468,10.5,0.067,0.067,1.7,0.17,Standard Loops,2.9155,2.9155,12.969,1.3225,1322.5,0.5831,0.5831,2.5938,0.26449,264.49,15.006,15.006,66.75,6.8067,6806.7,1.907,1.907,48.44,4.844,0.768,0.768,19.51,1.951,Factory Option,Ultrasonically Passivate with Citric Acid for 10 mins At 131 Deg F,0.0182,0.366,0.366,9.3,0.93,Random,0.067,0.067,1.7,0.17
LE 067E 03 M,LE 067E 03 M,LE067E03M,Extension Spring,11,Stock,,Yes,Yes,Yes,Yes,Yes,Yes,Yes,Yes,Yes,Standard Extension Series (inch),NR,Music Wire,MW,ASTM A228,0.5,0.5,12.7,1.27,0.01,0.01,0.25,0.025,1.75,1.75,44.45,4.445,0.04,0.04,1.02,0.102,26.23,26.23,4.594,45.94,0.4684,4.684,468.4,4684,2.623,2.623,0.4594,4.594,0.04684,0.4684,46.84,468.4,0.366,0.366,9.3,0.93,REF,Reference,Reference,Reference,14.1947,14.2,0.067,0.067,1.7,0.17,Standard Loops,3.5,3.5,15.569,1.5876,1587.6,0.7,0.7,3.1138,0.31752,317.52,24.02,24.02,106.846,10.8955,10895.5,2.53,2.53,64.26,6.426,1.018,1.018,25.86,2.586,Factory Option,Zinc Plate and Bake per ASTM B633,0.0232,0.366,0.366,9.3,0.93,Random,0.067,0.067,1.7,0.17
LE 067E 03 S,LE 067E 03 S,LE067E03S,Extension Spring,11,Stock,,Yes,Yes,Yes,Yes,Yes,Yes,Yes,Yes,Yes,Standard Extension Series (inch),NR,Stainless Steel,SS,ASTM A313,0.5,0.5,12.7,1.27,0.01,0.01,0.25,0.025,1.75,1.75,44.45,4.445,0.04,0.04,1.02,0.102,21.85,21.85,3.827,38.27,0.3902,3.902,390.2,3902,2.185,2.185,0.3827,3.827,0.03902,0.3902,39.02,390.2,0.366,0.366,9.3,0.93,REF,Reference,Reference,Reference,14.2001,14.2,0.067,0.067,1.7,0.17,Standard Loops,2.9155,2.9155,12.969,1.3225,1322.5,0.5831,0.5831,2.5938,0.26449,264.49,20.0086,20.0086,89.003,9.0759,9075.9,2.53,2.53,64.26,6.426,1.018,1.018,25.86,2.586,Factory Option,Passivate per ASTM A967,0.02365,0.366,0.366,9.3,0.93,Random,0.067,0.067,1.7,0.17
LE 067E 03 S316,LE 067E 03 S316,LE067E03S316,Extension Spring,11,Stock,,Yes,Yes,Yes,Yes,Yes,Yes,Yes,Yes,Yes,Standard Extension Series (inch),NR,Stainless Steel Type 316,SS 316,ASTM A313,0.5,0.5,12.7,1.27,0.01,0.01,0.25,0.025,1.75,1.75,44.45,4.445,0.04,0.04,1.02,0.102,21.85,21.85,3.827,38.27,0.3902,3.902,390.2,3902,2.185,2.185,0.3827,3.827,0.03902,0.3902,39.02,390.2,0.366,0.366,9.3,0.93,REF,Reference,Reference,Reference,14.2001,14.2,0.067,0.067,1.7,0.17,Standard Loops,2.9155,2.9155,12.969,1.3225,1322.5,0.5831,0.5831,2.5938,0.26449,264.49,15.006,15.006,66.75,6.8067,6806.7,2.303,2.303,58.5,5.85,1.018,1.018,25.86,2.586,Factory Option,Ultrasonically Passivate with Citric Acid for 10 mins At 131 Deg F,0.02365,0.366,0.366,9.3,0.93,Random,0.067,0.067,1.7,0.17
LE 067E 04 M,LE 067E 04 M,LE067E04M,Extension Spring,11,Stock,,Yes,Yes,Yes,Yes,Yes,Yes,Yes,Yes,Yes,Standard Extension Series (inch),NR,Music Wire,MW,ASTM A228,0.5,0.5,12.7,1.27,0.01,0.01,0.25,0.025,2,2,50.8,5.08,0.04,0.04,1.02,0.102,20.77,20.77,3.638,36.38,0.3709,3.709,370.9,3709,2.077,2.077,0.3638,3.638,0.03709,0.3709,37.09,370.9,0.366,0.366,9.3,0.93,REF,Reference,Reference,Reference,17.9262,17.9,0.067,0.067,1.7,0.17,Standard Loops,3.5,3.5,15.569,1.5876,1587.6,0.7,0.7,3.1138,0.31752,317.52,24.02,24.02,106.846,10.8955,10895.5,2.99,2.99,75.95,7.595,1.268,1.268,32.21,3.221,Factory Option,Zinc Plate and Bake per ASTM B633,0.02855,0.366,0.366,9.3,0.93,Random,0.067,0.067,1.7,0.17
LE 067E 04 S,LE 067E 04 S,LE067E04S,Extension Spring,11,Stock,,Yes,Yes,Yes,Yes,Yes,Yes,Yes,Yes,Yes,Standard Extension Series (inch),NR,Stainless Steel,SS,ASTM A313,0.5,0.5,12.7,1.27,0.01,0.01,0.25,0.025,2,2,50.8,5.08,0.04,0.04,1.02,0.102,17.3,17.3,3.03,30.3,0.3089,3.089,308.9,3089,1.73,1.73,0.303,3.03,0.03089,0.3089,30.89,308.9,0.366,0.366,9.3,0.93,REF,Reference,Reference,Reference,17.9349,17.9,0.067,0.067,1.7,0.17,Standard Loops,2.9155,2.9155,12.969,1.3225,1322.5,0.5831,0.5831,2.5938,0.26449,264.49,20.0086,20.0086,89.003,9.0759,9075.9,2.99,2.99,75.95,7.595,1.268,1.268,32.21,3.221,Factory Option,Passivate per ASTM A967,0.02911,0.366,0.366,9.3,0.93,Random,0.067,0.067,1.7,0.17
LE 067E 04 S316,LE 067E 04 S316,LE067E04S316,Extension Spring,11,Stock,,Yes,Yes,Yes,Yes,Yes,Yes,Yes,Yes,Yes,Standard Extension Series (inch),NR,Stainless Steel Type 316,SS 316,ASTM A313,0.5,0.5,12.7,1.27,0.01,0.01,0.25,0.025,2,2,50.8,5.08,0.04,0.04,1.02,0.102,17.3,17.3,3.03,30.3,0.3089,3.089,308.9,3089,1.73,1.73,0.303,3.03,0.03089,0.3089,30.89,308.9,0.366,0.366,9.3,0.93,REF,Reference,Reference,Reference,17.9349,17.9,0.067,0.067,1.7,0.17,Standard Loops,2.9155,2.9155,12.969,1.3225,1322.5,0.5831,0.5831,2.5938,0.26449,264.49,15.006,15.006,66.75,6.8067,6806.7,2.698,2.698,68.53,6.853,1.268,1.268,32.21,3.221,Factory Option,Ultrasonically Passivate with Citric Acid for 10 mins At 131 Deg F,0.02911,0.366,0.366,9.3,0.93,Random,0.067,0.067,1.7,0.17
LE 067E 05 M,LE 067E 05 M,LE067E05M,Extension Spring,11,Stock,,Yes,Yes,Yes,Yes,Yes,Yes,Yes,Yes,Yes,Standard Extension Series (inch),NR,Music Wire,MW,ASTM A228,0.5,0.5,12.7,1.27,0.01,0.01,0.25,0.025,2.25,2.25,57.15,5.715,0.05,0.05,1.27,0.127,17.19,17.19,3.011,30.11,0.307,3.07,307,3070,1.719,1.719,0.3011,3.011,0.0307,0.307,30.7,307,0.366,0.366,9.3,0.93,REF,Reference,Reference,Reference,21.6596,21.7,0.067,0.067,1.7,0.17,Standard Loops,3.5,3.5,15.569,1.5876,1587.6,0.7,0.7,3.1138,0.31752,317.52,24.02,24.02,106.846,10.8955,10895.5,3.44,3.44,87.38,8.738,1.518,1.518,38.56,3.856,Factory Option,Zinc Plate and Bake per ASTM B633,0.0339,0.366,0.366,9.3,0.93,Random,0.067,0.067,1.7,0.17
LE 067E 05 S,LE 067E 05 S,LE067E05S,Extension Spring,11,Stock,,Yes,Yes,Yes,Yes,Yes,Yes,Yes,Yes,Yes,Standard Extension Series (inch),NR,Stainless Steel,SS,ASTM A313,0.5,0.5,12.7,1.27,0.01,0.01,0.25,0.025,2.25,2.25,57.15,5.715,0.05,0.05,1.27,0.127,14.32,14.32,2.508,25.08,0.2557,2.557,255.7,2557,1.432,1.432,0.2508,2.508,0.02557,0.2557,25.57,255.7,0.366,0.366,9.3,0.93,REF,Reference,Reference,Reference,21.6671,21.7,0.067,0.067,1.7,0.17,Standard Loops,2.9155,2.9155,12.969,1.3225,1322.5,0.5831,0.5831,2.5938,0.26449,264.49,20.0086,20.0086,89.003,9.0759,9075.9,3.44,3.44,87.38,8.738,1.518,1.518,38.56,3.856,Factory Option,Passivate per ASTM A967,0.03455,0.366,0.366,9.3,0.93,Random,0.067,0.067,1.7,0.17
LE 067E 05 S316,LE 067E 05 S316,LE067E05S316,Extension Spring,11,Stock,,Yes,Yes,Yes,Yes,Yes,Yes,Yes,Yes,Yes,Standard Extension Series (inch),NR,Stainless Steel Type 316,SS 316,ASTM A313,0.5,0.5,12.7,1.27,0.01,0.01,0.25,0.025,2.25,2.25,57.15,5.715,0.05,0.05,1.27,0.127,14.32,14.32,2.508,25.08,0.2557,2.557,255.7,2557,1.432,1.432,0.2508,2.508,0.02557,0.2557,25.57,255.7,0.366,0.366,9.3,0.93,REF,Reference,Reference,Reference,21.6671,21.7,0.067,0.067,1.7,0.17,Standard Loops,2.9155,2.9155,12.969,1.3225,1322.5,0.5831,0.5831,2.5938,0.26449,264.49,15.006,15.006,66.75,6.8067,6806.7,3.094,3.094,78.59,7.859,1.518,1.518,38.56,3.856,Factory Option,Ultrasonically Passivate with Citric Acid for 10 mins At 131 Deg F,0.03455,0.366,0.366,9.3,0.93,Random,0.067,0.067,1.7,0.17
LE 067E 06 M,LE 067E 06 M,LE067E06M,Extension Spring,11,Stock,,Yes,Yes,Yes,Yes,Yes,Yes,Yes,Yes,Yes,Standard Extension Series (inch),NR,Music Wire,MW,ASTM A228,0.5,0.5,12.7,1.27,0.01,0.01,0.25,0.025,2.5,2.5,63.5,6.35,0.05,0.05,1.27,0.127,14.66,14.66,2.567,25.67,0.2618,2.618,261.8,2618,1.466,1.466,0.2567,2.567,0.02618,0.2618,26.18,261.8,0.366,0.366,9.3,0.93,REF,Reference,Reference,Reference,25.3976,25.4,0.067,0.067,1.7,0.17,Standard Loops,3.5,3.5,15.569,1.5876,1587.6,0.7,0.7,3.1138,0.31752,317.52,24.02,24.02,106.846,10.8955,10895.5,3.9,3.9,99.06,9.906,1.768,1.768,44.91,4.491,Factory Option,Zinc Plate and Bake per ASTM B633,0.03925,0.366,0.366,9.3,0.93,Random,0.067,0.067,1.7,0.17
LE 067E 06 S,LE 067E 06 S,LE067E06S,Extension Spring,11,Stock,,Yes,Yes,Yes,Yes,Yes,Yes,Yes,Yes,Yes,Standard Extension Series (inch),NR,Stainless Steel,SS,ASTM A313,0.5,0.5,12.7,1.27,0.01,0.01,0.25,0.025,2.5,2.5,63.5,6.35,0.05,0.05,1.27,0.127,12.21,12.21,2.138,21.38,0.218,2.18,218,2180,1.221,1.221,0.2138,2.138,0.0218,0.218,21.8,218,0.366,0.366,9.3,0.93,REF,Reference,Reference,Reference,25.411,25.4,0.067,0.067,1.7,0.17,Standard Loops,2.9155,2.9155,12.969,1.3225,1322.5,0.5831,0.5831,2.5938,0.26449,264.49,20.0086,20.0086,89.003,9.0759,9075.9,3.9,3.9,99.06,9.906,1.768,1.768,44.91,4.491,Factory Option,Passivate per ASTM A967,0.04002,0.366,0.366,9.3,0.93,Random,0.067,0.067,1.7,0.17
LE 067E 06 S316,LE 067E 06 S316,LE067E06S316,Extension Spring,11,Stock,,Yes,Yes,Yes,Yes,Yes,Yes,Yes,Yes,Yes,Standard Extension Series (inch),NR,Stainless Steel Type 316,SS 316,ASTM A313,0.5,0.5,12.7,1.27,0.01,0.01,0.25,0.025,2.5,2.5,63.5,6.35,0.05,0.05,1.27,0.127,12.21,12.21,2.138,21.38,0.218,2.18,218,2180,1.221,1.221,0.2138,2.138,0.0218,0.218,21.8,218,0.366,0.366,9.3,0.93,REF,Reference,Reference,Reference,25.411,25.4,0.067,0.067,1.7,0.17,Standard Loops,2.9155,2.9155,12.969,1.3225,1322.5,0.5831,0.5831,2.5938,0.26449,264.49,15.006,15.006,66.75,6.8067,6806.7,3.49,3.49,88.65,8.865,1.768,1.768,44.91,4.491,Factory Option,Ultrasonically Passivate with Citric Acid for 10 mins At 131 Deg F,0.04002,0.366,0.366,9.3,0.93,Random,0.067,0.067,1.7,0.17
LE 067E 07 M,LE 067E 07 M,LE067E07M,Extension Spring,11,Stock,,Yes,Yes,Yes,Yes,Yes,Yes,Yes,Yes,Yes,Standard Extension Series (inch),NR,Music Wire,MW,ASTM A228,0.5,0.5,12.7,1.27,0.01,0.01,0.25,0.025,2.75,2.75,69.85,6.985,0.05,0.05,1.27,0.127,12.78,12.78,2.238,22.38,0.2282,2.282,228.2,2282,1.278,1.278,0.2238,2.238,0.02282,0.2282,22.82,228.2,0.366,0.366,9.3,0.93,REF,Reference,Reference,Reference,29.1337,29.1,0.067,0.067,1.7,0.17,Standard Loops,3.5,3.5,15.569,1.5876,1587.6,0.7,0.7,3.1138,0.31752,317.52,24.02,24.02,106.846,10.8955,10895.5,4.36,4.36,110.74,11.074,2.018,2.018,51.26,5.126,Factory Option,Zinc Plate and Bake per ASTM B633,0.04461,0.366,0.366,9.3,0.93,Random,0.067,0.067,1.7,0.17
LE 067E 07 S,LE 067E 07 S,LE067E07S,Extension Spring,11,Stock,,Yes,Yes,Yes,Yes,Yes,Yes,Yes,Yes,Yes,Standard Extension Series (inch),NR,Stainless Steel,SS,ASTM A313,0.5,0.5,12.7,1.27,0.01,0.01,0.25,0.025,2.75,2.75,69.85,6.985,0.05,0.05,1.27,0.127,10.65,10.65,1.865,18.65,0.1902,1.902,190.2,1902,1.065,1.065,0.1865,1.865,0.01902,0.1902,19.02,190.2,0.366,0.366,9.3,0.93,REF,Reference,Reference,Reference,29.1337,29.1,0.067,0.067,1.7,0.17,Standard Loops,2.9155,2.9155,12.969,1.3225,1322.5,0.5831,0.5831,2.5938,0.26449,264.49,20.0086,20.0086,89.003,9.0759,9075.9,4.36,4.36,110.74,11.074,2.018,2.018,51.26,5.126,Factory Option,Passivate per ASTM A967,0.04546,0.366,0.366,9.3,0.93,Random,0.067,0.067,1.7,0.17
LE 067E 07 S316,LE 067E 07 S316,LE067E07S316,Extension Spring,11,Stock,,Yes,Yes,Yes,Yes,Yes,Yes,Yes,Yes,Yes,Standard Extension Series (inch),NR,Stainless Steel Type 316,SS 316,ASTM A313,0.5,0.5,12.7,1.27,0.01,0.01,0.25,0.025,2.75,2.75,69.85,6.985,0.05,0.05,1.27,0.127,10.65,10.65,1.865,18.65,0.1902,1.902,190.2,1902,1.065,1.065,0.1865,1.865,0.01902,0.1902,19.02,190.2,0.366,0.366,9.3,0.93,REF,Reference,Reference,Reference,29.1337,29.1,0.067,0.067,1.7,0.17,Standard Loops,2.9155,2.9155,12.969,1.3225,1322.5,0.5831,0.5831,2.5938,0.26449,264.49,15.006,15.006,66.75,6.8067,6806.7,3.885,3.885,98.68,9.868,2.018,2.018,51.26,5.126,Factory Option,Ultrasonically Passivate with Citric Acid for 10 mins At 131 Deg F,0.04546,0.366,0.366,9.3,0.93,Random,0.067,0.067,1.7,0.17
LE 067E 08 M,LE 067E 08 M,LE067E08M,Extension Spring,11,Stock,,Yes,Yes,Yes,Yes,Yes,Yes,Yes,Yes,Yes,Standard Extension Series (inch),NR,Music Wire,MW,ASTM A228,0.5,0.5,12.7,1.27,0.01,0.01,0.25,0.025,3,3,76.2,7.62,0.05,0.05,1.27,0.127,11.33,11.33,1.984,19.84,0.2023,2.023,202.3,2023,1.133,1.133,0.1984,1.984,0.02023,0.2023,20.23,202.3,0.366,0.366,9.3,0.93,REF,Reference,Reference,Reference,32.8622,32.9,0.067,0.067,1.7,0.17,Standard Loops,3.5,3.5,15.569,1.5876,1587.6,0.7,0.7,3.1138,0.31752,317.52,24.02,24.02,106.846,10.8955,10895.5,4.81,4.81,122.17,12.217,2.268,2.268,57.61,5.761,Factory Option,Zinc Plate and Bake per ASTM B633,0.04995,0.366,0.366,9.3,0.93,Random,0.067,0.067,1.7,0.17
LE 067E 08 S,LE 067E 08 S,LE067E08S,Extension Spring,11,Stock,,Yes,Yes,Yes,Yes,Yes,Yes,Yes,Yes,Yes,Standard Extension Series (inch),NR,Stainless Steel,SS,ASTM A313,0.5,0.5,12.7,1.27,0.01,0.01,0.25,0.025,3,3,76.2,7.62,0.05,0.05,1.27,0.127,9.44,9.44,1.653,16.53,0.1686,1.686,168.6,1686,0.944,0.944,0.1653,1.653,0.01686,0.1686,16.86,168.6,0.366,0.366,9.3,0.93,REF,Reference,Reference,Reference,32.868,32.9,0.067,0.067,1.7,0.17,Standard Loops,2.9155,2.9155,12.969,1.3225,1322.5,0.5831,0.5831,2.5938,0.26449,264.49,20.0086,20.0086,89.003,9.0759,9075.9,4.81,4.81,122.17,12.217,2.268,2.268,57.61,5.761,Factory Option,Passivate per ASTM A967,0.05091,0.366,0.366,9.3,0.93,Random,0.067,0.067,1.7,0.17
LE 067E 08 S316,LE 067E 08 S316,LE067E08S316,Extension Spring,11,Stock,,Yes,Yes,Yes,Yes,Yes,Yes,Yes,Yes,Yes,Standard Extension Series (inch),NR,Stainless Steel Type 316,SS 316,ASTM A313,0.5,0.5,12.7,1.27,0.01,0.01,0.25,0.025,3,3,76.2,7.62,0.05,0.05,1.27,0.127,9.44,9.44,1.653,16.53,0.1686,1.686,168.6,1686,0.944,0.944,0.1653,1.653,0.01686,0.1686,16.86,168.6,0.366,0.366,9.3,0.93,REF,Reference,Reference,Reference,32.868,32.9,0.067,0.067,1.7,0.17,Standard Loops,2.9155,2.9155,12.969,1.3225,1322.5,0.5831,0.5831,2.5938,0.26449,264.49,15.006,15.006,66.75,6.8067,6806.7,4.28,4.28,108.71,10.871,2.268,2.268,57.61,5.761,Factory Option,Ultrasonically Passivate with Citric Acid for 10 mins At 131 Deg F,0.05091,0.366,0.366,9.3,0.93,Random,0.067,0.067,1.7,0.17
LE 067E 09 M,LE 067E 09 M,LE067E09M,Extension Spring,11,Stock,,Yes,Yes,Yes,Yes,Yes,Yes,Yes,Yes,Yes,Standard Extension Series (inch),NR,Music Wire,MW,ASTM A228,0.5,0.5,12.7,1.27,0.01,0.01,0.25,0.025,3.5,3.5,88.9,8.89,0.06,0.06,1.52,0.152,9.23,9.23,1.616,16.16,0.1648,1.648,164.8,1648,0.923,0.923,0.1616,1.616,0.01648,0.1648,16.48,164.8,0.366,0.366,9.3,0.93,REF,Reference,Reference,Reference,40.3389,40.3,0.067,0.067,1.7,0.17,Standard Loops,3.5,3.5,15.569,1.5876,1587.6,0.7,0.7,3.1138,0.31752,317.52,24.02,24.02,106.846,10.8955,10895.5,5.72,5.72,145.29,14.529,2.768,2.768,70.31,7.031,Factory Option,Zinc Plate and Bake per ASTM B633,0.06066,0.366,0.366,9.3,0.93,Random,0.067,0.067,1.7,0.17
LE 067E 09 S,LE 067E 09 S,LE067E09S,Extension Spring,11,Stock,,Yes,Yes,Yes,Yes,Yes,Yes,Yes,Yes,Yes,Standard Extension Series (inch),NR,Stainless Steel,SS,ASTM A313,0.5,0.5,12.7,1.27,0.01,0.01,0.25,0.025,3.5,3.5,88.9,8.89,0.06,0.06,1.52,0.152,7.69,7.69,1.347,13.47,0.1373,1.373,137.3,1373,0.769,0.769,0.1347,1.347,0.01373,0.1373,13.73,137.3,0.366,0.366,9.3,0.93,REF,Reference,Reference,Reference,40.3477,40.3,0.067,0.067,1.7,0.17,Standard Loops,2.9155,2.9155,12.969,1.3225,1322.5,0.5831,0.5831,2.5938,0.26449,264.49,20.0086,20.0086,89.003,9.0759,9075.9,5.72,5.72,145.29,14.529,2.768,2.768,70.31,7.031,Factory Option,Passivate per ASTM A967,0.06183,0.366,0.366,9.3,0.93,Random,0.067,0.067,1.7,0.17
LE 067E 09 S316,LE 067E 09 S316,LE067E09S316,Extension Spring,11,Stock,,Yes,Yes,Yes,Yes,Yes,Yes,Yes,Yes,Yes,Standard Extension Series (inch),NR,Stainless Steel Type 316,SS 316,ASTM A313,0.5,0.5,12.7,1.27,0.01,0.01,0.25,0.025,3.5,3.5,88.9,8.89,0.06,0.06,1.52,0.152,7.69,7.69,1.347,13.47,0.1373,1.373,137.3,1373,0.769,0.769,0.1347,1.347,0.01373,0.1373,13.73,137.3,0.366,0.366,9.3,0.93,REF,Reference,Reference,Reference,40.3477,40.3,0.067,0.067,1.7,0.17,Standard Loops,2.9155,2.9155,12.969,1.3225,1322.5,0.5831,0.5831,2.5938,0.26449,264.49,15.006,15.006,66.75,6.8067,6806.7,5.072,5.072,128.83,12.883,2.768,2.768,70.31,7.031,Factory Option,Ultrasonically Passivate with Citric Acid for 10 mins At 131 Deg F,0.06183,0.366,0.366,9.3,0.93,Random,0.067,0.067,1.7,0.17
LE 067E 10 M,LE 067E 10 M,LE067E10M,Extension Spring,11,Stock,,Yes,Yes,Yes,Yes,Yes,Yes,Yes,Yes,Yes,Standard Extension Series (inch),NR,Music Wire,MW,ASTM A228,0.5,0.5,12.7,1.27,0.01,0.01,0.25,0.025,4,4,101.6,10.16,0.06,0.06,1.52,0.152,7.79,7.79,1.364,13.64,0.1391,1.391,139.1,1391,0.779,0.779,0.1364,1.364,0.01391,0.1391,13.91,139.1,0.366,0.366,9.3,0.93,REF,Reference,Reference,Reference,47.7957,47.8,0.067,0.067,1.7,0.17,Standard Loops,3.5,3.5,15.569,1.5876,1587.6,0.7,0.7,3.1138,0.31752,317.52,24.02,24.02,106.846,10.8955,10895.5,6.63,6.63,168.4,16.84,3.268,3.268,83.01,8.301,Factory Option,Zinc Plate and Bake per ASTM B633,0.07134,0.366,0.366,9.3,0.93,Random,0.067,0.067,1.7,0.17
LE 067E 10 S,LE 067E 10 S,LE067E10S,Extension Spring,11,Stock,,Yes,Yes,Yes,Yes,Yes,Yes,Yes,Yes,Yes,Standard Extension Series (inch),NR,Stainless Steel,SS,ASTM A313,0.5,0.5,12.7,1.27,0.01,0.01,0.25,0.025,4,4,101.6,10.16,0.06,0.06,1.52,0.152,6.49,6.49,1.137,11.37,0.1159,1.159,115.9,1159,0.649,0.649,0.1137,1.137,0.01159,0.1159,11.59,115.9,0.366,0.366,9.3,0.93,REF,Reference,Reference,Reference,47.808,47.8,0.067,0.067,1.7,0.17,Standard Loops,2.9155,2.9155,12.969,1.3225,1322.5,0.5831,0.5831,2.5938,0.26449,264.49,20.0086,20.0086,89.003,9.0759,9075.9,6.63,6.63,168.4,16.84,3.268,3.268,83.01,8.301,Factory Option,Passivate per ASTM A967,0.07272,0.366,0.366,9.3,0.93,Random,0.067,0.067,1.7,0.17
LE 067E 10 S316,LE 067E 10 S316,LE067E10S316,Extension Spring,11,Stock,,Yes,Yes,Yes,Yes,Yes,Yes,Yes,Yes,Yes,Standard Extension Series (inch),NR,Stainless Steel Type 316,SS 316,ASTM A313,0.5,0.5,12.7,1.27,0.01,0.01,0.25,0.025,4,4,101.6,10.16,0.06,0.06,1.52,0.152,6.49,6.49,1.137,11.37,0.1159,1.159,115.9,1159,0.649,0.649,0.1137,1.137,0.01159,0.1159,11.59,115.9,0.366,0.366,9.3,0.93,REF,Reference,Reference,Reference,47.808,47.8,0.067,0.067,1.7,0.17,Standard Loops,2.9155,2.9155,12.969,1.3225,1322.5,0.5831,0.5831,2.5938,0.26449,264.49,15.006,15.006,66.75,6.8067,6806.7,5.862,5.862,148.89,14.889,3.268,3.268,83.01,8.301,Factory Option,Ultrasonically Passivate with Citric Acid for 10 mins At 131 Deg F,0.07272,0.366,0.366,9.3,0.93,Random,0.067,0.067,1.7,0.17
LE 067E 11 M,LE 067E 11 M,LE067E11M,Extension Spring,11,Stock,,Yes,Yes,Yes,Yes,Yes,Yes,Yes,Yes,Yes,Standard Extension Series (inch),NR,Music Wire,MW,ASTM A228,0.5,0.5,12.7,1.27,0.01,0.01,0.25,0.025,4.5,4.5,114.3,11.43,0.075,0.075,1.91,0.191,6.74,6.74,1.18,11.8,0.1204,1.204,120.4,1204,0.674,0.674,0.118,1.18,0.01204,0.1204,12.04,120.4,0.366,0.366,9.3,0.93,REF,Reference,Reference,Reference,55.2416,55.2,0.067,0.067,1.7,0.17,Standard Loops,3.5,3.5,15.569,1.5876,1587.6,0.7,0.7,3.1138,0.31752,317.52,24.02,24.02,106.846,10.8955,10895.5,7.54,7.54,191.52,19.152,3.768,3.768,95.71,9.571,Factory Option,Zinc Plate and Bake per ASTM B633,0.08201,0.366,0.366,9.3,0.93,Random,0.067,0.067,1.7,0.17
LE 067E 11 S,LE 067E 11 S,LE067E11S,Extension Spring,11,Stock,,Yes,Yes,Yes,Yes,Yes,Yes,Yes,Yes,Yes,Standard Extension Series (inch),NR,Stainless Steel,SS,ASTM A313,0.5,0.5,12.7,1.27,0.01,0.01,0.25,0.025,4.5,4.5,114.3,11.43,0.075,0.075,1.91,0.191,5.61,5.61,0.982,9.82,0.1002,1.002,100.2,1002,0.561,0.561,0.0982,0.982,0.01002,0.1002,10.02,100.2,0.366,0.366,9.3,0.93,REF,Reference,Reference,Reference,55.3073,55.3,0.067,0.067,1.7,0.17,Standard Loops,2.9155,2.9155,12.969,1.3225,1322.5,0.5831,0.5831,2.5938,0.26449,264.49,20.0086,20.0086,89.003,9.0759,9075.9,7.54,7.54,191.52,19.152,3.768,3.768,95.71,9.571,Factory Option,Passivate per ASTM A967,0.08367,0.366,0.366,9.3,0.93,Random,0.067,0.067,1.7,0.17
LE 067E 11 S316,LE 067E 11 S316,LE067E11S316,Extension Spring,11,Stock,,Yes,Yes,Yes,Yes,Yes,Yes,Yes,Yes,Yes,Standard Extension Series (inch),NR,Stainless Steel Type 316,SS 316,ASTM A313,0.5,0.5,12.7,1.27,0.01,0.01,0.25,0.025,4.5,4.5,114.3,11.43,0.075,0.075,1.91,0.191,5.61,5.61,0.982,9.82,0.1002,1.002,100.2,1002,0.561,0.561,0.0982,0.982,0.01002,0.1002,10.02,100.2,0.366,0.366,9.3,0.93,REF,Reference,Reference,Reference,55.3073,55.3,0.067,0.067,1.7,0.17,Standard Loops,2.9155,2.9155,12.969,1.3225,1322.5,0.5831,0.5831,2.5938,0.26449,264.49,15.006,15.006,66.75,6.8067,6806.7,6.655,6.655,169.04,16.904,3.768,3.768,95.71,9.571,Factory Option,Ultrasonically Passivate with Citric Acid for 10 mins At 131 Deg F,0.08367,0.366,0.366,9.3,0.93,Random,0.067,0.067,1.7,0.17
LE 067E 12 M,LE 067E 12 M,LE067E12M,Extension Spring,11,Stock,,Yes,Yes,Yes,Yes,Yes,Yes,Yes,Yes,Yes,Standard Extension Series (inch),NR,Music Wire,MW,ASTM A228,0.5,0.5,12.7,1.27,0.01,0.01,0.25,0.025,5,5,127,12.7,0.075,0.075,1.91,0.191,5.94,5.94,1.04,10.4,0.1061,1.061,106.1,1061,0.594,0.594,0.104,1.04,0.01061,0.1061,10.61,106.1,0.366,0.366,9.3,0.93,REF,Reference,Reference,Reference,62.6816,62.7,0.067,0.067,1.7,0.17,Standard Loops,3.5,3.5,15.569,1.5876,1587.6,0.7,0.7,3.1138,0.31752,317.52,24.02,24.02,106.846,10.8955,10895.5,8.45,8.45,214.63,21.463,4.268,4.268,108.41,10.841,Factory Option,Zinc Plate and Bake per ASTM B633,0.09267,0.366,0.366,9.3,0.93,Random,0.067,0.067,1.7,0.17
LE 067E 12 S,LE 067E 12 S,LE067E12S,Extension Spring,11,Stock,,Yes,Yes,Yes,Yes,Yes,Yes,Yes,Yes,Yes,Standard Extension Series (inch),NR,Stainless Steel,SS,ASTM A313,0.5,0.5,12.7,1.27,0.01,0.01,0.25,0.025,5,5,127,12.7,0.075,0.075,1.91,0.191,4.95,4.95,0.867,8.67,0.0884,0.884,88.4,884,0.495,0.495,0.0867,0.867,0.00884,0.0884,8.84,88.4,0.366,0.366,9.3,0.93,REF,Reference,Reference,Reference,62.6816,62.7,0.067,0.067,1.7,0.17,Standard Loops,2.9155,2.9155,12.969,1.3225,1322.5,0.5831,0.5831,2.5938,0.26449,264.49,20.0086,20.0086,89.003,9.0759,9075.9,8.45,8.45,214.63,21.463,4.268,4.268,108.41,10.841,Factory Option,Passivate per ASTM A967,0.09444,0.366,0.366,9.3,0.93,Random,0.067,0.067,1.7,0.17
LE 067E 12 S316,LE 067E 12 S316,LE067E12S316,Extension Spring,11,Stock,,Yes,Yes,Yes,Yes,Yes,Yes,Yes,Yes,Yes,Standard Extension Series (inch),NR,Stainless Steel Type 316,SS 316,ASTM A313,0.5,0.5,12.7,1.27,0.01,0.01,0.25,0.025,5,5,127,12.7,0.075,0.075,1.91,0.191,4.95,4.95,0.867,8.67,0.0884,0.884,88.4,884,0.495,0.495,0.0867,0.867,0.00884,0.0884,8.84,88.4,0.366,0.366,9.3,0.93,REF,Reference,Reference,Reference,62.6816,62.7,0.067,0.067,1.7,0.17,Standard Loops,2.9155,2.9155,12.969,1.3225,1322.5,0.5831,0.5831,2.5938,0.26449,264.49,15.006,15.006,66.75,6.8067,6806.7,7.442,7.442,189.03,18.903,4.268,4.268,108.41,10.841,Factory Option,Ultrasonically Passivate with Citric Acid for 10 mins At 131 Deg F,0.09444,0.366,0.366,9.3,0.93,Random,0.067,0.067,1.7,0.17
LE 069E 01 M,LE 069E 01 M,LE069E01M,Extension Spring,11,Stock,,Yes,Yes,Yes,Yes,Yes,Yes,Yes,Yes,Yes,Standard Extension Series (inch),NR,Music Wire,MW,ASTM A228,0.5,0.5,12.7,1.27,0.01,0.01,0.25,0.025,1.25,1.25,31.75,3.175,0.035,0.035,0.89,0.089,64.12,64.12,11.23,112.3,1.1451,11.451,1145.1,11451,6.412,6.412,1.123,11.23,0.11451,1.1451,114.51,1145.1,0.362,0.362,9.19,0.919,REF,Reference,Reference,Reference,6.62,6.6,0.069,0.069,1.75,0.175,Standard Loops,4,4,17.793,1.8144,1814.4,0.8,0.8,3.5586,0.36288,362.88,25.5,25.5,113.43,11.5668,11566.8,1.585,1.585,40.26,4.026,0.526,0.526,13.36,1.336,Factory Option,Zinc Plate and Bake per ASTM B633,0.01302,0.362,0.362,9.19,0.919,Random,0.069,0.069,1.75,0.175
LE 069E 01 S,LE 069E 01 S,LE069E01S,Extension Spring,11,Stock,,Yes,Yes,Yes,Yes,Yes,Yes,Yes,Yes,Yes,Standard Extension Series (inch),NR,Stainless Steel,SS,ASTM A313,0.5,0.5,12.7,1.27,0.01,0.01,0.25,0.025,1.25,1.25,31.75,3.175,0.035,0.035,0.89,0.089,53.433,53.433,9.358,93.58,0.9542,9.542,954.2,9542,5.3433,5.3433,0.9358,9.358,0.09542,0.9542,95.42,954.2,0.362,0.362,9.19,0.919,REF,Reference,Reference,Reference,6.62,6.6,0.069,0.069,1.75,0.175,Standard Loops,3.333,3.333,14.826,1.5118,1511.8,0.6666,0.6666,2.9652,0.30237,302.37,21.25,21.25,94.525,9.639,9639,1.585,1.585,40.26,4.026,0.526,0.526,13.36,1.336,Factory Option,Passivate per ASTM A967,0.01311,0.362,0.362,9.19,0.919,Random,0.069,0.069,1.75,0.175
LE 069E 02 M,LE 069E 02 M,LE069E02M,Extension Spring,11,Stock,,Yes,Yes,Yes,Yes,Yes,Yes,Yes,Yes,Yes,Standard Extension Series (inch),NR,Music Wire,MW,ASTM A228,0.5,0.5,12.7,1.27,0.01,0.01,0.25,0.025,1.5,1.5,38.1,3.81,0.035,0.035,0.89,0.089,41.45,41.45,7.259,72.59,0.7402,7.402,740.2,7402,4.145,4.145,0.7259,7.259,0.07402,0.7402,74.02,740.2,0.362,0.362,9.19,0.919,REF,Reference,Reference,Reference,10.25,10.3,0.069,0.069,1.75,0.175,Standard Loops,4,4,17.793,1.8144,1814.4,0.8,0.8,3.5586,0.36288,362.88,25.5,25.5,113.43,11.5668,11566.8,2.019,2.019,51.28,5.128,0.776,0.776,19.71,1.971,Factory Option,Zinc Plate and Bake per ASTM B633,0.01849,0.362,0.362,9.19,0.919,Random,0.069,0.069,1.75,0.175
LE 069E 02 S,LE 069E 02 S,LE069E02S,Extension Spring,11,Stock,,Yes,Yes,Yes,Yes,Yes,Yes,Yes,Yes,Yes,Standard Extension Series (inch),NR,Stainless Steel,SS,ASTM A313,0.5,0.5,12.7,1.27,0.01,0.01,0.25,0.025,1.5,1.5,38.1,3.81,0.035,0.035,0.89,0.089,34.542,34.542,6.049,60.49,0.6169,6.169,616.9,6169,3.4542,3.4542,0.6049,6.049,0.06169,0.6169,61.69,616.9,0.362,0.362,9.19,0.919,REF,Reference,Reference,Reference,10.25,10.3,0.069,0.069,1.75,0.175,Standard Loops,3.333,3.333,14.826,1.5118,1511.8,0.6666,0.6666,2.9652,0.30237,302.37,21.25,21.25,94.525,9.639,9639,2.019,2.019,51.28,5.128,0.776,0.776,19.71,1.971,Factory Option,Passivate per ASTM A967,0.01862,0.362,0.362,9.19,0.919,Random,0.069,0.069,1.75,0.175
LE 069E 03 M,LE 069E 03 M,LE069E03M,Extension Spring,11,Stock,,Yes,Yes,Yes,Yes,Yes,Yes,Yes,Yes,Yes,Standard Extension Series (inch),NR,Music Wire,MW,ASTM A228,0.5,0.5,12.7,1.27,0.01,0.01,0.25,0.025,1.75,1.75,44.45,4.445,0.04,0.04,1.02,0.102,30.62,30.62,5.363,53.63,0.5468,5.468,546.8,5468,3.062,3.062,0.5363,5.363,0.05468,0.5468,54.68,546.8,0.362,0.362,9.19,0.919,REF,Reference,Reference,Reference,13.87,13.9,0.069,0.069,1.75,0.175,Standard Loops,4,4,17.793,1.8144,1814.4,0.8,0.8,3.5586,0.36288,362.88,25.5,25.5,113.43,11.5668,11566.8,2.452,2.452,62.28,6.228,1.026,1.026,26.06,2.606,Factory Option,Zinc Plate and Bake per ASTM B633,0.02396,0.362,0.362,9.19,0.919,Random,0.069,0.069,1.75,0.175
LE 069E 03 S,LE 069E 03 S,LE069E03S,Extension Spring,11,Stock,,Yes,Yes,Yes,Yes,Yes,Yes,Yes,Yes,Yes,Standard Extension Series (inch),NR,Stainless Steel,SS,ASTM A313,0.5,0.5,12.7,1.27,0.01,0.01,0.25,0.025,1.75,1.75,44.45,4.445,0.04,0.04,1.02,0.102,25.517,25.517,4.469,44.69,0.4557,4.557,455.7,4557,2.5517,2.5517,0.4469,4.469,0.04557,0.4557,45.57,455.7,0.362,0.362,9.19,0.919,REF,Reference,Reference,Reference,13.87,13.9,0.069,0.069,1.75,0.175,Standard Loops,3.333,3.333,14.826,1.5118,1511.8,0.6666,0.6666,2.9652,0.30237,302.37,21.25,21.25,94.525,9.639,9639,2.452,2.452,62.28,6.228,1.026,1.026,26.06,2.606,Factory Option,Passivate per ASTM A967,0.02413,0.362,0.362,9.19,0.919,Random,0.069,0.069,1.75,0.175
LE 069E 04 M,LE 069E 04 M,LE069E04M,Extension Spring,11,Stock,,Yes,Yes,Yes,Yes,Yes,Yes,Yes,Yes,Yes,Standard Extension Series (inch),NR,Music Wire,MW,ASTM A228,0.5,0.5,12.7,1.27,0.01,0.01,0.25,0.025,2,2,50.8,5.08,0.04,0.04,1.02,0.102,24.28,24.28,4.252,42.52,0.4336,4.336,433.6,4336,2.428,2.428,0.4252,4.252,0.04336,0.4336,43.36,433.6,0.362,0.362,9.19,0.919,REF,Reference,Reference,Reference,17.49,17.5,0.069,0.069,1.75,0.175,Standard Loops,4,4,17.793,1.8144,1814.4,0.8,0.8,3.5586,0.36288,362.88,25.5,25.5,113.43,11.5668,11566.8,2.886,2.886,73.3,7.33,1.276,1.276,32.41,3.241,Factory Option,Zinc Plate and Bake per ASTM B633,0.02943,0.362,0.362,9.19,0.919,Random,0.069,0.069,1.75,0.175
LE 069E 04 S,LE 069E 04 S,LE069E04S,Extension Spring,11,Stock,,Yes,Yes,Yes,Yes,Yes,Yes,Yes,Yes,Yes,Standard Extension Series (inch),NR,Stainless Steel,SS,ASTM A313,0.5,0.5,12.7,1.27,0.01,0.01,0.25,0.025,2,2,50.8,5.08,0.04,0.04,1.02,0.102,20.233,20.233,3.543,35.43,0.3613,3.613,361.3,3613,2.0233,2.0233,0.3543,3.543,0.03613,0.3613,36.13,361.3,0.362,0.362,9.19,0.919,REF,Reference,Reference,Reference,17.49,17.5,0.069,0.069,1.75,0.175,Standard Loops,3.333,3.333,14.826,1.5118,1511.8,0.6666,0.6666,2.9652,0.30237,302.37,21.25,21.25,94.525,9.639,9639,2.886,2.886,73.3,7.33,1.276,1.276,32.41,3.241,Factory Option,Passivate per ASTM A967,0.02964,0.362,0.362,9.19,0.919,Random,0.069,0.069,1.75,0.175
LE 069E 05 M,LE 069E 05 M,LE069E05M,Extension Spring,11,Stock,,Yes,Yes,Yes,Yes,Yes,Yes,Yes,Yes,Yes,Standard Extension Series (inch),NR,Music Wire,MW,ASTM A228,0.5,0.5,12.7,1.27,0.01,0.01,0.25,0.025,2.25,2.25,57.15,5.715,0.05,0.05,1.27,0.127,20.11,20.11,3.522,35.22,0.3591,3.591,359.1,3591,2.011,2.011,0.3522,3.522,0.03591,0.3591,35.91,359.1,0.362,0.362,9.19,0.919,REF,Reference,Reference,Reference,21.12,21.1,0.069,0.069,1.75,0.175,Standard Loops,4,4,17.793,1.8144,1814.4,0.8,0.8,3.5586,0.36288,362.88,25.5,25.5,113.43,11.5668,11566.8,3.319,3.319,84.3,8.43,1.526,1.526,38.76,3.876,Factory Option,Zinc Plate and Bake per ASTM B633,0.0349,0.362,0.362,9.19,0.919,Random,0.069,0.069,1.75,0.175
LE 069E 05 S,LE 069E 05 S,LE069E05S,Extension Spring,11,Stock,,Yes,Yes,Yes,Yes,Yes,Yes,Yes,Yes,Yes,Standard Extension Series (inch),NR,Stainless Steel,SS,ASTM A313,0.5,0.5,12.7,1.27,0.01,0.01,0.25,0.025,2.25,2.25,57.15,5.715,0.05,0.05,1.27,0.127,16.758,16.758,2.935,29.35,0.2993,2.993,299.3,2993,1.6758,1.6758,0.2935,2.935,0.02993,0.2993,29.93,299.3,0.362,0.362,9.19,0.919,REF,Reference,Reference,Reference,21.12,21.1,0.069,0.069,1.75,0.175,Standard Loops,3.333,3.333,14.826,1.5118,1511.8,0.6666,0.6666,2.9652,0.30237,302.37,21.25,21.25,94.525,9.639,9639,3.319,3.319,84.3,8.43,1.526,1.526,38.76,3.876,Factory Option,Passivate per ASTM A967,0.03515,0.362,0.362,9.19,0.919,Random,0.069,0.069,1.75,0.175
LE 069E 06 M,LE 069E 06 M,LE069E06M,Extension Spring,11,Stock,,Yes,Yes,Yes,Yes,Yes,Yes,Yes,Yes,Yes,Standard Extension Series (inch),NR,Music Wire,MW,ASTM A228,0.5,0.5,12.7,1.27,0.01,0.01,0.25,0.025,2.5,2.5,63.5,6.35,0.05,0.05,1.27,0.127,17.17,17.17,3.007,30.07,0.3066,3.066,306.6,3066,1.717,1.717,0.3007,3.007,0.03066,0.3066,30.66,306.6,0.362,0.362,9.19,0.919,REF,Reference,Reference,Reference,24.74,24.7,0.069,0.069,1.75,0.175,Standard Loops,4,4,17.793,1.8144,1814.4,0.8,0.8,3.5586,0.36288,362.88,25.5,25.5,113.43,11.5668,11566.8,3.752,3.752,95.3,9.53,1.776,1.776,45.11,4.511,Factory Option,Zinc Plate and Bake per ASTM B633,0.04037,0.362,0.362,9.19,0.919,Random,0.069,0.069,1.75,0.175
LE 069E 06 S,LE 069E 06 S,LE069E06S,Extension Spring,11,Stock,,Yes,Yes,Yes,Yes,Yes,Yes,Yes,Yes,Yes,Standard Extension Series (inch),NR,Stainless Steel,SS,ASTM A313,0.5,0.5,12.7,1.27,0.01,0.01,0.25,0.025,2.5,2.5,63.5,6.35,0.05,0.05,1.27,0.127,14.308,14.308,2.506,25.06,0.2555,2.555,255.5,2555,1.4308,1.4308,0.2506,2.506,0.02555,0.2555,25.55,255.5,0.362,0.362,9.19,0.919,REF,Reference,Reference,Reference,24.74,24.7,0.069,0.069,1.75,0.175,Standard Loops,3.333,3.333,14.826,1.5118,1511.8,0.6666,0.6666,2.9652,0.30237,302.37,21.25,21.25,94.525,9.639,9639,3.752,3.752,95.3,9.53,1.776,1.776,45.11,4.511,Factory Option,Passivate per ASTM A967,0.04066,0.362,0.362,9.19,0.919,Random,0.069,0.069,1.75,0.175
LE 069E 07 M,LE 069E 07 M,LE069E07M,Extension Spring,11,Stock,,Yes,Yes,Yes,Yes,Yes,Yes,Yes,Yes,Yes,Standard Extension Series (inch),NR,Music Wire,MW,ASTM A228,0.5,0.5,12.7,1.27,0.01,0.01,0.25,0.025,2.75,2.75,69.85,6.985,0.055,0.055,1.4,0.14,14.97,14.97,2.622,26.22,0.2673,2.673,267.3,2673,1.497,1.497,0.2622,2.622,0.02673,0.2673,26.73,267.3,0.362,0.362,9.19,0.919,REF,Reference,Reference,Reference,28.36,28.4,0.069,0.069,1.75,0.175,Standard Loops,4,4,17.793,1.8144,1814.4,0.8,0.8,3.5586,0.36288,362.88,25.5,25.5,113.43,11.5668,11566.8,4.186,4.186,106.32,10.632,2.026,2.026,51.46,5.146,Factory Option,Zinc Plate and Bake per ASTM B633,0.04584,0.362,0.362,9.19,0.919,Random,0.069,0.069,1.75,0.175
LE 069E 07 S,LE 069E 07 S,LE069E07S,Extension Spring,11,Stock,,Yes,Yes,Yes,Yes,Yes,Yes,Yes,Yes,Yes,Standard Extension Series (inch),NR,Stainless Steel,SS,ASTM A313,0.5,0.5,12.7,1.27,0.01,0.01,0.25,0.025,2.75,2.75,69.85,6.985,0.055,0.055,1.4,0.14,12.475,12.475,2.185,21.85,0.2228,2.228,222.8,2228,1.2475,1.2475,0.2185,2.185,0.02228,0.2228,22.28,222.8,0.362,0.362,9.19,0.919,REF,Reference,Reference,Reference,28.36,28.4,0.069,0.069,1.75,0.175,Standard Loops,3.333,3.333,14.826,1.5118,1511.8,0.6666,0.6666,2.9652,0.30237,302.37,21.25,21.25,94.525,9.639,9639,4.186,4.186,106.32,10.632,2.026,2.026,51.46,5.146,Factory Option,Passivate per ASTM A967,0.04616,0.362,0.362,9.19,0.919,Random,0.069,0.069,1.75,0.175
LE 069E 08 M,LE 069E 08 M,LE069E08M,Extension Spring,11,Stock,,Yes,Yes,Yes,Yes,Yes,Yes,Yes,Yes,Yes,Standard Extension Series (inch),NR,Music Wire,MW,ASTM A228,0.5,0.5,12.7,1.27,0.01,0.01,0.25,0.025,3,3,76.2,7.62,0.06,0.06,1.52,0.152,13.28,13.28,2.326,23.26,0.2372,2.372,237.2,2372,1.328,1.328,0.2326,2.326,0.02372,0.2372,23.72,237.2,0.362,0.362,9.19,0.919,REF,Reference,Reference,Reference,31.99,32,0.069,0.069,1.75,0.175,Standard Loops,4,4,17.793,1.8144,1814.4,0.8,0.8,3.5586,0.36288,362.88,25.5,25.5,113.43,11.5668,11566.8,4.619,4.619,117.32,11.732,2.276,2.276,57.81,5.781,Factory Option,Zinc Plate and Bake per ASTM B633,0.05131,0.362,0.362,9.19,0.919,Random,0.069,0.069,1.75,0.175
LE 069E 08 S,LE 069E 08 S,LE069E08S,Extension Spring,11,Stock,,Yes,Yes,Yes,Yes,Yes,Yes,Yes,Yes,Yes,Standard Extension Series (inch),NR,Stainless Steel,SS,ASTM A313,0.5,0.5,12.7,1.27,0.01,0.01,0.25,0.025,3,3,76.2,7.62,0.06,0.06,1.52,0.152,11.067,11.067,1.938,19.38,0.1976,1.976,197.6,1976,1.1067,1.1067,0.1938,1.938,0.01976,0.1976,19.76,197.6,0.362,0.362,9.19,0.919,REF,Reference,Reference,Reference,31.99,32,0.069,0.069,1.75,0.175,Standard Loops,3.333,3.333,14.826,1.5118,1511.8,0.6666,0.6666,2.9652,0.30237,302.37,21.25,21.25,94.525,9.639,9639,4.619,4.619,117.32,11.732,2.276,2.276,57.81,5.781,Factory Option,Passivate per ASTM A967,0.05167,0.362,0.362,9.19,0.919,Random,0.069,0.069,1.75,0.175
LE 069E 09 M,LE 069E 09 M,LE069E09M,Extension Spring,11,Stock,,Yes,Yes,Yes,Yes,Yes,Yes,Yes,Yes,Yes,Standard Extension Series (inch),NR,Music Wire,MW,ASTM A228,0.5,0.5,12.7,1.27,0.01,0.01,0.25,0.025,3.5,3.5,88.9,8.89,0.07,0.07,1.78,0.178,10.82,10.82,1.895,18.95,0.1932,1.932,193.2,1932,1.082,1.082,0.1895,1.895,0.01932,0.1932,19.32,193.2,0.362,0.362,9.19,0.919,REF,Reference,Reference,Reference,39.23,39.2,0.069,0.069,1.75,0.175,Standard Loops,4,4,17.793,1.8144,1814.4,0.8,0.8,3.5586,0.36288,362.88,25.5,25.5,113.43,11.5668,11566.8,5.487,5.487,139.37,13.937,2.776,2.776,70.51,7.051,Factory Option,Zinc Plate and Bake per ASTM B633,0.06225,0.362,0.362,9.19,0.919,Random,0.069,0.069,1.75,0.175
LE 069E 09 S,LE 069E 09 S,LE069E09S,Extension Spring,11,Stock,,Yes,Yes,Yes,Yes,Yes,Yes,Yes,Yes,Yes,Standard Extension Series (inch),NR,Stainless Steel,SS,ASTM A313,0.5,0.5,12.7,1.27,0.01,0.01,0.25,0.025,3.5,3.5,88.9,8.89,0.07,0.07,1.78,0.178,9.017,9.017,1.579,15.79,0.161,1.61,161,1610,0.9017,0.9017,0.1579,1.579,0.0161,0.161,16.1,161,0.362,0.362,9.19,0.919,REF,Reference,Reference,Reference,39.23,39.2,0.069,0.069,1.75,0.175,Standard Loops,3.333,3.333,14.826,1.5118,1511.8,0.6666,0.6666,2.9652,0.30237,302.37,21.25,21.25,94.525,9.639,9639,5.487,5.487,139.37,13.937,2.776,2.776,70.51,7.051,Factory Option,Passivate per ASTM A967,0.06269,0.362,0.362,9.19,0.919,Random,0.069,0.069,1.75,0.175
LE 069E 10 M,LE 069E 10 M,LE069E10M,Extension Spring,11,Stock,,Yes,Yes,Yes,Yes,Yes,Yes,Yes,Yes,Yes,Standard Extension Series (inch),NR,Music Wire,MW,ASTM A228,0.5,0.5,12.7,1.27,0.01,0.01,0.25,0.025,4,4,101.6,10.16,0.08,0.08,2.03,0.203,9.14,9.14,1.601,16.01,0.1632,1.632,163.2,1632,0.914,0.914,0.1601,1.601,0.01632,0.1632,16.32,163.2,0.362,0.362,9.19,0.919,REF,Reference,Reference,Reference,46.48,46.5,0.069,0.069,1.75,0.175,Standard Loops,4,4,17.793,1.8144,1814.4,0.8,0.8,3.5586,0.36288,362.88,25.5,25.5,113.43,11.5668,11566.8,6.352,6.352,161.34,16.134,3.276,3.276,83.21,8.321,Factory Option,Zinc Plate and Bake per ASTM B633,0.07319,0.362,0.362,9.19,0.919,Random,0.069,0.069,1.75,0.175
LE 069E 10 S,LE 069E 10 S,LE069E10S,Extension Spring,11,Stock,,Yes,Yes,Yes,Yes,Yes,Yes,Yes,Yes,Yes,Standard Extension Series (inch),NR,Stainless Steel,SS,ASTM A313,0.5,0.5,12.7,1.27,0.01,0.01,0.25,0.025,4,4,101.6,10.16,0.08,0.08,2.03,0.203,7.617,7.617,1.334,13.34,0.136,1.36,136,1360,0.7617,0.7617,0.1334,1.334,0.0136,0.136,13.6,136,0.362,0.362,9.19,0.919,REF,Reference,Reference,Reference,46.48,46.5,0.069,0.069,1.75,0.175,Standard Loops,3.333,3.333,14.826,1.5118,1511.8,0.6666,0.6666,2.9652,0.30237,302.37,21.25,21.25,94.525,9.639,9639,6.352,6.352,161.34,16.134,3.276,3.276,83.21,8.321,Factory Option,Passivate per ASTM A967,0.07371,0.362,0.362,9.19,0.919,Random,0.069,0.069,1.75,0.175
LE 069E 11 M,LE 069E 11 M,LE069E11M,Extension Spring,11,Stock,,Yes,Yes,Yes,Yes,Yes,Yes,Yes,Yes,Yes,Standard Extension Series (inch),NR,Music Wire,MW,ASTM A228,0.5,0.5,12.7,1.27,0.01,0.01,0.25,0.025,4.5,4.5,114.3,11.43,0.09,0.09,2.29,0.229,7.9,7.9,1.384,13.84,0.1411,1.411,141.1,1411,0.79,0.79,0.1384,1.384,0.01411,0.1411,14.11,141.1,0.362,0.362,9.19,0.919,REF,Reference,Reference,Reference,53.72,53.7,0.069,0.069,1.75,0.175,Standard Loops,4,4,17.793,1.8144,1814.4,0.8,0.8,3.5586,0.36288,362.88,25.5,25.5,113.43,11.5668,11566.8,7.222,7.222,183.44,18.344,3.776,3.776,95.91,9.591,Factory Option,Zinc Plate and Bake per ASTM B633,0.08413,0.362,0.362,9.19,0.919,Random,0.069,0.069,1.75,0.175
LE 069E 11 S,LE 069E 11 S,LE069E11S,Extension Spring,11,Stock,,Yes,Yes,Yes,Yes,Yes,Yes,Yes,Yes,Yes,Standard Extension Series (inch),NR,Stainless Steel,SS,ASTM A313,0.5,0.5,12.7,1.27,0.01,0.01,0.25,0.025,4.5,4.5,114.3,11.43,0.09,0.09,2.29,0.229,6.583,6.583,1.153,11.53,0.1176,1.176,117.6,1176,0.6583,0.6583,0.1153,1.153,0.01176,0.1176,11.76,117.6,0.362,0.362,9.19,0.919,REF,Reference,Reference,Reference,53.72,53.7,0.069,0.069,1.75,0.175,Standard Loops,3.333,3.333,14.826,1.5118,1511.8,0.6666,0.6666,2.9652,0.30237,302.37,21.25,21.25,94.525,9.639,9639,7.222,7.222,183.44,18.344,3.776,3.776,95.91,9.591,Factory Option,Passivate per ASTM A967,0.08473,0.362,0.362,9.19,0.919,Random,0.069,0.069,1.75,0.175
LE 069E 12 M,LE 069E 12 M,LE069E12M,Extension Spring,11,Stock,,Yes,Yes,Yes,Yes,Yes,Yes,Yes,Yes,Yes,Standard Extension Series (inch),NR,Music Wire,MW,ASTM A228,0.5,0.5,12.7,1.27,0.01,0.01,0.25,0.025,5,5,127,12.7,0.1,0.1,2.54,0.254,6.97,6.97,1.221,12.21,0.1245,1.245,124.5,1245,0.697,0.697,0.1221,1.221,0.01245,0.1245,12.45,124.5,0.362,0.362,9.19,0.919,REF,Reference,Reference,Reference,60.97,61,0.069,0.069,1.75,0.175,Standard Loops,4,4,17.793,1.8144,1814.4,0.8,0.8,3.5586,0.36288,362.88,25.5,25.5,113.43,11.5668,11566.8,8.085,8.085,205.36,20.536,4.276,4.276,108.61,10.861,Factory Option,Zinc Plate and Bake per ASTM B633,0.09507,0.362,0.362,9.19,0.919,Random,0.069,0.069,1.75,0.175
LE 069E 12 S,LE 069E 12 S,LE069E12S,Extension Spring,11,Stock,,Yes,Yes,Yes,Yes,Yes,Yes,Yes,Yes,Yes,Standard Extension Series (inch),NR,Stainless Steel,SS,ASTM A313,0.5,0.5,12.7,1.27,0.01,0.01,0.25,0.025,5,5,127,12.7,0.1,0.1,2.54,0.254,5.808,5.808,1.017,10.17,0.1037,1.037,103.7,1037,0.5808,0.5808,0.1017,1.017,0.01037,0.1037,10.37,103.7,0.362,0.362,9.19,0.919,REF,Reference,Reference,Reference,60.97,61,0.069,0.069,1.75,0.175,Standard Loops,3.333,3.333,14.826,1.5118,1511.8,0.6666,0.6666,2.9652,0.30237,302.37,21.25,21.25,94.525,9.639,9639,8.085,8.085,205.36,20.536,4.276,4.276,108.61,10.861,Factory Option,Passivate per ASTM A967,0.09574,0.362,0.362,9.19,0.919,Random,0.069,0.069,1.75,0.175
LE 069E 1A M,LE 069E 1A M,LE069E1AM,Extension Spring,11,Stock,,Yes,Yes,Yes,Yes,Yes,Yes,Yes,Yes,Yes,Standard Extension Series (inch),NR,Music Wire,MW,ASTM A228,0.5,0.5,12.7,1.27,0.01,0.01,0.25,0.025,1.375,1.375,34.93,3.493,0.035,0.035,0.89,0.089,50.35,50.35,8.818,88.18,0.8992,8.992,899.2,8992,5.035,5.035,0.8818,8.818,0.08992,0.8992,89.92,899.2,0.362,0.362,9.19,0.919,REF,Reference,Reference,Reference,8.43,8.4,0.069,0.069,1.75,0.175,Standard Loops,4,4,17.793,1.8144,1814.4,0.8,0.8,3.5586,0.36288,362.88,25.5,25.5,113.43,11.5668,11566.8,1.802,1.802,45.77,4.577,0.651,0.651,16.54,1.654,Factory Option,Zinc Plate and Bake per ASTM B633,0.01576,0.362,0.362,9.19,0.919,Random,0.069,0.069,1.75,0.175
LE 069E 1A S,LE 069E 1A S,LE069E1AS,Extension Spring,11,Stock,,Yes,Yes,Yes,Yes,Yes,Yes,Yes,Yes,Yes,Standard Extension Series (inch),NR,Stainless Steel,SS,ASTM A313,0.5,0.5,12.7,1.27,0.01,0.01,0.25,0.025,1.375,1.375,34.93,3.493,0.035,0.035,0.89,0.089,41.958,41.958,7.348,73.48,0.7493,7.493,749.3,7493,4.1958,4.1958,0.7348,7.348,0.07493,0.7493,74.93,749.3,0.362,0.362,9.19,0.919,REF,Reference,Reference,Reference,8.43,8.4,0.069,0.069,1.75,0.175,Standard Loops,3.333,3.333,14.826,1.5118,1511.8,0.6666,0.6666,2.9652,0.30237,302.37,21.25,21.25,94.525,9.639,9639,1.802,1.802,45.77,4.577,0.651,0.651,16.54,1.654,Factory Option,Passivate per ASTM A967,0.01587,0.362,0.362,9.19,0.919,Random,0.069,0.069,1.75,0.175
LE 069F 01 M,LE 069F 01 M,LE069F01M,Extension Spring,11,Stock,,Yes,Yes,Yes,Yes,Yes,Yes,Yes,Yes,Yes,Standard Extension Series (inch),NR,Music Wire,MW,ASTM A228,0.625,0.625,15.88,1.588,0.015,0.015,0.38,0.038,2,2,50.8,5.08,0.04,0.04,1.02,0.102,14.1,14.1,2.469,24.69,0.2518,2.518,251.8,2518,1.41,1.41,0.2469,2.469,0.02518,0.2518,25.18,251.8,0.487,0.487,12.37,1.237,REF,Reference,Reference,Reference,14.0295,14,0.069,0.069,1.75,0.175,Standard Loops,2,2,8.896,0.9072,907.2,0.4,0.4,1.7793,0.18144,181.44,19,19,84.516,8.6184,8618.4,3.21,3.21,81.53,8.153,1.026,1.026,26.06,2.606,Factory Option,Zinc Plate and Bake per ASTM B633,0.03128,0.487,0.487,12.37,1.237,Random,0.069,0.069,1.75,0.175
LE 069F 01 S,LE 069F 01 S,LE069F01S,Extension Spring,11,Stock,,Yes,Yes,Yes,Yes,Yes,Yes,Yes,Yes,Yes,Standard Extension Series (inch),NR,Stainless Steel,SS,ASTM A313,0.625,0.625,15.88,1.588,0.015,0.015,0.38,0.038,2,2,50.8,5.08,0.04,0.04,1.02,0.102,11.75,11.75,2.058,20.58,0.2098,2.098,209.8,2098,1.175,1.175,0.2058,2.058,0.02098,0.2098,20.98,209.8,0.487,0.487,12.37,1.237,REF,Reference,Reference,Reference,14.03,14,0.069,0.069,1.75,0.175,Standard Loops,1.666,1.666,7.411,0.7557,755.7,0.3332,0.3332,1.4821,0.15114,151.14,15.827,15.827,70.402,7.1791,7179.1,3.21,3.21,81.53,8.153,1.026,1.026,26.06,2.606,Factory Option,Passivate per ASTM A967,0.03187,0.487,0.487,12.37,1.237,Random,0.069,0.069,1.75,0.175
LE 069F 02 M,LE 069F 02 M,LE069F02M,Extension Spring,11,Stock,,Yes,Yes,Yes,Yes,Yes,Yes,Yes,Yes,Yes,Standard Extension Series (inch),NR,Music Wire,MW,ASTM A228,0.625,0.625,15.88,1.588,0.015,0.015,0.38,0.038,2.25,2.25,57.15,5.715,0.05,0.05,1.27,0.127,11.3,11.3,1.979,19.79,0.2018,2.018,201.8,2018,1.13,1.13,0.1979,1.979,0.02018,0.2018,20.18,201.8,0.487,0.487,12.37,1.237,REF,Reference,Reference,Reference,17.5059,17.5,0.069,0.069,1.75,0.175,Standard Loops,2,2,8.896,0.9072,907.2,0.4,0.4,1.7793,0.18144,181.44,19,19,84.516,8.6184,8618.4,3.75,3.75,95.25,9.525,1.276,1.276,32.41,3.241,Factory Option,Zinc Plate and Bake per ASTM B633,0.03806,0.487,0.487,12.37,1.237,Random,0.069,0.069,1.75,0.175
LE 069F 02 S,LE 069F 02 S,LE069F02S,Extension Spring,11,Stock,,Yes,Yes,Yes,Yes,Yes,Yes,Yes,Yes,Yes,Standard Extension Series (inch),NR,Stainless Steel,SS,ASTM A313,0.625,0.625,15.88,1.588,0.015,0.015,0.38,0.038,2.25,2.25,57.15,5.715,0.05,0.05,1.27,0.127,9.41,9.41,1.648,16.48,0.168,1.68,168,1680,0.941,0.941,0.1648,1.648,0.0168,0.168,16.8,168,0.487,0.487,12.37,1.237,REF,Reference,Reference,Reference,17.5183,17.5,0.069,0.069,1.75,0.175,Standard Loops,1.666,1.666,7.411,0.7557,755.7,0.3332,0.3332,1.4821,0.15114,151.14,15.827,15.827,70.402,7.1791,7179.1,3.75,3.75,95.25,9.525,1.276,1.276,32.41,3.241,Factory Option,Passivate per ASTM A967,0.03881,0.487,0.487,12.37,1.237,Random,0.069,0.069,1.75,0.175
LE 069F 03 M,LE 069F 03 M,LE069F03M,Extension Spring,11,Stock,,Yes,Yes,Yes,Yes,Yes,Yes,Yes,Yes,Yes,Standard Extension Series (inch),NR,Music Wire,MW,ASTM A228,0.625,0.625,15.88,1.588,0.015,0.015,0.38,0.038,2.5,2.5,63.5,6.35,0.05,0.05,1.27,0.127,9.4,9.4,1.646,16.46,0.1679,1.679,167.9,1679,0.94,0.94,0.1646,1.646,0.01679,0.1679,16.79,167.9,0.487,0.487,12.37,1.237,REF,Reference,Reference,Reference,21.044,21,0.069,0.069,1.75,0.175,Standard Loops,2,2,8.896,0.9072,907.2,0.4,0.4,1.7793,0.18144,181.44,19,19,84.516,8.6184,8618.4,4.31,4.31,109.47,10.947,1.526,1.526,38.76,3.876,Factory Option,Zinc Plate and Bake per ASTM B633,0.04496,0.487,0.487,12.37,1.237,Random,0.069,0.069,1.75,0.175
LE 069F 03 S,LE 069F 03 S,LE069F03S,Extension Spring,11,Stock,,Yes,Yes,Yes,Yes,Yes,Yes,Yes,Yes,Yes,Standard Extension Series (inch),NR,Stainless Steel,SS,ASTM A313,0.625,0.625,15.88,1.588,0.015,0.015,0.38,0.038,2.5,2.5,63.5,6.35,0.05,0.05,1.27,0.127,7.83,7.83,1.371,13.71,0.1398,1.398,139.8,1398,0.783,0.783,0.1371,1.371,0.01398,0.1398,13.98,139.8,0.487,0.487,12.37,1.237,REF,Reference,Reference,Reference,21.0533,21.1,0.069,0.069,1.75,0.175,Standard Loops,1.666,1.666,7.411,0.7557,755.7,0.3332,0.3332,1.4821,0.15114,151.14,15.827,15.827,70.402,7.1791,7179.1,4.31,4.31,109.47,10.947,1.526,1.526,38.76,3.876,Factory Option,Passivate per ASTM A967,0.04584,0.487,0.487,12.37,1.237,Random,0.069,0.069,1.75,0.175
LE 069F 04 M,LE 069F 04 M,LE069F04M,Extension Spring,11,Stock,,Yes,Yes,Yes,Yes,Yes,Yes,Yes,Yes,Yes,Standard Extension Series (inch),NR,Music Wire,MW,ASTM A228,0.625,0.625,15.88,1.588,0.015,0.015,0.38,0.038,2.75,2.75,69.85,6.985,0.05,0.05,1.27,0.127,8.1,8.1,1.419,14.19,0.1446,1.446,144.6,1446,0.81,0.81,0.1419,1.419,0.01446,0.1446,14.46,144.6,0.487,0.487,12.37,1.237,REF,Reference,Reference,Reference,24.4218,24.4,0.069,0.069,1.75,0.175,Standard Loops,2,2,8.896,0.9072,907.2,0.4,0.4,1.7793,0.18144,181.44,19,19,84.516,8.6184,8618.4,4.85,4.85,123.19,12.319,1.776,1.776,45.11,4.511,Factory Option,Zinc Plate and Bake per ASTM B633,0.05155,0.487,0.487,12.37,1.237,Random,0.069,0.069,1.75,0.175
LE 069F 04 S,LE 069F 04 S,LE069F04S,Extension Spring,11,Stock,,Yes,Yes,Yes,Yes,Yes,Yes,Yes,Yes,Yes,Standard Extension Series (inch),NR,Stainless Steel,SS,ASTM A313,0.625,0.625,15.88,1.588,0.015,0.015,0.38,0.038,2.75,2.75,69.85,6.985,0.05,0.05,1.27,0.127,6.75,6.75,1.182,11.82,0.1205,1.205,120.5,1205,0.675,0.675,0.1182,1.182,0.01205,0.1205,12.05,120.5,0.487,0.487,12.37,1.237,REF,Reference,Reference,Reference,24.4218,24.4,0.069,0.069,1.75,0.175,Standard Loops,1.666,1.666,7.411,0.7557,755.7,0.3332,0.3332,1.4821,0.15114,151.14,15.827,15.827,70.402,7.1791,7179.1,4.85,4.85,123.19,12.319,1.776,1.776,45.11,4.511,Factory Option,Passivate per ASTM A967,0.05254,0.487,0.487,12.37,1.237,Random,0.069,0.069,1.75,0.175
LE 069F 05 M,LE 069F 05 M,LE069F05M,Extension Spring,11,Stock,,Yes,Yes,Yes,Yes,Yes,Yes,Yes,Yes,Yes,Standard Extension Series (inch),NR,Music Wire,MW,ASTM A228,0.625,0.625,15.88,1.588,0.015,0.015,0.38,0.038,3,3,76.2,7.62,0.05,0.05,1.27,0.127,7.1,7.1,1.243,12.43,0.1268,1.268,126.8,1268,0.71,0.71,0.1243,1.243,0.01268,0.1268,12.68,126.8,0.487,0.487,12.37,1.237,REF,Reference,Reference,Reference,27.8615,27.9,0.069,0.069,1.75,0.175,Standard Loops,2,2,8.896,0.9072,907.2,0.4,0.4,1.7793,0.18144,181.44,19,19,84.516,8.6184,8618.4,5.39,5.39,136.91,13.691,2.026,2.026,51.46,5.146,Factory Option,Zinc Plate and Bake per ASTM B633,0.05827,0.487,0.487,12.37,1.237,Random,0.069,0.069,1.75,0.175
LE 069F 05 S,LE 069F 05 S,LE069F05S,Extension Spring,11,Stock,,Yes,Yes,Yes,Yes,Yes,Yes,Yes,Yes,Yes,Standard Extension Series (inch),NR,Stainless Steel,SS,ASTM A313,0.625,0.625,15.88,1.588,0.015,0.015,0.38,0.038,3,3,76.2,7.62,0.05,0.05,1.27,0.127,5.91,5.91,1.035,10.35,0.1055,1.055,105.5,1055,0.591,0.591,0.1035,1.035,0.01055,0.1055,10.55,105.5,0.487,0.487,12.37,1.237,REF,Reference,Reference,Reference,27.8929,27.9,0.069,0.069,1.75,0.175,Standard Loops,1.666,1.666,7.411,0.7557,755.7,0.3332,0.3332,1.4821,0.15114,151.14,15.827,15.827,70.402,7.1791,7179.1,5.39,5.39,136.91,13.691,2.026,2.026,51.46,5.146,Factory Option,Passivate per ASTM A967,0.05944,0.487,0.487,12.37,1.237,Random,0.069,0.069,1.75,0.175
LE 069F 06 M,LE 069F 06 M,LE069F06M,Extension Spring,11,Stock,,Yes,Yes,Yes,Yes,Yes,Yes,Yes,Yes,Yes,Standard Extension Series (inch),NR,Music Wire,MW,ASTM A228,0.625,0.625,15.88,1.588,0.015,0.015,0.38,0.038,3.5,3.5,88.9,8.89,0.06,0.06,1.52,0.152,5.6,5.6,0.981,9.81,0.1,1,100,1000,0.56,0.56,0.0981,0.981,0.01,0.1,10,100,0.487,0.487,12.37,1.237,REF,Reference,Reference,Reference,35.3244,35.3,0.069,0.069,1.75,0.175,Standard Loops,2,2,8.896,0.9072,907.2,0.4,0.4,1.7793,0.18144,181.44,19,19,84.516,8.6184,8618.4,6.54,6.54,166.12,16.612,2.526,2.526,64.16,6.416,Factory Option,Zinc Plate and Bake per ASTM B633,0.07283,0.487,0.487,12.37,1.237,Random,0.069,0.069,1.75,0.175
LE 069F 06 S,LE 069F 06 S,LE069F06S,Extension Spring,11,Stock,,Yes,Yes,Yes,Yes,Yes,Yes,Yes,Yes,Yes,Standard Extension Series (inch),NR,Stainless Steel,SS,ASTM A313,0.625,0.625,15.88,1.588,0.015,0.015,0.38,0.038,3.5,3.5,88.9,8.89,0.06,0.06,1.52,0.152,4.66,4.66,0.816,8.16,0.0832,0.832,83.2,832,0.466,0.466,0.0816,0.816,0.00832,0.0832,8.32,83.2,0.487,0.487,12.37,1.237,REF,Reference,Reference,Reference,35.3749,35.4,0.069,0.069,1.75,0.175,Standard Loops,1.666,1.666,7.411,0.7557,755.7,0.3332,0.3332,1.4821,0.15114,151.14,15.827,15.827,70.402,7.1791,7179.1,6.54,6.54,166.12,16.612,2.526,2.526,64.16,6.416,Factory Option,Passivate per ASTM A967,0.07431,0.487,0.487,12.37,1.237,Random,0.069,0.069,1.75,0.175
LE 069F 07 M,LE 069F 07 M,LE069F07M,Extension Spring,11,Stock,,Yes,Yes,Yes,Yes,Yes,Yes,Yes,Yes,Yes,Standard Extension Series (inch),NR,Music Wire,MW,ASTM A228,0.625,0.625,15.88,1.588,0.015,0.015,0.38,0.038,4,4,101.6,10.16,0.06,0.06,1.52,0.152,4.6,4.6,0.806,8.06,0.0821,0.821,82.1,821,0.46,0.46,0.0806,0.806,0.00821,0.0821,8.21,82.1,0.487,0.487,12.37,1.237,REF,Reference,Reference,Reference,43.0036,43,0.069,0.069,1.75,0.175,Standard Loops,2,2,8.896,0.9072,907.2,0.4,0.4,1.7793,0.18144,181.44,19,19,84.516,8.6184,8618.4,7.7,7.7,195.58,19.558,3.026,3.026,76.86,7.686,Factory Option,Zinc Plate and Bake per ASTM B633,0.08781,0.487,0.487,12.37,1.237,Random,0.069,0.069,1.75,0.175
LE 069F 07 S,LE 069F 07 S,LE069F07S,Extension Spring,11,Stock,,Yes,Yes,Yes,Yes,Yes,Yes,Yes,Yes,Yes,Standard Extension Series (inch),NR,Stainless Steel,SS,ASTM A313,0.625,0.625,15.88,1.588,0.015,0.015,0.38,0.038,4,4,101.6,10.16,0.06,0.06,1.52,0.152,3.83,3.83,0.671,6.71,0.0684,0.684,68.4,684,0.383,0.383,0.0671,0.671,0.00684,0.0684,6.84,68.4,0.487,0.487,12.37,1.237,REF,Reference,Reference,Reference,43.041,43,0.069,0.069,1.75,0.175,Standard Loops,1.666,1.666,7.411,0.7557,755.7,0.3332,0.3332,1.4821,0.15114,151.14,15.827,15.827,70.402,7.1791,7179.1,7.7,7.7,195.58,19.558,3.026,3.026,76.86,7.686,Factory Option,Passivate per ASTM A967,0.08956,0.487,0.487,12.37,1.237,Random,0.069,0.069,1.75,0.175
LE 069F 08 M,LE 069F 08 M,LE069F08M,Extension Spring,11,Stock,,Yes,Yes,Yes,Yes,Yes,Yes,Yes,Yes,Yes,Standard Extension Series (inch),NR,Music Wire,MW,ASTM A228,0.625,0.625,15.88,1.588,0.015,0.015,0.38,0.038,4.5,4.5,114.3,11.43,0.075,0.075,1.91,0.191,4,4,0.701,7.01,0.0714,0.714,71.4,714,0.4,0.4,0.0701,0.701,0.00714,0.0714,7.14,71.4,0.487,0.487,12.37,1.237,REF,Reference,Reference,Reference,49.4542,49.5,0.069,0.069,1.75,0.175,Standard Loops,2,2,8.896,0.9072,907.2,0.4,0.4,1.7793,0.18144,181.44,19,19,84.516,8.6184,8618.4,8.75,8.75,222.25,22.225,3.526,3.526,89.56,8.956,Factory Option,Zinc Plate and Bake per ASTM B633,0.1004,0.487,0.487,12.37,1.237,Random,0.069,0.069,1.75,0.175
LE 069F 08 S,LE 069F 08 S,LE069F08S,Extension Spring,11,Stock,,Yes,Yes,Yes,Yes,Yes,Yes,Yes,Yes,Yes,Standard Extension Series (inch),NR,Stainless Steel,SS,ASTM A313,0.625,0.625,15.88,1.588,0.015,0.015,0.38,0.038,4.5,4.5,114.3,11.43,0.075,0.075,1.91,0.191,3.33,3.33,0.583,5.83,0.0595,0.595,59.5,595,0.333,0.333,0.0583,0.583,0.00595,0.0595,5.95,59.5,0.487,0.487,12.37,1.237,REF,Reference,Reference,Reference,49.5037,49.5,0.069,0.069,1.75,0.175,Standard Loops,1.666,1.666,7.411,0.7557,755.7,0.3332,0.3332,1.4821,0.15114,151.14,15.827,15.827,70.402,7.1791,7179.1,8.75,8.75,222.25,22.225,3.526,3.526,89.56,8.956,Factory Option,Passivate per ASTM A967,0.10241,0.487,0.487,12.37,1.237,Random,0.069,0.069,1.75,0.175
LE 069F 09 M,LE 069F 09 M,LE069F09M,Extension Spring,11,Stock,,Yes,Yes,Yes,Yes,Yes,Yes,Yes,Yes,Yes,Standard Extension Series (inch),NR,Music Wire,MW,ASTM A228,0.625,0.625,15.88,1.588,0.015,0.015,0.38,0.038,5,5,127,12.7,0.075,0.075,1.91,0.191,3.47,3.47,0.608,6.08,0.062,0.62,62,620,0.347,0.347,0.0608,0.608,0.0062,0.062,6.2,62,0.487,0.487,12.37,1.237,REF,Reference,Reference,Reference,57.0077,57,0.069,0.069,1.75,0.175,Standard Loops,2,2,8.896,0.9072,907.2,0.4,0.4,1.7793,0.18144,181.44,19,19,84.516,8.6184,8618.4,9.9,9.9,251.46,25.146,4.026,4.026,102.26,10.226,Factory Option,Zinc Plate and Bake per ASTM B633,0.11514,0.487,0.487,12.37,1.237,Random,0.069,0.069,1.75,0.175
LE 069F 09 S,LE 069F 09 S,LE069F09S,Extension Spring,11,Stock,,Yes,Yes,Yes,Yes,Yes,Yes,Yes,Yes,Yes,Standard Extension Series (inch),NR,Stainless Steel,SS,ASTM A313,0.625,0.625,15.88,1.588,0.015,0.015,0.38,0.038,5,5,127,12.7,0.075,0.075,1.91,0.191,2.89,2.89,0.506,5.06,0.0516,0.516,51.6,516,0.289,0.289,0.0506,0.506,0.00516,0.0516,5.16,51.6,0.487,0.487,12.37,1.237,REF,Reference,Reference,Reference,57.0406,57,0.069,0.069,1.75,0.175,Standard Loops,1.666,1.666,7.411,0.7557,755.7,0.3332,0.3332,1.4821,0.15114,151.14,15.827,15.827,70.402,7.1791,7179.1,9.9,9.9,251.46,25.146,4.026,4.026,102.26,10.226,Factory Option,Passivate per ASTM A967,0.11739,0.487,0.487,12.37,1.237,Random,0.069,0.069,1.75,0.175
LE 069FG 0 M,LE 069FG 0 M,LE069FG0M,Extension Spring,11,Stock,,Yes,Yes,Yes,Yes,Yes,Yes,Yes,Yes,Yes,Standard Extension Series (inch),NR,Music Wire,MW,ASTM A228,0.65,0.65,16.51,1.651,0.015,0.015,0.38,0.038,1.75,1.75,44.45,4.445,0.04,0.04,1.02,0.102,18.207,18.207,3.189,31.89,0.3251,3.251,325.1,3251,1.8207,1.8207,0.3189,3.189,0.03251,0.3251,32.51,325.1,0.512,0.512,13,1.3,REF,Reference,Reference,Reference,9.52,9.5,0.069,0.069,1.75,0.175,Standard Loops,2,2,8.896,0.9072,907.2,0.4,0.4,1.7793,0.18144,181.44,18.5,18.5,82.292,8.3916,8391.6,2.656,2.656,67.46,6.746,0.726,0.726,18.44,1.844,Factory Option,Zinc Plate and Bake per ASTM B633,0.02345,0.512,0.512,13,1.3,Random,0.069,0.069,1.75,0.175
LE 069FG 0 S,LE 069FG 0 S,LE069FG0S,Extension Spring,11,Stock,,Yes,Yes,Yes,Yes,Yes,Yes,Yes,Yes,Yes,Standard Extension Series (inch),NR,Stainless Steel,SS,ASTM A313,0.65,0.65,16.51,1.651,0.015,0.015,0.38,0.038,1.75,1.75,44.45,4.445,0.04,0.04,1.02,0.102,15.173,15.173,2.657,26.57,0.271,2.71,271,2710,1.5173,1.5173,0.2657,2.657,0.0271,0.271,27.1,271,0.512,0.512,13,1.3,REF,Reference,Reference,Reference,9.52,9.5,0.069,0.069,1.75,0.175,Standard Loops,1.667,1.667,7.415,0.7562,756.2,0.3334,0.3334,1.483,0.15123,151.23,15.4167,15.4167,68.577,6.993,6993,2.656,2.656,67.46,6.746,0.726,0.726,18.44,1.844,Factory Option,Passivate per ASTM A967,0.02362,0.512,0.512,13,1.3,Random,0.069,0.069,1.75,0.175
LE 069FG 01M,LE 069FG 01M,LE069FG01M,Extension Spring,11,Stock,,Yes,Yes,Yes,Yes,Yes,Yes,Yes,Yes,Yes,Standard Extension Series (inch),NR,Music Wire,MW,ASTM A228,0.65,0.65,16.51,1.651,0.015,0.015,0.38,0.038,2,2,50.8,5.08,0.04,0.04,1.02,0.102,13.189,13.189,2.31,23.1,0.2355,2.355,235.5,2355,1.3189,1.3189,0.231,2.31,0.02355,0.2355,23.55,235.5,0.512,0.512,13,1.3,REF,Reference,Reference,Reference,13.14,13.1,0.069,0.069,1.75,0.175,Standard Loops,2,2,8.896,0.9072,907.2,0.4,0.4,1.7793,0.18144,181.44,18.5,18.5,82.292,8.3916,8391.6,3.251,3.251,82.58,8.258,0.976,0.976,24.79,2.479,Factory Option,Zinc Plate and Bake per ASTM B633,0.03082,0.512,0.512,13,1.3,Random,0.069,0.069,1.75,0.175
LE 069FG 01S,LE 069FG 01S,LE069FG01S,Extension Spring,11,Stock,,Yes,Yes,Yes,Yes,Yes,Yes,Yes,Yes,Yes,Standard Extension Series (inch),NR,Stainless Steel,SS,ASTM A313,0.65,0.65,16.51,1.651,0.015,0.015,0.38,0.038,2,2,50.8,5.08,0.04,0.04,1.02,0.102,10.991,10.991,1.925,19.25,0.1963,1.963,196.3,1963,1.0991,1.0991,0.1925,1.925,0.01963,0.1963,19.63,196.3,0.512,0.512,13,1.3,REF,Reference,Reference,Reference,13.14,13.1,0.069,0.069,1.75,0.175,Standard Loops,1.667,1.667,7.415,0.7562,756.2,0.3334,0.3334,1.483,0.15123,151.23,15.4167,15.4167,68.577,6.993,6993,3.251,3.251,82.58,8.258,0.976,0.976,24.79,2.479,Factory Option,Passivate per ASTM A967,0.03104,0.512,0.512,13,1.3,Random,0.069,0.069,1.75,0.175
LE 069FG 02M,LE 069FG 02M,LE069FG02M,Extension Spring,11,Stock,,Yes,Yes,Yes,Yes,Yes,Yes,Yes,Yes,Yes,Standard Extension Series (inch),NR,Music Wire,MW,ASTM A228,0.65,0.65,16.51,1.651,0.015,0.015,0.38,0.038,2.25,2.25,57.15,5.715,0.05,0.05,1.27,0.127,10.339,10.339,1.811,18.11,0.1846,1.846,184.6,1846,1.0339,1.0339,0.1811,1.811,0.01846,0.1846,18.46,184.6,0.512,0.512,13,1.3,REF,Reference,Reference,Reference,16.77,16.8,0.069,0.069,1.75,0.175,Standard Loops,2,2,8.896,0.9072,907.2,0.4,0.4,1.7793,0.18144,181.44,18.5,18.5,82.292,8.3916,8391.6,3.846,3.846,97.69,9.769,1.226,1.226,31.14,3.114,Factory Option,Zinc Plate and Bake per ASTM B633,0.0382,0.512,0.512,13,1.3,Random,0.069,0.069,1.75,0.175
LE 069FG 02S,LE 069FG 02S,LE069FG02S,Extension Spring,11,Stock,,Yes,Yes,Yes,Yes,Yes,Yes,Yes,Yes,Yes,Standard Extension Series (inch),NR,Stainless Steel,SS,ASTM A313,0.65,0.65,16.51,1.651,0.015,0.015,0.38,0.038,2.25,2.25,57.15,5.715,0.05,0.05,1.27,0.127,8.616,8.616,1.509,15.09,0.1539,1.539,153.9,1539,0.8616,0.8616,0.1509,1.509,0.01539,0.1539,15.39,153.9,0.512,0.512,13,1.3,REF,Reference,Reference,Reference,16.77,16.8,0.069,0.069,1.75,0.175,Standard Loops,1.667,1.667,7.415,0.7562,756.2,0.3334,0.3334,1.483,0.15123,151.23,15.4167,15.4167,68.577,6.993,6993,3.846,3.846,97.69,9.769,1.226,1.226,31.14,3.114,Factory Option,Passivate per ASTM A967,0.03847,0.512,0.512,13,1.3,Random,0.069,0.069,1.75,0.175
LE 069FG 03M,LE 069FG 03M,LE069FG03M,Extension Spring,11,Stock,,Yes,Yes,Yes,Yes,Yes,Yes,Yes,Yes,Yes,Standard Extension Series (inch),NR,Music Wire,MW,ASTM A228,0.65,0.65,16.51,1.651,0.015,0.015,0.38,0.038,2.5,2.5,63.5,6.35,0.05,0.05,1.27,0.127,8.502,8.502,1.489,14.89,0.1518,1.518,151.8,1518,0.8502,0.8502,0.1489,1.489,0.01518,0.1518,15.18,151.8,0.512,0.512,13,1.3,REF,Reference,Reference,Reference,20.39,20.4,0.069,0.069,1.75,0.175,Standard Loops,2,2,8.896,0.9072,907.2,0.4,0.4,1.7793,0.18144,181.44,18.5,18.5,82.292,8.3916,8391.6,4.441,4.441,112.8,11.28,1.476,1.476,37.49,3.749,Factory Option,Zinc Plate and Bake per ASTM B633,0.04557,0.512,0.512,13,1.3,Random,0.069,0.069,1.75,0.175
LE 069FG 03S,LE 069FG 03S,LE069FG03S,Extension Spring,11,Stock,,Yes,Yes,Yes,Yes,Yes,Yes,Yes,Yes,Yes,Standard Extension Series (inch),NR,Stainless Steel,SS,ASTM A313,0.65,0.65,16.51,1.651,0.015,0.015,0.38,0.038,2.5,2.5,63.5,6.35,0.05,0.05,1.27,0.127,7.085,7.085,1.241,12.41,0.1265,1.265,126.5,1265,0.7085,0.7085,0.1241,1.241,0.01265,0.1265,12.65,126.5,0.512,0.512,13,1.3,REF,Reference,Reference,Reference,20.39,20.4,0.069,0.069,1.75,0.175,Standard Loops,1.667,1.667,7.415,0.7562,756.2,0.3334,0.3334,1.483,0.15123,151.23,15.4167,15.4167,68.577,6.993,6993,4.441,4.441,112.8,11.28,1.476,1.476,37.49,3.749,Factory Option,Passivate per ASTM A967,0.04589,0.512,0.512,13,1.3,Random,0.069,0.069,1.75,0.175
LE 069FG 04M,LE 069FG 04M,LE069FG04M,Extension Spring,11,Stock,,Yes,Yes,Yes,Yes,Yes,Yes,Yes,Yes,Yes,Standard Extension Series (inch),NR,Music Wire,MW,ASTM A228,0.65,0.65,16.51,1.651,0.015,0.015,0.38,0.038,2.75,2.75,69.85,6.985,0.055,0.055,1.4,0.14,7.219,7.219,1.264,12.64,0.1289,1.289,128.9,1289,0.7219,0.7219,0.1264,1.264,0.01289,0.1289,12.89,128.9,0.512,0.512,13,1.3,REF,Reference,Reference,Reference,24.01,24,0.069,0.069,1.75,0.175,Standard Loops,2,2,8.896,0.9072,907.2,0.4,0.4,1.7793,0.18144,181.44,18.5,18.5,82.292,8.3916,8391.6,5.036,5.036,127.91,12.791,1.726,1.726,43.84,4.384,Factory Option,Zinc Plate and Bake per ASTM B633,0.05295,0.512,0.512,13,1.3,Random,0.069,0.069,1.75,0.175
LE 069FG 04S,LE 069FG 04S,LE069FG04S,Extension Spring,11,Stock,,Yes,Yes,Yes,Yes,Yes,Yes,Yes,Yes,Yes,Standard Extension Series (inch),NR,Stainless Steel,SS,ASTM A313,0.65,0.65,16.51,1.651,0.015,0.015,0.38,0.038,2.75,2.75,69.85,6.985,0.055,0.055,1.4,0.14,6.016,6.016,1.054,10.54,0.1074,1.074,107.4,1074,0.6016,0.6016,0.1054,1.054,0.01074,0.1074,10.74,107.4,0.512,0.512,13,1.3,REF,Reference,Reference,Reference,24.01,24,0.069,0.069,1.75,0.175,Standard Loops,1.667,1.667,7.415,0.7562,756.2,0.3334,0.3334,1.483,0.15123,151.23,15.4167,15.4167,68.577,6.993,6993,5.036,5.036,127.91,12.791,1.726,1.726,43.84,4.384,Factory Option,Passivate per ASTM A967,0.05332,0.512,0.512,13,1.3,Random,0.069,0.069,1.75,0.175
LE 069FG 05M,LE 069FG 05M,LE069FG05M,Extension Spring,11,Stock,,Yes,Yes,Yes,Yes,Yes,Yes,Yes,Yes,Yes,Standard Extension Series (inch),NR,Music Wire,MW,ASTM A228,0.65,0.65,16.51,1.651,0.015,0.015,0.38,0.038,3,3,76.2,7.62,0.06,0.06,1.52,0.152,6.273,6.273,1.099,10.99,0.112,1.12,112,1120,0.6273,0.6273,0.1099,1.099,0.0112,0.112,11.2,112,0.512,0.512,13,1.3,REF,Reference,Reference,Reference,27.64,27.6,0.069,0.069,1.75,0.175,Standard Loops,2,2,8.896,0.9072,907.2,0.4,0.4,1.7793,0.18144,181.44,18.5,18.5,82.292,8.3916,8391.6,5.63,5.63,143,14.3,1.976,1.976,50.19,5.019,Factory Option,Zinc Plate and Bake per ASTM B633,0.06032,0.512,0.512,13,1.3,Random,0.069,0.069,1.75,0.175
LE 069FG 05S,LE 069FG 05S,LE069FG05S,Extension Spring,11,Stock,,Yes,Yes,Yes,Yes,Yes,Yes,Yes,Yes,Yes,Standard Extension Series (inch),NR,Stainless Steel,SS,ASTM A313,0.65,0.65,16.51,1.651,0.015,0.015,0.38,0.038,3,3,76.2,7.62,0.06,0.06,1.52,0.152,5.228,5.228,0.916,9.16,0.0934,0.934,93.4,934,0.5228,0.5228,0.0916,0.916,0.00934,0.0934,9.34,93.4,0.512,0.512,13,1.3,REF,Reference,Reference,Reference,27.64,27.6,0.069,0.069,1.75,0.175,Standard Loops,1.667,1.667,7.415,0.7562,756.2,0.3334,0.3334,1.483,0.15123,151.23,15.4167,15.4167,68.577,6.993,6993,5.63,5.63,143,14.3,1.976,1.976,50.19,5.019,Factory Option,Passivate per ASTM A967,0.06075,0.512,0.512,13,1.3,Random,0.069,0.069,1.75,0.175
LE 069FG 06M,LE 069FG 06M,LE069FG06M,Extension Spring,11,Stock,,Yes,Yes,Yes,Yes,Yes,Yes,Yes,Yes,Yes,Standard Extension Series (inch),NR,Music Wire,MW,ASTM A228,0.65,0.65,16.51,1.651,0.015,0.015,0.38,0.038,3.5,3.5,88.9,8.89,0.07,0.07,1.78,0.178,4.97,4.97,0.87,8.7,0.0888,0.888,88.8,888,0.497,0.497,0.087,0.87,0.00888,0.0888,8.88,88.8,0.512,0.512,13,1.3,REF,Reference,Reference,Reference,34.88,34.9,0.069,0.069,1.75,0.175,Standard Loops,2,2,8.896,0.9072,907.2,0.4,0.4,1.7793,0.18144,181.44,18.5,18.5,82.292,8.3916,8391.6,6.82,6.82,173.23,17.323,2.476,2.476,62.89,6.289,Factory Option,Zinc Plate and Bake per ASTM B633,0.07507,0.512,0.512,13,1.3,Random,0.069,0.069,1.75,0.175
LE 069FG 06S,LE 069FG 06S,LE069FG06S,Extension Spring,11,Stock,,Yes,Yes,Yes,Yes,Yes,Yes,Yes,Yes,Yes,Standard Extension Series (inch),NR,Stainless Steel,SS,ASTM A313,0.65,0.65,16.51,1.651,0.015,0.015,0.38,0.038,3.5,3.5,88.9,8.89,0.07,0.07,1.78,0.178,4.142,4.142,0.725,7.25,0.074,0.74,74,740,0.4142,0.4142,0.0725,0.725,0.0074,0.074,7.4,74,0.512,0.512,13,1.3,REF,Reference,Reference,Reference,34.88,34.9,0.069,0.069,1.75,0.175,Standard Loops,1.667,1.667,7.415,0.7562,756.2,0.3334,0.3334,1.483,0.15123,151.23,15.4167,15.4167,68.577,6.993,6993,6.82,6.82,173.23,17.323,2.476,2.476,62.89,6.289,Factory Option,Passivate per ASTM A967,0.0756,0.512,0.512,13,1.3,Random,0.069,0.069,1.75,0.175
LE 069FG 07M,LE 069FG 07M,LE069FG07M,Extension Spring,11,Stock,,Yes,Yes,Yes,Yes,Yes,Yes,Yes,Yes,Yes,Standard Extension Series (inch),NR,Music Wire,MW,ASTM A228,0.65,0.65,16.51,1.651,0.015,0.015,0.38,0.038,4,4,101.6,10.16,0.08,0.08,2.03,0.203,4.115,4.115,0.721,7.21,0.0735,0.735,73.5,735,0.4115,0.4115,0.0721,0.721,0.00735,0.0735,7.35,73.5,0.512,0.512,13,1.3,REF,Reference,Reference,Reference,42.13,42.1,0.069,0.069,1.75,0.175,Standard Loops,2,2,8.896,0.9072,907.2,0.4,0.4,1.7793,0.18144,181.44,18.5,18.5,82.292,8.3916,8391.6,8.01,8.01,203.45,20.345,2.976,2.976,75.59,7.559,Factory Option,Zinc Plate and Bake per ASTM B633,0.08982,0.512,0.512,13,1.3,Random,0.069,0.069,1.75,0.175
LE 069FG 07S,LE 069FG 07S,LE069FG07S,Extension Spring,11,Stock,,Yes,Yes,Yes,Yes,Yes,Yes,Yes,Yes,Yes,Standard Extension Series (inch),NR,Stainless Steel,SS,ASTM A313,0.65,0.65,16.51,1.651,0.015,0.015,0.38,0.038,4,4,101.6,10.16,0.08,0.08,2.03,0.203,3.429,3.429,0.601,6.01,0.0612,0.612,61.2,612,0.3429,0.3429,0.0601,0.601,0.00612,0.0612,6.12,61.2,0.512,0.512,13,1.3,REF,Reference,Reference,Reference,42.13,42.1,0.069,0.069,1.75,0.175,Standard Loops,1.667,1.667,7.415,0.7562,756.2,0.3334,0.3334,1.483,0.15123,151.23,15.4167,15.4167,68.577,6.993,6993,8.01,8.01,203.45,20.345,2.976,2.976,75.59,7.559,Factory Option,Passivate per ASTM A967,0.09045,0.512,0.512,13,1.3,Random,0.069,0.069,1.75,0.175
LE 069FG 08M,LE 069FG 08M,LE069FG08M,Extension Spring,11,Stock,,Yes,Yes,Yes,Yes,Yes,Yes,Yes,Yes,Yes,Standard Extension Series (inch),NR,Music Wire,MW,ASTM A228,0.65,0.65,16.51,1.651,0.015,0.015,0.38,0.038,4.5,4.5,114.3,11.43,0.09,0.09,2.29,0.229,3.511,3.511,0.615,6.15,0.0627,0.627,62.7,627,0.3511,0.3511,0.0615,0.615,0.00627,0.0627,6.27,62.7,0.512,0.512,13,1.3,REF,Reference,Reference,Reference,49.38,49.4,0.069,0.069,1.75,0.175,Standard Loops,2,2,8.896,0.9072,907.2,0.4,0.4,1.7793,0.18144,181.44,18.5,18.5,82.292,8.3916,8391.6,9.2,9.2,233.68,23.368,3.476,3.476,88.29,8.829,Factory Option,Zinc Plate and Bake per ASTM B633,0.10457,0.512,0.512,13,1.3,Random,0.069,0.069,1.75,0.175
LE 069FG 08S,LE 069FG 08S,LE069FG08S,Extension Spring,11,Stock,,Yes,Yes,Yes,Yes,Yes,Yes,Yes,Yes,Yes,Standard Extension Series (inch),NR,Stainless Steel,SS,ASTM A313,0.65,0.65,16.51,1.651,0.015,0.015,0.38,0.038,4.5,4.5,114.3,11.43,0.09,0.09,2.29,0.229,2.926,2.926,0.512,5.12,0.0523,0.523,52.3,523,0.2926,0.2926,0.0512,0.512,0.00523,0.0523,5.23,52.3,0.512,0.512,13,1.3,REF,Reference,Reference,Reference,49.38,49.4,0.069,0.069,1.75,0.175,Standard Loops,1.667,1.667,7.415,0.7562,756.2,0.3334,0.3334,1.483,0.15123,151.23,15.4167,15.4167,68.577,6.993,6993,9.2,9.2,233.68,23.368,3.476,3.476,88.29,8.829,Factory Option,Passivate per ASTM A967,0.1053,0.512,0.512,13,1.3,Random,0.069,0.069,1.75,0.175
LE 069FG 09M,LE 069FG 09M,LE069FG09M,Extension Spring,11,Stock,,Yes,Yes,Yes,Yes,Yes,Yes,Yes,Yes,Yes,Standard Extension Series (inch),NR,Music Wire,MW,ASTM A228,0.65,0.65,16.51,1.651,0.015,0.015,0.38,0.038,5,5,127,12.7,0.1,0.1,2.54,0.254,3.062,3.062,0.536,5.36,0.0547,0.547,54.7,547,0.3062,0.3062,0.0536,0.536,0.00547,0.0547,5.47,54.7,0.512,0.512,13,1.3,REF,Reference,Reference,Reference,56.62,56.6,0.069,0.069,1.75,0.175,Standard Loops,2,2,8.896,0.9072,907.2,0.4,0.4,1.7793,0.18144,181.44,18.5,18.5,82.292,8.3916,8391.6,10.389,10.389,263.88,26.388,3.976,3.976,100.99,10.099,Factory Option,Zinc Plate and Bake per ASTM B633,0.11931,0.512,0.512,13,1.3,Random,0.069,0.069,1.75,0.175
LE 069FG 09S,LE 069FG 09S,LE069FG09S,Extension Spring,11,Stock,,Yes,Yes,Yes,Yes,Yes,Yes,Yes,Yes,Yes,Standard Extension Series (inch),NR,Stainless Steel,SS,ASTM A313,0.65,0.65,16.51,1.651,0.015,0.015,0.38,0.038,5,5,127,12.7,0.1,0.1,2.54,0.254,2.552,2.552,0.447,4.47,0.0456,0.456,45.6,456,0.2552,0.2552,0.0447,0.447,0.00456,0.0456,4.56,45.6,0.512,0.512,13,1.3,REF,Reference,Reference,Reference,56.62,56.6,0.069,0.069,1.75,0.175,Standard Loops,1.667,1.667,7.415,0.7562,756.2,0.3334,0.3334,1.483,0.15123,151.23,15.4167,15.4167,68.577,6.993,6993,10.389,10.389,263.88,26.388,3.976,3.976,100.99,10.099,Factory Option,Passivate per ASTM A967,0.12015,0.512,0.512,13,1.3,Random,0.069,0.069,1.75,0.175
LE 069G 01 M,LE 069G 01 M,LE069G01M,Extension Spring,11,Stock,,Yes,Yes,Yes,Yes,Yes,Yes,Yes,Yes,Yes,Standard Extension Series (inch),NR,Music Wire,MW,ASTM A228,0.75,0.75,19.05,1.905,0.015,0.015,0.38,0.038,2,2,50.8,5.08,0.04,0.04,1.02,0.102,10.25,10.25,1.795,17.95,0.183,1.83,183,1830,1.025,1.025,0.1795,1.795,0.0183,0.183,18.3,183,0.612,0.612,15.54,1.554,REF,Reference,Reference,Reference,10.5032,10.5,0.069,0.069,1.75,0.175,Standard Loops,1.6,1.6,7.117,0.7258,725.8,0.32,0.32,1.4234,0.14515,145.15,16.5,16.5,73.396,7.4844,7484.4,3.45,3.45,87.63,8.763,0.776,0.776,19.71,1.971,Factory Option,Zinc Plate and Bake per ASTM B633,0.02988,0.612,0.612,15.54,1.554,Random,0.069,0.069,1.75,0.175
LE 069G 01 S,LE 069G 01 S,LE069G01S,Extension Spring,11,Stock,,Yes,Yes,Yes,Yes,Yes,Yes,Yes,Yes,Yes,Standard Extension Series (inch),NR,Stainless Steel,SS,ASTM A313,0.75,0.75,19.05,1.905,0.015,0.015,0.38,0.038,2,2,50.8,5.08,0.04,0.04,1.02,0.102,8.54,8.54,1.496,14.96,0.1525,1.525,152.5,1525,0.854,0.854,0.1496,1.496,0.01525,0.1525,15.25,152.5,0.612,0.612,15.54,1.554,REF,Reference,Reference,Reference,10.5052,10.5,0.069,0.069,1.75,0.175,Standard Loops,1.3328,1.3328,5.929,0.6046,604.6,0.26656,0.26656,1.1857,0.12091,120.91,13.7445,13.7445,61.139,6.2345,6234.5,3.45,3.45,87.63,8.763,0.776,0.776,19.71,1.971,Factory Option,Passivate per ASTM A967,0.03046,0.612,0.612,15.54,1.554,Random,0.069,0.069,1.75,0.175
LE 069G 02 M,LE 069G 02 M,LE069G02M,Extension Spring,11,Stock,,Yes,Yes,Yes,Yes,Yes,Yes,Yes,Yes,Yes,Standard Extension Series (inch),NR,Music Wire,MW,ASTM A228,0.75,0.75,19.05,1.905,0.015,0.015,0.38,0.038,2.25,2.25,57.15,5.715,0.05,0.05,1.27,0.127,7.7,7.7,1.349,13.49,0.1375,1.375,137.5,1375,0.77,0.77,0.1349,1.349,0.01375,0.1375,13.75,137.5,0.612,0.612,15.54,1.554,REF,Reference,Reference,Reference,13.9815,14,0.069,0.069,1.75,0.175,Standard Loops,1.6,1.6,7.117,0.7258,725.8,0.32,0.32,1.4234,0.14515,145.15,16.5,16.5,73.396,7.4844,7484.4,4.19,4.19,106.43,10.643,1.026,1.026,26.06,2.606,Factory Option,Zinc Plate and Bake per ASTM B633,0.03819,0.612,0.612,15.54,1.554,Random,0.069,0.069,1.75,0.175
LE 069G 02 S,LE 069G 02 S,LE069G02S,Extension Spring,11,Stock,,Yes,Yes,Yes,Yes,Yes,Yes,Yes,Yes,Yes,Standard Extension Series (inch),NR,Stainless Steel,SS,ASTM A313,0.75,0.75,19.05,1.905,0.015,0.015,0.38,0.038,2.25,2.25,57.15,5.715,0.05,0.05,1.27,0.127,6.41,6.41,1.123,11.23,0.1145,1.145,114.5,1145,0.641,0.641,0.1123,1.123,0.01145,0.1145,11.45,114.5,0.612,0.612,15.54,1.554,REF,Reference,Reference,Reference,13.996,14,0.069,0.069,1.75,0.175,Standard Loops,1.3328,1.3328,5.929,0.6046,604.6,0.26656,0.26656,1.1857,0.12091,120.91,13.7445,13.7445,61.139,6.2345,6234.5,4.19,4.19,106.43,10.643,1.026,1.026,26.06,2.606,Factory Option,Passivate per ASTM A967,0.03896,0.612,0.612,15.54,1.554,Random,0.069,0.069,1.75,0.175
LE 069G 03 M,LE 069G 03 M,LE069G03M,Extension Spring,11,Stock,,Yes,Yes,Yes,Yes,Yes,Yes,Yes,Yes,Yes,Standard Extension Series (inch),NR,Music Wire,MW,ASTM A228,0.75,0.75,19.05,1.905,0.015,0.015,0.38,0.038,2.5,2.5,63.5,6.35,0.05,0.05,1.27,0.127,6.15,6.15,1.077,10.77,0.1098,1.098,109.8,1098,0.615,0.615,0.1077,1.077,0.01098,0.1098,10.98,109.8,0.612,0.612,15.54,1.554,REF,Reference,Reference,Reference,17.5053,17.5,0.069,0.069,1.75,0.175,Standard Loops,1.6,1.6,7.117,0.7258,725.8,0.32,0.32,1.4234,0.14515,145.15,16.5,16.5,73.396,7.4844,7484.4,4.92,4.92,124.97,12.497,1.276,1.276,32.41,3.241,Factory Option,Zinc Plate and Bake per ASTM B633,0.04662,0.612,0.612,15.54,1.554,Random,0.069,0.069,1.75,0.175
LE 069G 03 S,LE 069G 03 S,LE069G03S,Extension Spring,11,Stock,,Yes,Yes,Yes,Yes,Yes,Yes,Yes,Yes,Yes,Standard Extension Series (inch),NR,Stainless Steel,SS,ASTM A313,0.75,0.75,19.05,1.905,0.015,0.015,0.38,0.038,2.5,2.5,63.5,6.35,0.05,0.05,1.27,0.127,5.12,5.12,0.897,8.97,0.0914,0.914,91.4,914,0.512,0.512,0.0897,0.897,0.00914,0.0914,9.14,91.4,0.612,0.612,15.54,1.554,REF,Reference,Reference,Reference,17.5224,17.5,0.069,0.069,1.75,0.175,Standard Loops,1.3328,1.3328,5.929,0.6046,604.6,0.26656,0.26656,1.1857,0.12091,120.91,13.7445,13.7445,61.139,6.2345,6234.5,4.92,4.92,124.97,12.497,1.276,1.276,32.41,3.241,Factory Option,Passivate per ASTM A967,0.04754,0.612,0.612,15.54,1.554,Random,0.069,0.069,1.75,0.175
LE 069G 04 M,LE 069G 04 M,LE069G04M,Extension Spring,11,Stock,,Yes,Yes,Yes,Yes,Yes,Yes,Yes,Yes,Yes,Standard Extension Series (inch),NR,Music Wire,MW,ASTM A228,0.75,0.75,19.05,1.905,0.015,0.015,0.38,0.038,2.75,2.75,69.85,6.985,0.05,0.05,1.27,0.127,5.13,5.13,0.898,8.98,0.0916,0.916,91.6,916,0.513,0.513,0.0898,0.898,0.00916,0.0916,9.16,91.6,0.612,0.612,15.54,1.554,REF,Reference,Reference,Reference,20.9859,21,0.069,0.069,1.75,0.175,Standard Loops,1.6,1.6,7.117,0.7258,725.8,0.32,0.32,1.4234,0.14515,145.15,16.5,16.5,73.396,7.4844,7484.4,5.65,5.65,143.51,14.351,1.526,1.526,38.76,3.876,Factory Option,Zinc Plate and Bake per ASTM B633,0.05493,0.612,0.612,15.54,1.554,Random,0.069,0.069,1.75,0.175
LE 069G 04 S,LE 069G 04 S,LE069G04S,Extension Spring,11,Stock,,Yes,Yes,Yes,Yes,Yes,Yes,Yes,Yes,Yes,Standard Extension Series (inch),NR,Stainless Steel,SS,ASTM A313,0.75,0.75,19.05,1.905,0.015,0.015,0.38,0.038,2.75,2.75,69.85,6.985,0.05,0.05,1.27,0.127,4.27,4.27,0.748,7.48,0.0763,0.763,76.3,763,0.427,0.427,0.0748,0.748,0.00763,0.0763,7.63,76.3,0.612,0.612,15.54,1.554,REF,Reference,Reference,Reference,21.0105,21,0.069,0.069,1.75,0.175,Standard Loops,1.3328,1.3328,5.929,0.6046,604.6,0.26656,0.26656,1.1857,0.12091,120.91,13.7445,13.7445,61.139,6.2345,6234.5,5.65,5.65,143.51,14.351,1.526,1.526,38.76,3.876,Factory Option,Passivate per ASTM A967,0.05604,0.612,0.612,15.54,1.554,Random,0.069,0.069,1.75,0.175
LE 069G 05 M,LE 069G 05 M,LE069G05M,Extension Spring,11,Stock,,Yes,Yes,Yes,Yes,Yes,Yes,Yes,Yes,Yes,Standard Extension Series (inch),NR,Music Wire,MW,ASTM A228,0.75,0.75,19.05,1.905,0.015,0.015,0.38,0.038,3,3,76.2,7.62,0.05,0.05,1.27,0.127,4.31,4.31,0.755,7.55,0.077,0.77,77,770,0.431,0.431,0.0755,0.755,0.0077,0.077,7.7,77,0.612,0.612,15.54,1.554,REF,Reference,Reference,Reference,24.9786,25,0.069,0.069,1.75,0.175,Standard Loops,1.6,1.6,7.117,0.7258,725.8,0.32,0.32,1.4234,0.14515,145.15,16.5,16.5,73.396,7.4844,7484.4,6.46,6.46,164.08,16.408,1.776,1.776,45.11,4.511,Factory Option,Zinc Plate and Bake per ASTM B633,0.06448,0.612,0.612,15.54,1.554,Random,0.069,0.069,1.75,0.175
LE 069G 05 S,LE 069G 05 S,LE069G05S,Extension Spring,11,Stock,,Yes,Yes,Yes,Yes,Yes,Yes,Yes,Yes,Yes,Standard Extension Series (inch),NR,Stainless Steel,SS,ASTM A313,0.75,0.75,19.05,1.905,0.015,0.015,0.38,0.038,3,3,76.2,7.62,0.05,0.05,1.27,0.127,3.59,3.59,0.629,6.29,0.0641,0.641,64.1,641,0.359,0.359,0.0629,0.629,0.00641,0.0641,6.41,64.1,0.612,0.612,15.54,1.554,REF,Reference,Reference,Reference,24.9902,25,0.069,0.069,1.75,0.175,Standard Loops,1.3328,1.3328,5.929,0.6046,604.6,0.26656,0.26656,1.1857,0.12091,120.91,13.7445,13.7445,61.139,6.2345,6234.5,6.46,6.46,164.08,16.408,1.776,1.776,45.11,4.511,Factory Option,Passivate per ASTM A967,0.06573,0.612,0.612,15.54,1.554,Random,0.069,0.069,1.75,0.175
LE 069G 06 M,LE 069G 06 M,LE069G06M,Extension Spring,11,Stock,,Yes,Yes,Yes,Yes,Yes,Yes,Yes,Yes,Yes,Standard Extension Series (inch),NR,Music Wire,MW,ASTM A228,0.75,0.75,19.05,1.905,0.015,0.015,0.38,0.038,3.5,3.5,88.9,8.89,0.06,0.06,1.52,0.152,3.37,3.37,0.59,5.9,0.0602,0.602,60.2,602,0.337,0.337,0.059,0.59,0.00602,0.0602,6.02,60.2,0.612,0.612,15.54,1.554,REF,Reference,Reference,Reference,31.9459,31.9,0.069,0.069,1.75,0.175,Standard Loops,1.6,1.6,7.117,0.7258,725.8,0.32,0.32,1.4234,0.14515,145.15,16.5,16.5,73.396,7.4844,7484.4,7.92,7.92,201.17,20.117,2.276,2.276,57.81,5.781,Factory Option,Zinc Plate and Bake per ASTM B633,0.08113,0.612,0.612,15.54,1.554,Random,0.069,0.069,1.75,0.175
LE 069G 06 S,LE 069G 06 S,LE069G06S,Extension Spring,11,Stock,,Yes,Yes,Yes,Yes,Yes,Yes,Yes,Yes,Yes,Standard Extension Series (inch),NR,Stainless Steel,SS,ASTM A313,0.75,0.75,19.05,1.905,0.015,0.015,0.38,0.038,3.5,3.5,88.9,8.89,0.06,0.06,1.52,0.152,2.81,2.81,0.492,4.92,0.0502,0.502,50.2,502,0.281,0.281,0.0492,0.492,0.00502,0.0502,5.02,50.2,0.612,0.612,15.54,1.554,REF,Reference,Reference,Reference,31.927,31.9,0.069,0.069,1.75,0.175,Standard Loops,1.3328,1.3328,5.929,0.6046,604.6,0.26656,0.26656,1.1857,0.12091,120.91,13.7445,13.7445,61.139,6.2345,6234.5,7.92,7.92,201.17,20.117,2.276,2.276,57.81,5.781,Factory Option,Passivate per ASTM A967,0.08263,0.612,0.612,15.54,1.554,Random,0.069,0.069,1.75,0.175
LE 069G 07 M,LE 069G 07 M,LE069G07M,Extension Spring,11,Stock,,Yes,Yes,Yes,Yes,Yes,Yes,Yes,Yes,Yes,Standard Extension Series (inch),NR,Music Wire,MW,ASTM A228,0.75,0.75,19.05,1.905,0.015,0.015,0.38,0.038,4,4,101.6,10.16,0.06,0.06,1.52,0.152,2.73,2.73,0.478,4.78,0.0488,0.488,48.8,488,0.273,0.273,0.0478,0.478,0.00488,0.0488,4.88,48.8,0.612,0.612,15.54,1.554,REF,Reference,Reference,Reference,39.4351,39.4,0.069,0.069,1.75,0.175,Standard Loops,1.6,1.6,7.117,0.7258,725.8,0.32,0.32,1.4234,0.14515,145.15,16.5,16.5,73.396,7.4844,7484.4,9.46,9.46,240.28,24.028,2.776,2.776,70.51,7.051,Factory Option,Zinc Plate and Bake per ASTM B633,0.09902,0.612,0.612,15.54,1.554,Random,0.069,0.069,1.75,0.175
LE 069G 07 S,LE 069G 07 S,LE069G07S,Extension Spring,11,Stock,,Yes,Yes,Yes,Yes,Yes,Yes,Yes,Yes,Yes,Standard Extension Series (inch),NR,Stainless Steel,SS,ASTM A313,0.75,0.75,19.05,1.905,0.015,0.015,0.38,0.038,4,4,101.6,10.16,0.06,0.06,1.52,0.152,2.27,2.27,0.398,3.98,0.0405,0.405,40.5,405,0.227,0.227,0.0398,0.398,0.00405,0.0405,4.05,40.5,0.612,0.612,15.54,1.554,REF,Reference,Reference,Reference,39.522,39.5,0.069,0.069,1.75,0.175,Standard Loops,1.3328,1.3328,5.929,0.6046,604.6,0.26656,0.26656,1.1857,0.12091,120.91,13.7445,13.7445,61.139,6.2345,6234.5,9.46,9.46,240.28,24.028,2.776,2.776,70.51,7.051,Factory Option,Passivate per ASTM A967,0.10112,0.612,0.612,15.54,1.554,Random,0.069,0.069,1.75,0.175
LE 069G 08 M,LE 069G 08 M,LE069G08M,Extension Spring,11,Stock,,Yes,Yes,Yes,Yes,Yes,Yes,Yes,Yes,Yes,Standard Extension Series (inch),NR,Music Wire,MW,ASTM A228,0.75,0.75,19.05,1.905,0.015,0.015,0.38,0.038,4.5,4.5,114.3,11.43,0.075,0.075,1.91,0.191,2.32,2.32,0.406,4.06,0.0414,0.414,41.4,414,0.232,0.232,0.0406,0.406,0.00414,0.0414,4.14,41.4,0.612,0.612,15.54,1.554,REF,Reference,Reference,Reference,46.4043,46.4,0.069,0.069,1.75,0.175,Standard Loops,1.6,1.6,7.117,0.7258,725.8,0.32,0.32,1.4234,0.14515,145.15,16.5,16.5,73.396,7.4844,7484.4,10.92,10.92,277.37,27.737,3.276,3.276,83.21,8.321,Factory Option,Zinc Plate and Bake per ASTM B633,0.11568,0.612,0.612,15.54,1.554,Random,0.069,0.069,1.75,0.175
LE 069G 08 S,LE 069G 08 S,LE069G08S,Extension Spring,11,Stock,,Yes,Yes,Yes,Yes,Yes,Yes,Yes,Yes,Yes,Standard Extension Series (inch),NR,Stainless Steel,SS,ASTM A313,0.75,0.75,19.05,1.905,0.015,0.015,0.38,0.038,4.5,4.5,114.3,11.43,0.075,0.075,1.91,0.191,1.93,1.93,0.338,3.38,0.0345,0.345,34.5,345,0.193,0.193,0.0338,0.338,0.00345,0.0345,3.45,34.5,0.612,0.612,15.54,1.554,REF,Reference,Reference,Reference,46.4844,46.5,0.069,0.069,1.75,0.175,Standard Loops,1.3328,1.3328,5.929,0.6046,604.6,0.26656,0.26656,1.1857,0.12091,120.91,13.7445,13.7445,61.139,6.2345,6234.5,10.92,10.92,277.37,27.737,3.276,3.276,83.21,8.321,Factory Option,Passivate per ASTM A967,0.11808,0.612,0.612,15.54,1.554,Random,0.069,0.069,1.75,0.175
LE 069G 09 M,LE 069G 09 M,LE069G09M,Extension Spring,11,Stock,,Yes,Yes,Yes,Yes,Yes,Yes,Yes,Yes,Yes,Standard Extension Series (inch),NR,Music Wire,MW,ASTM A228,0.75,0.75,19.05,1.905,0.015,0.015,0.38,0.038,5,5,127,12.7,0.075,0.075,1.91,0.191,2,2,0.35,3.5,0.0357,0.357,35.7,357,0.2,0.2,0.035,0.35,0.00357,0.0357,3.57,35.7,0.612,0.612,15.54,1.554,REF,Reference,Reference,Reference,53.8289,53.8,0.069,0.069,1.75,0.175,Standard Loops,1.6,1.6,7.117,0.7258,725.8,0.32,0.32,1.4234,0.14515,145.15,16.5,16.5,73.396,7.4844,7484.4,12.45,12.45,316.23,31.623,3.776,3.776,95.91,9.591,Factory Option,Zinc Plate and Bake per ASTM B633,0.13342,0.612,0.612,15.54,1.554,Random,0.069,0.069,1.75,0.175
LE 069G 09 S,LE 069G 09 S,LE069G09S,Extension Spring,11,Stock,,Yes,Yes,Yes,Yes,Yes,Yes,Yes,Yes,Yes,Standard Extension Series (inch),NR,Stainless Steel,SS,ASTM A313,0.75,0.75,19.05,1.905,0.015,0.015,0.38,0.038,5,5,127,12.7,0.075,0.075,1.91,0.191,1.67,1.67,0.292,2.92,0.0298,0.298,29.8,298,0.167,0.167,0.0292,0.292,0.00298,0.0298,2.98,29.8,0.612,0.612,15.54,1.554,REF,Reference,Reference,Reference,53.7215,53.7,0.069,0.069,1.75,0.175,Standard Loops,1.3328,1.3328,5.929,0.6046,604.6,0.26656,0.26656,1.1857,0.12091,120.91,13.7445,13.7445,61.139,6.2345,6234.5,12.45,12.45,316.23,31.623,3.776,3.776,95.91,9.591,Factory Option,Passivate per ASTM A967,0.1357,0.612,0.612,15.54,1.554,Random,0.069,0.069,1.75,0.175
LE 069G 10 M,LE 069G 10 M,LE069G10M,Extension Spring,11,Stock,,Yes,Yes,Yes,Yes,Yes,Yes,Yes,Yes,Yes,Standard Extension Series (inch),NR,Music Wire,MW,ASTM A228,0.75,0.75,19.05,1.905,0.015,0.015,0.38,0.038,5.5,5.5,139.7,13.97,0.093,0.093,2.36,0.236,1.77,1.77,0.31,3.1,0.0316,0.316,31.6,316,0.177,0.177,0.031,0.31,0.00316,0.0316,3.16,31.6,0.612,0.612,15.54,1.554,REF,Reference,Reference,Reference,60.8237,60.8,0.069,0.069,1.75,0.175,Standard Loops,1.6,1.6,7.117,0.7258,725.8,0.32,0.32,1.4234,0.14515,145.15,16.5,16.5,73.396,7.4844,7484.4,13.92,13.92,353.57,35.357,4.276,4.276,108.61,10.861,Factory Option,Zinc Plate and Bake per ASTM B633,0.15014,0.612,0.612,15.54,1.554,Random,0.069,0.069,1.75,0.175
LE 069G 10 S,LE 069G 10 S,LE069G10S,Extension Spring,11,Stock,,Yes,Yes,Yes,Yes,Yes,Yes,Yes,Yes,Yes,Standard Extension Series (inch),NR,Stainless Steel,SS,ASTM A313,0.75,0.75,19.05,1.905,0.015,0.015,0.38,0.038,5.5,5.5,139.7,13.97,0.093,0.093,2.36,0.236,1.47,1.47,0.257,2.57,0.0263,0.263,26.3,263,0.147,0.147,0.0257,0.257,0.00263,0.0263,2.63,26.3,0.612,0.612,15.54,1.554,REF,Reference,Reference,Reference,61.0306,61,0.069,0.069,1.75,0.175,Standard Loops,1.3328,1.3328,5.929,0.6046,604.6,0.26656,0.26656,1.1857,0.12091,120.91,13.7445,13.7445,61.139,6.2345,6234.5,13.92,13.92,353.57,35.357,4.276,4.276,108.61,10.861,Factory Option,Passivate per ASTM A967,0.1535,0.612,0.612,15.54,1.554,Random,0.069,0.069,1.75,0.175
LE 075E 01 M,LE 075E 01 M,LE075E01M,Extension Spring,11,Stock,,Yes,Yes,Yes,Yes,Yes,Yes,Yes,Yes,Yes,Standard Extension Series (inch),NR,Music Wire,MW,ASTM A228,0.5,0.5,12.7,1.27,0.01,0.01,0.25,0.025,1.25,1.25,31.75,3.175,0.035,0.035,0.89,0.089,97.62,97.62,17.096,170.96,1.7433,17.433,1743.3,17433,9.762,9.762,1.7096,17.096,0.17433,1.7433,174.33,1743.3,0.35,0.35,8.89,0.889,REF,Reference,Reference,Reference,6.3333,6.3,0.075,0.075,1.91,0.191,Standard Loops,5,5,22.241,2.268,2268,1,1,4.4482,0.4536,453.6,35,35,155.688,15.876,15876,1.56,1.56,39.62,3.962,0.55,0.55,13.97,1.397,Factory Option,Zinc Plate and Bake per ASTM B633,0.01468,0.35,0.35,8.89,0.889,Random,0.075,0.075,1.91,0.191
LE 075E 01 S,LE 075E 01 S,LE075E01S,Extension Spring,11,Stock,,Yes,Yes,Yes,Yes,Yes,Yes,Yes,Yes,Yes,Standard Extension Series (inch),NR,Stainless Steel,SS,ASTM A313,0.5,0.5,12.7,1.27,0.01,0.01,0.25,0.025,1.25,1.25,31.75,3.175,0.035,0.035,0.89,0.089,81.32,81.32,14.242,142.42,1.4522,14.522,1452.2,14522,8.132,8.132,1.4242,14.242,0.14522,1.4522,145.22,1452.2,0.35,0.35,8.89,0.889,REF,Reference,Reference,Reference,6.3356,6.3,0.075,0.075,1.91,0.191,Standard Loops,4.165,4.165,18.527,1.8892,1889.2,0.833,0.833,3.7054,0.37785,377.85,29.155,29.155,129.688,13.2247,13224.7,1.56,1.56,39.62,3.962,0.55,0.55,13.97,1.397,Factory Option,Passivate per ASTM A967,0.01497,0.35,0.35,8.89,0.889,Random,0.075,0.075,1.91,0.191
LE 075E 02 M,LE 075E 02 M,LE075E02M,Extension Spring,11,Stock,,Yes,Yes,Yes,Yes,Yes,Yes,Yes,Yes,Yes,Standard Extension Series (inch),NR,Music Wire,MW,ASTM A228,0.5,0.5,12.7,1.27,0.01,0.01,0.25,0.025,1.5,1.5,38.1,3.81,0.035,0.035,0.89,0.089,63.96,63.96,11.202,112.02,1.1422,11.422,1142.2,11422,6.396,6.396,1.1202,11.202,0.11422,1.1422,114.22,1142.2,0.35,0.35,8.89,0.889,REF,Reference,Reference,Reference,9.6663,9.7,0.075,0.075,1.91,0.191,Standard Loops,5,5,22.241,2.268,2268,1,1,4.4482,0.4536,453.6,35,35,155.688,15.876,15876,1.97,1.97,50.04,5.004,0.8,0.8,20.32,2.032,Factory Option,Zinc Plate and Bake per ASTM B633,0.02056,0.35,0.35,8.89,0.889,Random,0.075,0.075,1.91,0.191
LE 075E 02 S,LE 075E 02 S,LE075E02S,Extension Spring,11,Stock,,Yes,Yes,Yes,Yes,Yes,Yes,Yes,Yes,Yes,Standard Extension Series (inch),NR,Stainless Steel,SS,ASTM A313,0.5,0.5,12.7,1.27,0.01,0.01,0.25,0.025,1.5,1.5,38.1,3.81,0.035,0.035,0.89,0.089,53.28,53.28,9.331,93.31,0.9515,9.515,951.5,9515,5.328,5.328,0.9331,9.331,0.09515,0.9515,95.15,951.5,0.35,0.35,8.89,0.889,REF,Reference,Reference,Reference,9.6699,9.7,0.075,0.075,1.91,0.191,Standard Loops,4.165,4.165,18.527,1.8892,1889.2,0.833,0.833,3.7054,0.37785,377.85,29.155,29.155,129.688,13.2247,13224.7,1.97,1.97,50.04,5.004,0.8,0.8,20.32,2.032,Factory Option,Passivate per ASTM A967,0.02096,0.35,0.35,8.89,0.889,Random,0.075,0.075,1.91,0.191
LE 075E 03 M,LE 075E 03 M,LE075E03M,Extension Spring,11,Stock,,Yes,Yes,Yes,Yes,Yes,Yes,Yes,Yes,Yes,Standard Extension Series (inch),NR,Music Wire,MW,ASTM A228,0.5,0.5,12.7,1.27,0.01,0.01,0.25,0.025,1.75,1.75,44.45,4.445,0.04,0.04,1.02,0.102,47.56,47.56,8.329,83.29,0.8493,8.493,849.3,8493,4.756,4.756,0.8329,8.329,0.08493,0.8493,84.93,849.3,0.35,0.35,8.89,0.889,REF,Reference,Reference,Reference,12.9995,13,0.075,0.075,1.91,0.191,Standard Loops,5,5,22.241,2.268,2268,1,1,4.4482,0.4536,453.6,35,35,155.688,15.876,15876,2.38,2.38,60.45,6.045,1.05,1.05,26.67,2.667,Factory Option,Zinc Plate and Bake per ASTM B633,0.02643,0.35,0.35,8.89,0.889,Random,0.075,0.075,1.91,0.191
LE 075E 03 S,LE 075E 03 S,LE075E03S,Extension Spring,11,Stock,,Yes,Yes,Yes,Yes,Yes,Yes,Yes,Yes,Yes,Standard Extension Series (inch),NR,Stainless Steel,SS,ASTM A313,0.5,0.5,12.7,1.27,0.01,0.01,0.25,0.025,1.75,1.75,44.45,4.445,0.04,0.04,1.02,0.102,39.62,39.62,6.939,69.39,0.7075,7.075,707.5,7075,3.962,3.962,0.6939,6.939,0.07075,0.7075,70.75,707.5,0.35,0.35,8.89,0.889,REF,Reference,Reference,Reference,13.004,13,0.075,0.075,1.91,0.191,Standard Loops,4.165,4.165,18.527,1.8892,1889.2,0.833,0.833,3.7054,0.37785,377.85,29.155,29.155,129.688,13.2247,13224.7,2.38,2.38,60.45,6.045,1.05,1.05,26.67,2.667,Factory Option,Passivate per ASTM A967,0.02694,0.35,0.35,8.89,0.889,Random,0.075,0.075,1.91,0.191
LE 075E 04 M,LE 075E 04 M,LE075E04M,Extension Spring,11,Stock,,Yes,Yes,Yes,Yes,Yes,Yes,Yes,Yes,Yes,Standard Extension Series (inch),NR,Music Wire,MW,ASTM A228,0.5,0.5,12.7,1.27,0.01,0.01,0.25,0.025,2,2,50.8,5.08,0.04,0.04,1.02,0.102,37.85,37.85,6.629,66.29,0.6759,6.759,675.9,6759,3.785,3.785,0.6629,6.629,0.06759,0.6759,67.59,675.9,0.35,0.35,8.89,0.889,REF,Reference,Reference,Reference,16.3344,16.3,0.075,0.075,1.91,0.191,Standard Loops,5,5,22.241,2.268,2268,1,1,4.4482,0.4536,453.6,35,35,155.688,15.876,15876,2.79,2.79,70.87,7.087,1.3,1.3,33.02,3.302,Factory Option,Zinc Plate and Bake per ASTM B633,0.03231,0.35,0.35,8.89,0.889,Random,0.075,0.075,1.91,0.191
LE 075E 04 S,LE 075E 04 S,LE075E04S,Extension Spring,11,Stock,,Yes,Yes,Yes,Yes,Yes,Yes,Yes,Yes,Yes,Standard Extension Series (inch),NR,Stainless Steel,SS,ASTM A313,0.5,0.5,12.7,1.27,0.01,0.01,0.25,0.025,2,2,50.8,5.08,0.04,0.04,1.02,0.102,31.53,31.53,5.522,55.22,0.5631,5.631,563.1,5631,3.153,3.153,0.5522,5.522,0.05631,0.5631,56.31,563.1,0.35,0.35,8.89,0.889,REF,Reference,Reference,Reference,16.3404,16.3,0.075,0.075,1.91,0.191,Standard Loops,4.165,4.165,18.527,1.8892,1889.2,0.833,0.833,3.7054,0.37785,377.85,29.155,29.155,129.688,13.2247,13224.7,2.79,2.79,70.87,7.087,1.3,1.3,33.02,3.302,Factory Option,Passivate per ASTM A967,0.03293,0.35,0.35,8.89,0.889,Random,0.075,0.075,1.91,0.191
LE 075E 05 M,LE 075E 05 M,LE075E05M,Extension Spring,11,Stock,,Yes,Yes,Yes,Yes,Yes,Yes,Yes,Yes,Yes,Standard Extension Series (inch),NR,Music Wire,MW,ASTM A228,0.5,0.5,12.7,1.27,0.01,0.01,0.25,0.025,2.25,2.25,57.15,5.715,0.05,0.05,1.27,0.127,31.44,31.44,5.506,55.06,0.5615,5.615,561.5,5615,3.144,3.144,0.5506,5.506,0.05615,0.5615,56.15,561.5,0.35,0.35,8.89,0.889,REF,Reference,Reference,Reference,19.6646,19.7,0.075,0.075,1.91,0.191,Standard Loops,5,5,22.241,2.268,2268,1,1,4.4482,0.4536,453.6,35,35,155.688,15.876,15876,3.2,3.2,81.28,8.128,1.55,1.55,39.37,3.937,Factory Option,Zinc Plate and Bake per ASTM B633,0.03818,0.35,0.35,8.89,0.889,Random,0.075,0.075,1.91,0.191
LE 075E 05 S,LE 075E 05 S,LE075E05S,Extension Spring,11,Stock,,Yes,Yes,Yes,Yes,Yes,Yes,Yes,Yes,Yes,Standard Extension Series (inch),NR,Stainless Steel,SS,ASTM A313,0.5,0.5,12.7,1.27,0.01,0.01,0.25,0.025,2.25,2.25,57.15,5.715,0.05,0.05,1.27,0.127,26.19,26.19,4.587,45.87,0.4677,4.677,467.7,4677,2.619,2.619,0.4587,4.587,0.04677,0.4677,46.77,467.7,0.35,0.35,8.89,0.889,REF,Reference,Reference,Reference,19.6721,19.7,0.075,0.075,1.91,0.191,Standard Loops,4.165,4.165,18.527,1.8892,1889.2,0.833,0.833,3.7054,0.37785,377.85,29.155,29.155,129.688,13.2247,13224.7,3.2,3.2,81.28,8.128,1.55,1.55,39.37,3.937,Factory Option,Passivate per ASTM A967,0.03892,0.35,0.35,8.89,0.889,Random,0.075,0.075,1.91,0.191
LE 075E 06 M,LE 075E 06 M,LE075E06M,Extension Spring,11,Stock,,Yes,Yes,Yes,Yes,Yes,Yes,Yes,Yes,Yes,Standard Extension Series (inch),NR,Music Wire,MW,ASTM A228,0.5,0.5,12.7,1.27,0.01,0.01,0.25,0.025,2.5,2.5,63.5,6.35,0.05,0.05,1.27,0.127,26.8,26.8,4.694,46.94,0.4786,4.786,478.6,4786,2.68,2.68,0.4694,4.694,0.04786,0.4786,47.86,478.6,0.35,0.35,8.89,0.889,REF,Reference,Reference,Reference,23.0693,23.1,0.075,0.075,1.91,0.191,Standard Loops,5,5,22.241,2.268,2268,1,1,4.4482,0.4536,453.6,35,35,155.688,15.876,15876,3.62,3.62,91.95,9.195,1.8,1.8,45.72,4.572,Factory Option,Zinc Plate and Bake per ASTM B633,0.04418,0.35,0.35,8.89,0.889,Random,0.075,0.075,1.91,0.191
LE 075E 06 S,LE 075E 06 S,LE075E06S,Extension Spring,11,Stock,,Yes,Yes,Yes,Yes,Yes,Yes,Yes,Yes,Yes,Standard Extension Series (inch),NR,Stainless Steel,SS,ASTM A313,0.5,0.5,12.7,1.27,0.01,0.01,0.25,0.025,2.5,2.5,63.5,6.35,0.05,0.05,1.27,0.127,22.32,22.32,3.909,39.09,0.3986,3.986,398.6,3986,2.232,2.232,0.3909,3.909,0.03986,0.3986,39.86,398.6,0.35,0.35,8.89,0.889,REF,Reference,Reference,Reference,23.083,23.1,0.075,0.075,1.91,0.191,Standard Loops,4.165,4.165,18.527,1.8892,1889.2,0.833,0.833,3.7054,0.37785,377.85,29.155,29.155,129.688,13.2247,13224.7,3.62,3.62,91.95,9.195,1.8,1.8,45.72,4.572,Factory Option,Passivate per ASTM A967,0.04504,0.35,0.35,8.89,0.889,Random,0.075,0.075,1.91,0.191
LE 075E 07 M,LE 075E 07 M,LE075E07M,Extension Spring,11,Stock,,Yes,Yes,Yes,Yes,Yes,Yes,Yes,Yes,Yes,Standard Extension Series (inch),NR,Music Wire,MW,ASTM A228,0.5,0.5,12.7,1.27,0.01,0.01,0.25,0.025,2.75,2.75,69.85,6.985,0.05,0.05,1.27,0.127,23.48,23.48,4.112,41.12,0.4193,4.193,419.3,4193,2.348,2.348,0.4112,4.112,0.04193,0.4193,41.93,419.3,0.35,0.35,8.89,0.889,REF,Reference,Reference,Reference,26.3312,26.3,0.075,0.075,1.91,0.191,Standard Loops,5,5,22.241,2.268,2268,1,1,4.4482,0.4536,453.6,35,35,155.688,15.876,15876,4.03,4.03,102.36,10.236,2.05,2.05,52.07,5.207,Factory Option,Zinc Plate and Bake per ASTM B633,0.04992,0.35,0.35,8.89,0.889,Random,0.075,0.075,1.91,0.191
LE 075E 07 S,LE 075E 07 S,LE075E07S,Extension Spring,11,Stock,,Yes,Yes,Yes,Yes,Yes,Yes,Yes,Yes,Yes,Standard Extension Series (inch),NR,Stainless Steel,SS,ASTM A313,0.5,0.5,12.7,1.27,0.01,0.01,0.25,0.025,2.75,2.75,69.85,6.985,0.05,0.05,1.27,0.127,19.56,19.56,3.426,34.26,0.3493,3.493,349.3,3493,1.956,1.956,0.3426,3.426,0.03493,0.3493,34.93,349.3,0.35,0.35,8.89,0.889,REF,Reference,Reference,Reference,26.3402,26.3,0.075,0.075,1.91,0.191,Standard Loops,4.165,4.165,18.527,1.8892,1889.2,0.833,0.833,3.7054,0.37785,377.85,29.155,29.155,129.688,13.2247,13224.7,4.03,4.03,102.36,10.236,2.05,2.05,52.07,5.207,Factory Option,Passivate per ASTM A967,0.05089,0.35,0.35,8.89,0.889,Random,0.075,0.075,1.91,0.191
LE 075E 08 M,LE 075E 08 M,LE075E08M,Extension Spring,11,Stock,,Yes,Yes,Yes,Yes,Yes,Yes,Yes,Yes,Yes,Standard Extension Series (inch),NR,Music Wire,MW,ASTM A228,0.5,0.5,12.7,1.27,0.01,0.01,0.25,0.025,3,3,76.2,7.62,0.05,0.05,1.27,0.127,20.84,20.84,3.65,36.5,0.3722,3.722,372.2,3722,2.084,2.084,0.365,3.65,0.03722,0.3722,37.22,372.2,0.35,0.35,8.89,0.889,REF,Reference,Reference,Reference,29.6668,29.7,0.075,0.075,1.91,0.191,Standard Loops,5,5,22.241,2.268,2268,1,1,4.4482,0.4536,453.6,35,35,155.688,15.876,15876,4.44,4.44,112.78,11.278,2.3,2.3,58.42,5.842,Factory Option,Zinc Plate and Bake per ASTM B633,0.0558,0.35,0.35,8.89,0.889,Random,0.075,0.075,1.91,0.191
LE 075E 08 S,LE 075E 08 S,LE075E08S,Extension Spring,11,Stock,,Yes,Yes,Yes,Yes,Yes,Yes,Yes,Yes,Yes,Standard Extension Series (inch),NR,Stainless Steel,SS,ASTM A313,0.5,0.5,12.7,1.27,0.01,0.01,0.25,0.025,3,3,76.2,7.62,0.05,0.05,1.27,0.127,17.36,17.36,3.04,30.4,0.31,3.1,310,3100,1.736,1.736,0.304,3.04,0.031,0.31,31,310,0.35,0.35,8.89,0.889,REF,Reference,Reference,Reference,29.678,29.7,0.075,0.075,1.91,0.191,Standard Loops,4.165,4.165,18.527,1.8892,1889.2,0.833,0.833,3.7054,0.37785,377.85,29.155,29.155,129.688,13.2247,13224.7,4.44,4.44,112.78,11.278,2.3,2.3,58.42,5.842,Factory Option,Passivate per ASTM A967,0.05688,0.35,0.35,8.89,0.889,Random,0.075,0.075,1.91,0.191
LE 075E 09 M,LE 075E 09 M,LE075E09M,Extension Spring,11,Stock,,Yes,Yes,Yes,Yes,Yes,Yes,Yes,Yes,Yes,Standard Extension Series (inch),NR,Music Wire,MW,ASTM A228,0.5,0.5,12.7,1.27,0.01,0.01,0.25,0.025,3.5,3.5,88.9,8.89,0.06,0.06,1.52,0.152,17.02,17.02,2.981,29.81,0.3039,3.039,303.9,3039,1.702,1.702,0.2981,2.981,0.03039,0.3039,30.39,303.9,0.35,0.35,8.89,0.889,REF,Reference,Reference,Reference,36.3253,36.3,0.075,0.075,1.91,0.191,Standard Loops,5,5,22.241,2.268,2268,1,1,4.4482,0.4536,453.6,35,35,155.688,15.876,15876,5.26,5.26,133.6,13.36,2.8,2.8,71.12,7.112,Factory Option,Zinc Plate and Bake per ASTM B633,0.06753,0.35,0.35,8.89,0.889,Random,0.075,0.075,1.91,0.191
LE 075E 09 S,LE 075E 09 S,LE075E09S,Extension Spring,11,Stock,,Yes,Yes,Yes,Yes,Yes,Yes,Yes,Yes,Yes,Standard Extension Series (inch),NR,Stainless Steel,SS,ASTM A313,0.5,0.5,12.7,1.27,0.01,0.01,0.25,0.025,3.5,3.5,88.9,8.89,0.06,0.06,1.52,0.152,14.18,14.18,2.483,24.83,0.2532,2.532,253.2,2532,1.418,1.418,0.2483,2.483,0.02532,0.2532,25.32,253.2,0.35,0.35,8.89,0.889,REF,Reference,Reference,Reference,36.3339,36.3,0.075,0.075,1.91,0.191,Standard Loops,4.165,4.165,18.527,1.8892,1889.2,0.833,0.833,3.7054,0.37785,377.85,29.155,29.155,129.688,13.2247,13224.7,5.26,5.26,133.6,13.36,2.8,2.8,71.12,7.112,Factory Option,Passivate per ASTM A967,0.06884,0.35,0.35,8.89,0.889,Random,0.075,0.075,1.91,0.191
LE 075E 10 M,LE 075E 10 M,LE075E10M,Extension Spring,11,Stock,,Yes,Yes,Yes,Yes,Yes,Yes,Yes,Yes,Yes,Standard Extension Series (inch),NR,Music Wire,MW,ASTM A228,0.5,0.5,12.7,1.27,0.01,0.01,0.25,0.025,4,4,101.6,10.16,0.06,0.06,1.52,0.152,14.38,14.38,2.518,25.18,0.2568,2.568,256.8,2568,1.438,1.438,0.2518,2.518,0.02568,0.2568,25.68,256.8,0.35,0.35,8.89,0.889,REF,Reference,Reference,Reference,42.9942,43,0.075,0.075,1.91,0.191,Standard Loops,5,5,22.241,2.268,2268,1,1,4.4482,0.4536,453.6,35,35,155.688,15.876,15876,6.09,6.09,154.69,15.469,3.3,3.3,83.82,8.382,Factory Option,Zinc Plate and Bake per ASTM B633,0.07929,0.35,0.35,8.89,0.889,Random,0.075,0.075,1.91,0.191
LE 075E 10 S,LE 075E 10 S,LE075E10S,Extension Spring,11,Stock,,Yes,Yes,Yes,Yes,Yes,Yes,Yes,Yes,Yes,Standard Extension Series (inch),NR,Stainless Steel,SS,ASTM A313,0.5,0.5,12.7,1.27,0.01,0.01,0.25,0.025,4,4,101.6,10.16,0.06,0.06,1.52,0.152,11.98,11.98,2.098,20.98,0.2139,2.139,213.9,2139,1.198,1.198,0.2098,2.098,0.02139,0.2139,21.39,213.9,0.35,0.35,8.89,0.889,REF,Reference,Reference,Reference,43.0062,43,0.075,0.075,1.91,0.191,Standard Loops,4.165,4.165,18.527,1.8892,1889.2,0.833,0.833,3.7054,0.37785,377.85,29.155,29.155,129.688,13.2247,13224.7,6.09,6.09,154.69,15.469,3.3,3.3,83.82,8.382,Factory Option,Passivate per ASTM A967,0.08082,0.35,0.35,8.89,0.889,Random,0.075,0.075,1.91,0.191
LE 075E 11 M,LE 075E 11 M,LE075E11M,Extension Spring,11,Stock,,Yes,Yes,Yes,Yes,Yes,Yes,Yes,Yes,Yes,Standard Extension Series (inch),NR,Music Wire,MW,ASTM A228,0.5,0.5,12.7,1.27,0.01,0.01,0.25,0.025,4.5,4.5,114.3,11.43,0.075,0.075,1.91,0.191,12.45,12.45,2.18,21.8,0.2223,2.223,222.3,2223,1.245,1.245,0.218,2.18,0.02223,0.2223,22.23,222.3,0.35,0.35,8.89,0.889,REF,Reference,Reference,Reference,49.6592,49.7,0.075,0.075,1.91,0.191,Standard Loops,5,5,22.241,2.268,2268,1,1,4.4482,0.4536,453.6,35,35,155.688,15.876,15876,6.91,6.91,175.51,17.551,3.8,3.8,96.52,9.652,Factory Option,Zinc Plate and Bake per ASTM B633,0.09103,0.35,0.35,8.89,0.889,Random,0.075,0.075,1.91,0.191
LE 075E 11 S,LE 075E 11 S,LE075E11S,Extension Spring,11,Stock,,Yes,Yes,Yes,Yes,Yes,Yes,Yes,Yes,Yes,Standard Extension Series (inch),NR,Stainless Steel,SS,ASTM A313,0.5,0.5,12.7,1.27,0.01,0.01,0.25,0.025,4.5,4.5,114.3,11.43,0.075,0.075,1.91,0.191,10.37,10.37,1.816,18.16,0.1852,1.852,185.2,1852,1.037,1.037,0.1816,1.816,0.01852,0.1852,18.52,185.2,0.35,0.35,8.89,0.889,REF,Reference,Reference,Reference,49.6831,49.7,0.075,0.075,1.91,0.191,Standard Loops,4.165,4.165,18.527,1.8892,1889.2,0.833,0.833,3.7054,0.37785,377.85,29.155,29.155,129.688,13.2247,13224.7,6.91,6.91,175.51,17.551,3.8,3.8,96.52,9.652,Factory Option,Passivate per ASTM A967,0.09281,0.35,0.35,8.89,0.889,Random,0.075,0.075,1.91,0.191
LE 075E 12 M,LE 075E 12 M,LE075E12M,Extension Spring,11,Stock,,Yes,Yes,Yes,Yes,Yes,Yes,Yes,Yes,Yes,Standard Extension Series (inch),NR,Music Wire,MW,ASTM A228,0.5,0.5,12.7,1.27,0.01,0.01,0.25,0.025,5,5,127,12.7,0.075,0.075,1.91,0.191,10.97,10.97,1.921,19.21,0.1959,1.959,195.9,1959,1.097,1.097,0.1921,1.921,0.01959,0.1959,19.59,195.9,0.35,0.35,8.89,0.889,REF,Reference,Reference,Reference,56.359,56.4,0.075,0.075,1.91,0.191,Standard Loops,5,5,22.241,2.268,2268,1,1,4.4482,0.4536,453.6,35,35,155.688,15.876,15876,7.73,7.73,196.34,19.634,4.3,4.3,109.22,10.922,Factory Option,Zinc Plate and Bake per ASTM B633,0.10284,0.35,0.35,8.89,0.889,Random,0.075,0.075,1.91,0.191
LE 075E 12 S,LE 075E 12 S,LE075E12S,Extension Spring,11,Stock,,Yes,Yes,Yes,Yes,Yes,Yes,Yes,Yes,Yes,Standard Extension Series (inch),NR,Stainless Steel,SS,ASTM A313,0.5,0.5,12.7,1.27,0.01,0.01,0.25,0.025,5,5,127,12.7,0.075,0.075,1.91,0.191,9.14,9.14,1.601,16.01,0.1632,1.632,163.2,1632,0.914,0.914,0.1601,1.601,0.01632,0.1632,16.32,163.2,0.35,0.35,8.89,0.889,REF,Reference,Reference,Reference,56.3692,56.4,0.075,0.075,1.91,0.191,Standard Loops,4.165,4.165,18.527,1.8892,1889.2,0.833,0.833,3.7054,0.37785,377.85,29.155,29.155,129.688,13.2247,13224.7,7.73,7.73,196.34,19.634,4.3,4.3,109.22,10.922,Factory Option,Passivate per ASTM A967,0.10481,0.35,0.35,8.89,0.889,Random,0.075,0.075,1.91,0.191
LE 075E 1A M,LE 075E 1A M,LE075E1AM,Extension Spring,11,Stock,,Yes,Yes,Yes,Yes,Yes,Yes,Yes,Yes,Yes,Standard Extension Series (inch),NR,Music Wire,MW,ASTM A228,0.5,0.5,12.7,1.27,0.01,0.01,0.25,0.025,1.375,1.375,34.93,3.493,0.035,0.035,0.89,0.089,77.28,77.28,13.534,135.34,1.3801,13.801,1380.1,13801,7.728,7.728,1.3534,13.534,0.13801,1.3801,138.01,1380.1,0.35,0.35,8.89,0.889,REF,Reference,Reference,Reference,8,8,0.075,0.075,1.91,0.191,Standard Loops,5,5,22.241,2.268,2268,1,1,4.4482,0.4536,453.6,35,35,155.688,15.876,15876,1.763,1.763,44.78,4.478,0.675,0.675,17.15,1.715,Factory Option,Zinc Plate and Bake per ASTM B633,0.01759,0.35,0.35,8.89,0.889,Random,0.075,0.075,1.91,0.191
LE 075E 1A S,LE 075E 1A S,LE075E1AS,Extension Spring,11,Stock,,Yes,Yes,Yes,Yes,Yes,Yes,Yes,Yes,Yes,Standard Extension Series (inch),NR,Stainless Steel,SS,ASTM A313,0.5,0.5,12.7,1.27,0.01,0.01,0.25,0.025,1.375,1.375,34.93,3.493,0.035,0.035,0.89,0.089,64.4,64.4,11.279,112.79,1.1501,11.501,1150.1,11501,6.44,6.44,1.1279,11.279,0.11501,1.1501,115.01,1150.1,0.35,0.35,8.89,0.889,REF,Reference,Reference,Reference,8,8,0.075,0.075,1.91,0.191,Standard Loops,4.165,4.165,18.527,1.8892,1889.2,0.833,0.833,3.7054,0.37785,377.85,29.155,29.155,129.688,13.2247,13224.7,1.763,1.763,44.78,4.478,0.675,0.675,17.15,1.715,Factory Option,Passivate per ASTM A967,0.01771,0.35,0.35,8.89,0.889,Random,0.075,0.075,1.91,0.191
LE 075G 01 M,LE 075G 01 M,LE075G01M,Extension Spring,11,Stock,,Yes,Yes,Yes,Yes,Yes,Yes,Yes,Yes,Yes,Standard Extension Series (inch),NR,Music Wire,MW,ASTM A228,0.75,0.75,19.05,1.905,0.015,0.015,0.38,0.038,2,2,50.8,5.08,0.04,0.04,1.02,0.102,16.2,16.2,2.837,28.37,0.2893,2.893,289.3,2893,1.62,1.62,0.2837,2.837,0.02893,0.2893,28.93,289.3,0.6,0.6,15.24,1.524,REF,Reference,Reference,Reference,9.5259,9.5,0.075,0.075,1.91,0.191,Standard Loops,2,2,8.896,0.9072,907.2,0.4,0.4,1.7793,0.18144,181.44,20.7,20.7,92.078,9.3895,9389.5,3.15,3.15,80.01,8.001,0.8,0.8,20.32,2.032,Factory Option,Zinc Plate and Bake per ASTM B633,0.03226,0.6,0.6,15.24,1.524,Random,0.075,0.075,1.91,0.191
LE 075G 01 S,LE 075G 01 S,LE075G01S,Extension Spring,11,Stock,,Yes,Yes,Yes,Yes,Yes,Yes,Yes,Yes,Yes,Standard Extension Series (inch),NR,Stainless Steel,SS,ASTM A313,0.75,0.75,19.05,1.905,0.015,0.015,0.38,0.038,2,2,50.8,5.08,0.04,0.04,1.02,0.102,13.49,13.49,2.363,23.63,0.2409,2.409,240.9,2409,1.349,1.349,0.2363,2.363,0.02409,0.2409,24.09,240.9,0.6,0.6,15.24,1.524,REF,Reference,Reference,Reference,9.533,9.5,0.075,0.075,1.91,0.191,Standard Loops,1.666,1.666,7.411,0.7557,755.7,0.3332,0.3332,1.4821,0.15114,151.14,17.2431,17.2431,76.701,7.8215,7821.5,3.15,3.15,80.01,8.001,0.8,0.8,20.32,2.032,Factory Option,Passivate per ASTM A967,0.03289,0.6,0.6,15.24,1.524,Random,0.075,0.075,1.91,0.191
LE 075G 02 M,LE 075G 02 M,LE075G02M,Extension Spring,11,Stock,,Yes,Yes,Yes,Yes,Yes,Yes,Yes,Yes,Yes,Standard Extension Series (inch),NR,Music Wire,MW,ASTM A228,0.75,0.75,19.05,1.905,0.015,0.015,0.38,0.038,2.25,2.25,57.15,5.715,0.05,0.05,1.27,0.127,11.8,11.8,2.067,20.67,0.2107,2.107,210.7,2107,1.18,1.18,0.2067,2.067,0.02107,0.2107,21.07,210.7,0.6,0.6,15.24,1.524,REF,Reference,Reference,Reference,13.078,13.1,0.075,0.075,1.91,0.191,Standard Loops,2,2,8.896,0.9072,907.2,0.4,0.4,1.7793,0.18144,181.44,20.7,20.7,92.078,9.3895,9389.5,3.83,3.83,97.28,9.728,1.05,1.05,26.67,2.667,Factory Option,Zinc Plate and Bake per ASTM B633,0.0422,0.6,0.6,15.24,1.524,Random,0.075,0.075,1.91,0.191
LE 075G 02 S,LE 075G 02 S,LE075G02S,Extension Spring,11,Stock,,Yes,Yes,Yes,Yes,Yes,Yes,Yes,Yes,Yes,Standard Extension Series (inch),NR,Stainless Steel,SS,ASTM A313,0.75,0.75,19.05,1.905,0.015,0.015,0.38,0.038,2.25,2.25,57.15,5.715,0.05,0.05,1.27,0.127,9.83,9.83,1.722,17.22,0.1755,1.755,175.5,1755,0.983,0.983,0.1722,1.722,0.01755,0.1755,17.55,175.5,0.6,0.6,15.24,1.524,REF,Reference,Reference,Reference,13.0824,13.1,0.075,0.075,1.91,0.191,Standard Loops,1.666,1.666,7.411,0.7557,755.7,0.3332,0.3332,1.4821,0.15114,151.14,17.2431,17.2431,76.701,7.8215,7821.5,3.83,3.83,97.28,9.728,1.05,1.05,26.67,2.667,Factory Option,Passivate per ASTM A967,0.04302,0.6,0.6,15.24,1.524,Random,0.075,0.075,1.91,0.191
LE 075G 03 M,LE 075G 03 M,LE075G03M,Extension Spring,11,Stock,,Yes,Yes,Yes,Yes,Yes,Yes,Yes,Yes,Yes,Standard Extension Series (inch),NR,Music Wire,MW,ASTM A228,0.75,0.75,19.05,1.905,0.015,0.015,0.38,0.038,2.5,2.5,63.5,6.35,0.05,0.05,1.27,0.127,9.3,9.3,1.629,16.29,0.1661,1.661,166.1,1661,0.93,0.93,0.1629,1.629,0.01661,0.1661,16.61,166.1,0.6,0.6,15.24,1.524,REF,Reference,Reference,Reference,16.594,16.6,0.075,0.075,1.91,0.191,Standard Loops,2,2,8.896,0.9072,907.2,0.4,0.4,1.7793,0.18144,181.44,20.7,20.7,92.078,9.3895,9389.5,4.51,4.51,114.55,11.455,1.3,1.3,33.02,3.302,Factory Option,Zinc Plate and Bake per ASTM B633,0.05204,0.6,0.6,15.24,1.524,Random,0.075,0.075,1.91,0.191
LE 075G 03 S,LE 075G 03 S,LE075G03S,Extension Spring,11,Stock,,Yes,Yes,Yes,Yes,Yes,Yes,Yes,Yes,Yes,Standard Extension Series (inch),NR,Stainless Steel,SS,ASTM A313,0.75,0.75,19.05,1.905,0.015,0.015,0.38,0.038,2.5,2.5,63.5,6.35,0.05,0.05,1.27,0.127,7.75,7.75,1.357,13.57,0.1384,1.384,138.4,1384,0.775,0.775,0.1357,1.357,0.01384,0.1384,13.84,138.4,0.6,0.6,15.24,1.524,REF,Reference,Reference,Reference,16.5936,16.6,0.075,0.075,1.91,0.191,Standard Loops,1.666,1.666,7.411,0.7557,755.7,0.3332,0.3332,1.4821,0.15114,151.14,17.2431,17.2431,76.701,7.8215,7821.5,4.51,4.51,114.55,11.455,1.3,1.3,33.02,3.302,Factory Option,Passivate per ASTM A967,0.05303,0.6,0.6,15.24,1.524,Random,0.075,0.075,1.91,0.191
LE 075G 04 M,LE 075G 04 M,LE075G04M,Extension Spring,11,Stock,,Yes,Yes,Yes,Yes,Yes,Yes,Yes,Yes,Yes,Standard Extension Series (inch),NR,Music Wire,MW,ASTM A228,0.75,0.75,19.05,1.905,0.015,0.015,0.38,0.038,2.75,2.75,69.85,6.985,0.05,0.05,1.27,0.127,7.9,7.9,1.384,13.84,0.1411,1.411,141.1,1411,0.79,0.79,0.1384,1.384,0.01411,0.1411,14.11,141.1,0.6,0.6,15.24,1.524,REF,Reference,Reference,Reference,19.5343,19.5,0.075,0.075,1.91,0.191,Standard Loops,2,2,8.896,0.9072,907.2,0.4,0.4,1.7793,0.18144,181.44,20.7,20.7,92.078,9.3895,9389.5,5.12,5.12,130.05,13.005,1.55,1.55,39.37,3.937,Factory Option,Zinc Plate and Bake per ASTM B633,0.06027,0.6,0.6,15.24,1.524,Random,0.075,0.075,1.91,0.191
LE 075G 04 S,LE 075G 04 S,LE075G04S,Extension Spring,11,Stock,,Yes,Yes,Yes,Yes,Yes,Yes,Yes,Yes,Yes,Standard Extension Series (inch),NR,Stainless Steel,SS,ASTM A313,0.75,0.75,19.05,1.905,0.015,0.015,0.38,0.038,2.75,2.75,69.85,6.985,0.05,0.05,1.27,0.127,6.58,6.58,1.152,11.52,0.1175,1.175,117.5,1175,0.658,0.658,0.1152,1.152,0.01175,0.1175,11.75,117.5,0.6,0.6,15.24,1.524,REF,Reference,Reference,Reference,19.5441,19.5,0.075,0.075,1.91,0.191,Standard Loops,1.666,1.666,7.411,0.7557,755.7,0.3332,0.3332,1.4821,0.15114,151.14,17.2431,17.2431,76.701,7.8215,7821.5,5.12,5.12,130.05,13.005,1.55,1.55,39.37,3.937,Factory Option,Passivate per ASTM A967,0.06144,0.6,0.6,15.24,1.524,Random,0.075,0.075,1.91,0.191
LE 075G 05 M,LE 075G 05 M,LE075G05M,Extension Spring,11,Stock,,Yes,Yes,Yes,Yes,Yes,Yes,Yes,Yes,Yes,Standard Extension Series (inch),NR,Music Wire,MW,ASTM A228,0.75,0.75,19.05,1.905,0.015,0.015,0.38,0.038,3,3,76.2,7.62,0.05,0.05,1.27,0.127,6.7,6.7,1.173,11.73,0.1196,1.196,119.6,1196,0.67,0.67,0.1173,1.173,0.01196,0.1196,11.96,119.6,0.6,0.6,15.24,1.524,REF,Reference,Reference,Reference,23.0329,23,0.075,0.075,1.91,0.191,Standard Loops,2,2,8.896,0.9072,907.2,0.4,0.4,1.7793,0.18144,181.44,20.7,20.7,92.078,9.3895,9389.5,5.79,5.79,147.07,14.707,1.8,1.8,45.72,4.572,Factory Option,Zinc Plate and Bake per ASTM B633,0.07006,0.6,0.6,15.24,1.524,Random,0.075,0.075,1.91,0.191
LE 075G 05 S,LE 075G 05 S,LE075G05S,Extension Spring,11,Stock,,Yes,Yes,Yes,Yes,Yes,Yes,Yes,Yes,Yes,Standard Extension Series (inch),NR,Stainless Steel,SS,ASTM A313,0.75,0.75,19.05,1.905,0.015,0.015,0.38,0.038,3,3,76.2,7.62,0.05,0.05,1.27,0.127,5.58,5.58,0.977,9.77,0.0996,0.996,99.6,996,0.558,0.558,0.0977,0.977,0.00996,0.0996,9.96,99.6,0.6,0.6,15.24,1.524,REF,Reference,Reference,Reference,23.0467,23,0.075,0.075,1.91,0.191,Standard Loops,1.666,1.666,7.411,0.7557,755.7,0.3332,0.3332,1.4821,0.15114,151.14,17.2431,17.2431,76.701,7.8215,7821.5,5.79,5.79,147.07,14.707,1.8,1.8,45.72,4.572,Factory Option,Passivate per ASTM A967,0.07143,0.6,0.6,15.24,1.524,Random,0.075,0.075,1.91,0.191
LE 075G 06 M,LE 075G 06 M,LE075G06M,Extension Spring,11,Stock,,Yes,Yes,Yes,Yes,Yes,Yes,Yes,Yes,Yes,Standard Extension Series (inch),NR,Music Wire,MW,ASTM A228,0.75,0.75,19.05,1.905,0.015,0.015,0.38,0.038,3.5,3.5,88.9,8.89,0.06,0.06,1.52,0.152,5.2,5.2,0.911,9.11,0.0929,0.929,92.9,929,0.52,0.52,0.0911,0.911,0.00929,0.0929,9.29,92.9,0.6,0.6,15.24,1.524,REF,Reference,Reference,Reference,29.6771,29.7,0.075,0.075,1.91,0.191,Standard Loops,2,2,8.896,0.9072,907.2,0.4,0.4,1.7793,0.18144,181.44,20.7,20.7,92.078,9.3895,9389.5,7.1,7.1,180.34,18.034,2.3,2.3,58.42,5.842,Factory Option,Zinc Plate and Bake per ASTM B633,0.08865,0.6,0.6,15.24,1.524,Random,0.075,0.075,1.91,0.191
LE 075G 06 S,LE 075G 06 S,LE075G06S,Extension Spring,11,Stock,,Yes,Yes,Yes,Yes,Yes,Yes,Yes,Yes,Yes,Standard Extension Series (inch),NR,Stainless Steel,SS,ASTM A313,0.75,0.75,19.05,1.905,0.015,0.015,0.38,0.038,3.5,3.5,88.9,8.89,0.06,0.06,1.52,0.152,4.33,4.33,0.758,7.58,0.0773,0.773,77.3,773,0.433,0.433,0.0758,0.758,0.00773,0.0773,7.73,77.3,0.6,0.6,15.24,1.524,REF,Reference,Reference,Reference,29.6999,29.7,0.075,0.075,1.91,0.191,Standard Loops,1.666,1.666,7.411,0.7557,755.7,0.3332,0.3332,1.4821,0.15114,151.14,17.2431,17.2431,76.701,7.8215,7821.5,7.1,7.1,180.34,18.034,2.3,2.3,58.42,5.842,Factory Option,Passivate per ASTM A967,0.09041,0.6,0.6,15.24,1.524,Random,0.075,0.075,1.91,0.191
LE 075G 07 M,LE 075G 07 M,LE075G07M,Extension Spring,11,Stock,,Yes,Yes,Yes,Yes,Yes,Yes,Yes,Yes,Yes,Standard Extension Series (inch),NR,Music Wire,MW,ASTM A228,0.75,0.75,19.05,1.905,0.015,0.015,0.38,0.038,4,4,101.6,10.16,0.06,0.06,1.52,0.152,4.3,4.3,0.753,7.53,0.0768,0.768,76.8,768,0.43,0.43,0.0753,0.753,0.00768,0.0768,7.68,76.8,0.6,0.6,15.24,1.524,REF,Reference,Reference,Reference,35.8886,35.9,0.075,0.075,1.91,0.191,Standard Loops,2,2,8.896,0.9072,907.2,0.4,0.4,1.7793,0.18144,181.44,20.7,20.7,92.078,9.3895,9389.5,8.35,8.35,212.09,21.209,2.8,2.8,71.12,7.112,Factory Option,Zinc Plate and Bake per ASTM B633,0.10604,0.6,0.6,15.24,1.524,Random,0.075,0.075,1.91,0.191
LE 075G 07 S,LE 075G 07 S,LE075G07S,Extension Spring,11,Stock,,Yes,Yes,Yes,Yes,Yes,Yes,Yes,Yes,Yes,Standard Extension Series (inch),NR,Stainless Steel,SS,ASTM A313,0.75,0.75,19.05,1.905,0.015,0.015,0.38,0.038,4,4,101.6,10.16,0.06,0.06,1.52,0.152,3.58,3.58,0.627,6.27,0.0639,0.639,63.9,639,0.358,0.358,0.0627,0.627,0.00639,0.0639,6.39,63.9,0.6,0.6,15.24,1.524,REF,Reference,Reference,Reference,35.922,35.9,0.075,0.075,1.91,0.191,Standard Loops,1.666,1.666,7.411,0.7557,755.7,0.3332,0.3332,1.4821,0.15114,151.14,17.2431,17.2431,76.701,7.8215,7821.5,8.35,8.35,212.09,21.209,2.8,2.8,71.12,7.112,Factory Option,Passivate per ASTM A967,0.10815,0.6,0.6,15.24,1.524,Random,0.075,0.075,1.91,0.191
LE 075G 08 M,LE 075G 08 M,LE075G08M,Extension Spring,11,Stock,,Yes,Yes,Yes,Yes,Yes,Yes,Yes,Yes,Yes,Standard Extension Series (inch),NR,Music Wire,MW,ASTM A228,0.75,0.75,19.05,1.905,0.015,0.015,0.38,0.038,4.5,4.5,114.3,11.43,0.075,0.075,1.91,0.191,3.6,3.6,0.63,6.3,0.0643,0.643,64.3,643,0.36,0.36,0.063,0.63,0.00643,0.0643,6.43,64.3,0.6,0.6,15.24,1.524,REF,Reference,Reference,Reference,42.8669,42.9,0.075,0.075,1.91,0.191,Standard Loops,2,2,8.896,0.9072,907.2,0.4,0.4,1.7793,0.18144,181.44,20.7,20.7,92.078,9.3895,9389.5,9.69,9.69,246.13,24.613,3.3,3.3,83.82,8.382,Factory Option,Zinc Plate and Bake per ASTM B633,0.12557,0.6,0.6,15.24,1.524,Random,0.075,0.075,1.91,0.191
LE 075G 08 S,LE 075G 08 S,LE075G08S,Extension Spring,11,Stock,,Yes,Yes,Yes,Yes,Yes,Yes,Yes,Yes,Yes,Standard Extension Series (inch),NR,Stainless Steel,SS,ASTM A313,0.75,0.75,19.05,1.905,0.015,0.015,0.38,0.038,4.5,4.5,114.3,11.43,0.075,0.075,1.91,0.191,3,3,0.525,5.25,0.0536,0.536,53.6,536,0.3,0.3,0.0525,0.525,0.00536,0.0536,5.36,53.6,0.6,0.6,15.24,1.524,REF,Reference,Reference,Reference,42.8669,42.9,0.075,0.075,1.91,0.191,Standard Loops,1.666,1.666,7.411,0.7557,755.7,0.3332,0.3332,1.4821,0.15114,151.14,17.2431,17.2431,76.701,7.8215,7821.5,9.69,9.69,246.13,24.613,3.3,3.3,83.82,8.382,Factory Option,Passivate per ASTM A967,0.12796,0.6,0.6,15.24,1.524,Random,0.075,0.075,1.91,0.191
LE 075G 09 M,LE 075G 09 M,LE075G09M,Extension Spring,11,Stock,,Yes,Yes,Yes,Yes,Yes,Yes,Yes,Yes,Yes,Standard Extension Series (inch),NR,Music Wire,MW,ASTM A228,0.75,0.75,19.05,1.905,0.015,0.015,0.38,0.038,5,5,127,12.7,0.075,0.075,1.91,0.191,3.1,3.1,0.543,5.43,0.0554,0.554,55.4,554,0.31,0.31,0.0543,0.543,0.00554,0.0554,5.54,55.4,0.6,0.6,15.24,1.524,REF,Reference,Reference,Reference,49.7809,49.8,0.075,0.075,1.91,0.191,Standard Loops,2,2,8.896,0.9072,907.2,0.4,0.4,1.7793,0.18144,181.44,20.7,20.7,92.078,9.3895,9389.5,11.03,11.03,280.16,28.016,3.8,3.8,96.52,9.652,Factory Option,Zinc Plate and Bake per ASTM B633,0.14492,0.6,0.6,15.24,1.524,Random,0.075,0.075,1.91,0.191
LE 075G 09 S,LE 075G 09 S,LE075G09S,Extension Spring,11,Stock,,Yes,Yes,Yes,Yes,Yes,Yes,Yes,Yes,Yes,Standard Extension Series (inch),NR,Stainless Steel,SS,ASTM A313,0.75,0.75,19.05,1.905,0.015,0.015,0.38,0.038,5,5,127,12.7,0.075,0.075,1.91,0.191,2.58,2.58,0.452,4.52,0.0461,0.461,46.1,461,0.258,0.258,0.0452,0.452,0.00461,0.0461,4.61,46.1,0.6,0.6,15.24,1.524,REF,Reference,Reference,Reference,49.8452,49.8,0.075,0.075,1.91,0.191,Standard Loops,1.666,1.666,7.411,0.7557,755.7,0.3332,0.3332,1.4821,0.15114,151.14,17.2431,17.2431,76.701,7.8215,7821.5,11.03,11.03,280.16,28.016,3.8,3.8,96.52,9.652,Factory Option,Passivate per ASTM A967,0.14786,0.6,0.6,15.24,1.524,Random,0.075,0.075,1.91,0.191
LE 075G 10 M,LE 075G 10 M,LE075G10M,Extension Spring,11,Stock,,Yes,Yes,Yes,Yes,Yes,Yes,Yes,Yes,Yes,Standard Extension Series (inch),NR,Music Wire,MW,ASTM A228,0.75,0.75,19.05,1.905,0.015,0.015,0.38,0.038,5.5,5.5,139.7,13.97,0.093,0.093,2.36,0.236,2.73,2.73,0.478,4.78,0.0488,0.488,48.8,488,0.273,0.273,0.0478,0.478,0.00488,0.0488,4.88,48.8,0.6,0.6,15.24,1.524,REF,Reference,Reference,Reference,56.5278,56.5,0.075,0.075,1.91,0.191,Standard Loops,2,2,8.896,0.9072,907.2,0.4,0.4,1.7793,0.18144,181.44,20.7,20.7,92.078,9.3895,9389.5,12.35,12.35,313.69,31.369,4.3,4.3,109.22,10.922,Factory Option,Zinc Plate and Bake per ASTM B633,0.1638,0.6,0.6,15.24,1.524,Random,0.075,0.075,1.91,0.191
LE 075G 10 S,LE 075G 10 S,LE075G10S,Extension Spring,11,Stock,,Yes,Yes,Yes,Yes,Yes,Yes,Yes,Yes,Yes,Standard Extension Series (inch),NR,Stainless Steel,SS,ASTM A313,0.75,0.75,19.05,1.905,0.015,0.015,0.38,0.038,5.5,5.5,139.7,13.97,0.093,0.093,2.36,0.236,2.27,2.27,0.398,3.98,0.0405,0.405,40.5,405,0.227,0.227,0.0398,0.398,0.00405,0.0405,4.05,40.5,0.6,0.6,15.24,1.524,REF,Reference,Reference,Reference,56.6523,56.7,0.075,0.075,1.91,0.191,Standard Loops,1.666,1.666,7.411,0.7557,755.7,0.3332,0.3332,1.4821,0.15114,151.14,17.2431,17.2431,76.701,7.8215,7821.5,12.35,12.35,313.69,31.369,4.3,4.3,109.22,10.922,Factory Option,Passivate per ASTM A967,0.16728,0.6,0.6,15.24,1.524,Random,0.075,0.075,1.91,0.191
LE 075G 11 M,LE 075G 11 M,LE075G11M,Extension Spring,11,Stock,,Yes,Yes,Yes,Yes,Yes,Yes,Yes,Yes,Yes,Standard Extension Series (inch),NR,Music Wire,MW,ASTM A228,0.75,0.75,19.05,1.905,0.015,0.015,0.38,0.038,6,6,152.4,15.24,0.093,0.093,2.36,0.236,2.45,2.45,0.429,4.29,0.0438,0.438,43.8,438,0.245,0.245,0.0429,0.429,0.00438,0.0438,4.38,43.8,0.6,0.6,15.24,1.524,REF,Reference,Reference,Reference,62.9881,63,0.075,0.075,1.91,0.191,Standard Loops,2,2,8.896,0.9072,907.2,0.4,0.4,1.7793,0.18144,181.44,20.7,20.7,92.078,9.3895,9389.5,13.63,13.63,346.2,34.62,4.8,4.8,121.92,12.192,Factory Option,Zinc Plate and Bake per ASTM B633,0.18188,0.6,0.6,15.24,1.524,Random,0.075,0.075,1.91,0.191
LE 075G 11 S,LE 075G 11 S,LE075G11S,Extension Spring,11,Stock,,Yes,Yes,Yes,Yes,Yes,Yes,Yes,Yes,Yes,Standard Extension Series (inch),NR,Stainless Steel,SS,ASTM A313,0.75,0.75,19.05,1.905,0.015,0.015,0.38,0.038,6,6,152.4,15.24,0.093,0.093,2.36,0.236,2.04,2.04,0.357,3.57,0.0364,0.364,36.4,364,0.204,0.204,0.0357,0.357,0.00364,0.0364,3.64,36.4,0.6,0.6,15.24,1.524,REF,Reference,Reference,Reference,63.0396,63,0.075,0.075,1.91,0.191,Standard Loops,1.666,1.666,7.411,0.7557,755.7,0.3332,0.3332,1.4821,0.15114,151.14,17.2431,17.2431,76.701,7.8215,7821.5,13.63,13.63,346.2,34.62,4.8,4.8,121.92,12.192,Factory Option,Passivate per ASTM A967,0.18549,0.6,0.6,15.24,1.524,Random,0.075,0.075,1.91,0.191
LE 075H 01 M,LE 075H 01 M,LE075H01M,Extension Spring,11,Stock,,Yes,Yes,Yes,Yes,Yes,Yes,Yes,Yes,Yes,Standard Extension Series (inch),NR,Music Wire,MW,ASTM A228,0.85,0.85,21.59,2.159,0.015,0.015,0.38,0.038,2.25,2.25,57.15,5.715,0.05,0.05,1.27,0.127,9.7,9.7,1.699,16.99,0.1732,1.732,173.2,1732,0.97,0.97,0.1699,1.699,0.01732,0.1732,17.32,173.2,0.7,0.7,17.78,1.778,REF,Reference,Reference,Reference,10.5113,10.5,0.075,0.075,1.91,0.191,Standard Loops,1.7,1.7,7.562,0.7711,771.1,0.34,0.34,1.5124,0.15422,154.22,18.4,18.4,81.847,8.3462,8346.2,3.97,3.97,100.84,10.084,0.85,0.85,21.59,2.159,Factory Option,Zinc Plate and Bake per ASTM B633,0.0402,0.7,0.7,17.78,1.778,Random,0.075,0.075,1.91,0.191
LE 075H 01 S,LE 075H 01 S,LE075H01S,Extension Spring,11,Stock,,Yes,Yes,Yes,Yes,Yes,Yes,Yes,Yes,Yes,Standard Extension Series (inch),NR,Stainless Steel,SS,ASTM A313,0.85,0.85,21.59,2.159,0.015,0.015,0.38,0.038,2.25,2.25,57.15,5.715,0.05,0.05,1.27,0.127,8.08,8.08,1.415,14.15,0.1443,1.443,144.3,1443,0.808,0.808,0.1415,1.415,0.01443,0.1443,14.43,144.3,0.7,0.7,17.78,1.778,REF,Reference,Reference,Reference,10.5157,10.5,0.075,0.075,1.91,0.191,Standard Loops,1.4161,1.4161,6.299,0.6423,642.3,0.28322,0.28322,1.2598,0.12847,128.47,15.3272,15.3272,68.179,6.9524,6952.4,3.97,3.97,100.84,10.084,0.85,0.85,21.59,2.159,Factory Option,Passivate per ASTM A967,0.04098,0.7,0.7,17.78,1.778,Random,0.075,0.075,1.91,0.191
LE 075H 02 M,LE 075H 02 M,LE075H02M,Extension Spring,11,Stock,,Yes,Yes,Yes,Yes,Yes,Yes,Yes,Yes,Yes,Standard Extension Series (inch),NR,Music Wire,MW,ASTM A228,0.85,0.85,21.59,2.159,0.015,0.015,0.38,0.038,2.5,2.5,63.5,6.35,0.05,0.05,1.27,0.127,7.5,7.5,1.313,13.13,0.1339,1.339,133.9,1339,0.75,0.75,0.1313,1.313,0.01339,0.1339,13.39,133.9,0.7,0.7,17.78,1.778,REF,Reference,Reference,Reference,13.5947,13.6,0.075,0.075,1.91,0.191,Standard Loops,1.7,1.7,7.562,0.7711,771.1,0.34,0.34,1.5124,0.15422,154.22,18.4,18.4,81.847,8.3462,8346.2,4.73,4.73,120.14,12.014,1.1,1.1,27.94,2.794,Factory Option,Zinc Plate and Bake per ASTM B633,0.05011,0.7,0.7,17.78,1.778,Random,0.075,0.075,1.91,0.191
LE 075H 02 S,LE 075H 02 S,LE075H02S,Extension Spring,11,Stock,,Yes,Yes,Yes,Yes,Yes,Yes,Yes,Yes,Yes,Standard Extension Series (inch),NR,Stainless Steel,SS,ASTM A313,0.85,0.85,21.59,2.159,0.015,0.015,0.38,0.038,2.5,2.5,63.5,6.35,0.05,0.05,1.27,0.127,6.25,6.25,1.095,10.95,0.1116,1.116,111.6,1116,0.625,0.625,0.1095,1.095,0.01116,0.1116,11.16,111.6,0.7,0.7,17.78,1.778,REF,Reference,Reference,Reference,13.5947,13.6,0.075,0.075,1.91,0.191,Standard Loops,1.4161,1.4161,6.299,0.6423,642.3,0.28322,0.28322,1.2598,0.12847,128.47,15.3272,15.3272,68.179,6.9524,6952.4,4.73,4.73,120.14,12.014,1.1,1.1,27.94,2.794,Factory Option,Passivate per ASTM A967,0.05106,0.7,0.7,17.78,1.778,Random,0.075,0.075,1.91,0.191
LE 075H 03 M,LE 075H 03 M,LE075H03M,Extension Spring,11,Stock,,Yes,Yes,Yes,Yes,Yes,Yes,Yes,Yes,Yes,Standard Extension Series (inch),NR,Music Wire,MW,ASTM A228,0.85,0.85,21.59,2.159,0.015,0.015,0.38,0.038,2.75,2.75,69.85,6.985,0.05,0.05,1.27,0.127,6,6,1.051,10.51,0.1071,1.071,107.1,1071,0.6,0.6,0.1051,1.051,0.01071,0.1071,10.71,107.1,0.7,0.7,17.78,1.778,REF,Reference,Reference,Reference,16.9933,17,0.075,0.075,1.91,0.191,Standard Loops,1.7,1.7,7.562,0.7711,771.1,0.34,0.34,1.5124,0.15422,154.22,18.4,18.4,81.847,8.3462,8346.2,5.53,5.53,140.46,14.046,1.35,1.35,34.29,3.429,Factory Option,Zinc Plate and Bake per ASTM B633,0.06103,0.7,0.7,17.78,1.778,Random,0.075,0.075,1.91,0.191
LE 075H 03 S,LE 075H 03 S,LE075H03S,Extension Spring,11,Stock,,Yes,Yes,Yes,Yes,Yes,Yes,Yes,Yes,Yes,Standard Extension Series (inch),NR,Stainless Steel,SS,ASTM A313,0.85,0.85,21.59,2.159,0.015,0.015,0.38,0.038,2.75,2.75,69.85,6.985,0.05,0.05,1.27,0.127,5,5,0.876,8.76,0.0893,0.893,89.3,893,0.5,0.5,0.0876,0.876,0.00893,0.0893,8.93,89.3,0.7,0.7,17.78,1.778,REF,Reference,Reference,Reference,16.9933,17,0.075,0.075,1.91,0.191,Standard Loops,1.4161,1.4161,6.299,0.6423,642.3,0.28322,0.28322,1.2598,0.12847,128.47,15.3272,15.3272,68.179,6.9524,6952.4,5.53,5.53,140.46,14.046,1.35,1.35,34.29,3.429,Factory Option,Passivate per ASTM A967,0.06219,0.7,0.7,17.78,1.778,Random,0.075,0.075,1.91,0.191
LE 075H 04 M,LE 075H 04 M,LE075H04M,Extension Spring,11,Stock,,Yes,Yes,Yes,Yes,Yes,Yes,Yes,Yes,Yes,Standard Extension Series (inch),NR,Music Wire,MW,ASTM A228,0.85,0.85,21.59,2.159,0.015,0.015,0.38,0.038,3,3,76.2,7.62,0.05,0.05,1.27,0.127,5,5,0.876,8.76,0.0893,0.893,89.3,893,0.5,0.5,0.0876,0.876,0.00893,0.0893,8.93,89.3,0.7,0.7,17.78,1.778,REF,Reference,Reference,Reference,20.392,20.4,0.075,0.075,1.91,0.191,Standard Loops,1.7,1.7,7.562,0.7711,771.1,0.34,0.34,1.5124,0.15422,154.22,18.4,18.4,81.847,8.3462,8346.2,6.34,6.34,161.04,16.104,1.6,1.6,40.64,4.064,Factory Option,Zinc Plate and Bake per ASTM B633,0.07195,0.7,0.7,17.78,1.778,Random,0.075,0.075,1.91,0.191
LE 075H 04 S,LE 075H 04 S,LE075H04S,Extension Spring,11,Stock,,Yes,Yes,Yes,Yes,Yes,Yes,Yes,Yes,Yes,Standard Extension Series (inch),NR,Stainless Steel,SS,ASTM A313,0.85,0.85,21.59,2.159,0.015,0.015,0.38,0.038,3,3,76.2,7.62,0.05,0.05,1.27,0.127,4.17,4.17,0.73,7.3,0.0745,0.745,74.5,745,0.417,0.417,0.073,0.73,0.00745,0.0745,7.45,74.5,0.7,0.7,17.78,1.778,REF,Reference,Reference,Reference,20.3757,20.4,0.075,0.075,1.91,0.191,Standard Loops,1.4161,1.4161,6.299,0.6423,642.3,0.28322,0.28322,1.2598,0.12847,128.47,15.3272,15.3272,68.179,6.9524,6952.4,6.34,6.34,161.04,16.104,1.6,1.6,40.64,4.064,Factory Option,Passivate per ASTM A967,0.07327,0.7,0.7,17.78,1.778,Random,0.075,0.075,1.91,0.191
LE 075H 05 M,LE 075H 05 M,LE075H05M,Extension Spring,11,Stock,,Yes,Yes,Yes,Yes,Yes,Yes,Yes,Yes,Yes,Standard Extension Series (inch),NR,Music Wire,MW,ASTM A228,0.85,0.85,21.59,2.159,0.015,0.015,0.38,0.038,3.5,3.5,88.9,8.89,0.06,0.06,1.52,0.152,3.8,3.8,0.666,6.66,0.0679,0.679,67.9,679,0.38,0.38,0.0666,0.666,0.00679,0.0679,6.79,67.9,0.7,0.7,17.78,1.778,REF,Reference,Reference,Reference,26.8316,26.8,0.075,0.075,1.91,0.191,Standard Loops,1.7,1.7,7.562,0.7711,771.1,0.34,0.34,1.5124,0.15422,154.22,18.4,18.4,81.847,8.3462,8346.2,7.89,7.89,200.41,20.041,2.1,2.1,53.34,5.334,Factory Option,Zinc Plate and Bake per ASTM B633,0.09264,0.7,0.7,17.78,1.778,Random,0.075,0.075,1.91,0.191
LE 075H 05 S,LE 075H 05 S,LE075H05S,Extension Spring,11,Stock,,Yes,Yes,Yes,Yes,Yes,Yes,Yes,Yes,Yes,Standard Extension Series (inch),NR,Stainless Steel,SS,ASTM A313,0.85,0.85,21.59,2.159,0.015,0.015,0.38,0.038,3.5,3.5,88.9,8.89,0.06,0.06,1.52,0.152,3.17,3.17,0.555,5.55,0.0566,0.566,56.6,566,0.317,0.317,0.0555,0.555,0.00566,0.0566,5.66,56.6,0.7,0.7,17.78,1.778,REF,Reference,Reference,Reference,26.8034,26.8,0.075,0.075,1.91,0.191,Standard Loops,1.4161,1.4161,6.299,0.6423,642.3,0.28322,0.28322,1.2598,0.12847,128.47,15.3272,15.3272,68.179,6.9524,6952.4,7.89,7.89,200.41,20.041,2.1,2.1,53.34,5.334,Factory Option,Passivate per ASTM A967,0.09432,0.7,0.7,17.78,1.778,Random,0.075,0.075,1.91,0.191
LE 075H 06 M,LE 075H 06 M,LE075H06M,Extension Spring,11,Stock,,Yes,Yes,Yes,Yes,Yes,Yes,Yes,Yes,Yes,Standard Extension Series (inch),NR,Music Wire,MW,ASTM A228,0.85,0.85,21.59,2.159,0.015,0.015,0.38,0.038,4,4,101.6,10.16,0.06,0.06,1.52,0.152,3,3,0.525,5.25,0.0536,0.536,53.6,536,0.3,0.3,0.0525,0.525,0.00536,0.0536,5.36,53.6,0.7,0.7,17.78,1.778,REF,Reference,Reference,Reference,33.9867,34,0.075,0.075,1.91,0.191,Standard Loops,1.7,1.7,7.562,0.7711,771.1,0.34,0.34,1.5124,0.15422,154.22,18.4,18.4,81.847,8.3462,8346.2,9.57,9.57,243.08,24.308,2.6,2.6,66.04,6.604,Factory Option,Zinc Plate and Bake per ASTM B633,0.11564,0.7,0.7,17.78,1.778,Random,0.075,0.075,1.91,0.191
LE 075H 06 S,LE 075H 06 S,LE075H06S,Extension Spring,11,Stock,,Yes,Yes,Yes,Yes,Yes,Yes,Yes,Yes,Yes,Standard Extension Series (inch),NR,Stainless Steel,SS,ASTM A313,0.85,0.85,21.59,2.159,0.015,0.015,0.38,0.038,4,4,101.6,10.16,0.06,0.06,1.52,0.152,2.5,2.5,0.438,4.38,0.0446,0.446,44.6,446,0.25,0.25,0.0438,0.438,0.00446,0.0446,4.46,44.6,0.7,0.7,17.78,1.778,REF,Reference,Reference,Reference,33.9867,34,0.075,0.075,1.91,0.191,Standard Loops,1.4161,1.4161,6.299,0.6423,642.3,0.28322,0.28322,1.2598,0.12847,128.47,15.3272,15.3272,68.179,6.9524,6952.4,9.57,9.57,243.08,24.308,2.6,2.6,66.04,6.604,Factory Option,Passivate per ASTM A967,0.11784,0.7,0.7,17.78,1.778,Random,0.075,0.075,1.91,0.191
LE 075H 07 M,LE 075H 07 M,LE075H07M,Extension Spring,11,Stock,,Yes,Yes,Yes,Yes,Yes,Yes,Yes,Yes,Yes,Standard Extension Series (inch),NR,Music Wire,MW,ASTM A228,0.85,0.85,21.59,2.159,0.015,0.015,0.38,0.038,4.5,4.5,114.3,11.43,0.075,0.075,1.91,0.191,2.5,2.5,0.438,4.38,0.0446,0.446,44.6,446,0.25,0.25,0.0438,0.438,0.00446,0.0446,4.46,44.6,0.7,0.7,17.78,1.778,REF,Reference,Reference,Reference,40.7841,40.8,0.075,0.075,1.91,0.191,Standard Loops,1.7,1.7,7.562,0.7711,771.1,0.34,0.34,1.5124,0.15422,154.22,18.4,18.4,81.847,8.3462,8346.2,11.18,11.18,283.97,28.397,3.1,3.1,78.74,7.874,Factory Option,Zinc Plate and Bake per ASTM B633,0.13748,0.7,0.7,17.78,1.778,Random,0.075,0.075,1.91,0.191
LE 075H 07 S,LE 075H 07 S,LE075H07S,Extension Spring,11,Stock,,Yes,Yes,Yes,Yes,Yes,Yes,Yes,Yes,Yes,Standard Extension Series (inch),NR,Stainless Steel,SS,ASTM A313,0.85,0.85,21.59,2.159,0.015,0.015,0.38,0.038,4.5,4.5,114.3,11.43,0.075,0.075,1.91,0.191,2.08,2.08,0.364,3.64,0.0371,0.371,37.1,371,0.208,0.208,0.0364,0.364,0.00371,0.0371,3.71,37.1,0.7,0.7,17.78,1.778,REF,Reference,Reference,Reference,40.8494,40.8,0.075,0.075,1.91,0.191,Standard Loops,1.4161,1.4161,6.299,0.6423,642.3,0.28322,0.28322,1.2598,0.12847,128.47,15.3272,15.3272,68.179,6.9524,6952.4,11.18,11.18,283.97,28.397,3.1,3.1,78.74,7.874,Factory Option,Passivate per ASTM A967,0.14031,0.7,0.7,17.78,1.778,Random,0.075,0.075,1.91,0.191
LE 075H 08 M,LE 075H 08 M,LE075H08M,Extension Spring,11,Stock,,Yes,Yes,Yes,Yes,Yes,Yes,Yes,Yes,Yes,Standard Extension Series (inch),NR,Music Wire,MW,ASTM A228,0.85,0.85,21.59,2.159,0.015,0.015,0.38,0.038,4.75,4.75,120.65,12.065,0.075,0.075,1.91,0.191,2.3,2.3,0.403,4.03,0.0411,0.411,41.1,411,0.23,0.23,0.0403,0.403,0.00411,0.0411,4.11,41.1,0.7,0.7,17.78,1.778,REF,Reference,Reference,Reference,44.3305,44.3,0.075,0.075,1.91,0.191,Standard Loops,1.7,1.7,7.562,0.7711,771.1,0.34,0.34,1.5124,0.15422,154.22,18.4,18.4,81.847,8.3462,8346.2,12.01,12.01,305.05,30.505,3.35,3.35,85.09,8.509,Factory Option,Zinc Plate and Bake per ASTM B633,0.14887,0.7,0.7,17.78,1.778,Random,0.075,0.075,1.91,0.191
LE 075H 08 S,LE 075H 08 S,LE075H08S,Extension Spring,11,Stock,,Yes,Yes,Yes,Yes,Yes,Yes,Yes,Yes,Yes,Standard Extension Series (inch),NR,Stainless Steel,SS,ASTM A313,0.85,0.85,21.59,2.159,0.015,0.015,0.38,0.038,4.75,4.75,120.65,12.065,0.075,0.075,1.91,0.191,1.92,1.92,0.336,3.36,0.0343,0.343,34.3,343,0.192,0.192,0.0336,0.336,0.00343,0.0343,3.43,34.3,0.7,0.7,17.78,1.778,REF,Reference,Reference,Reference,44.2536,44.3,0.075,0.075,1.91,0.191,Standard Loops,1.4161,1.4161,6.299,0.6423,642.3,0.28322,0.28322,1.2598,0.12847,128.47,15.3272,15.3272,68.179,6.9524,6952.4,12.01,12.01,305.05,30.505,3.35,3.35,85.09,8.509,Factory Option,Passivate per ASTM A967,0.15146,0.7,0.7,17.78,1.778,Random,0.075,0.075,1.91,0.191
LE 075H 09 M,LE 075H 09 M,LE075H09M,Extension Spring,11,Stock,,Yes,Yes,Yes,Yes,Yes,Yes,Yes,Yes,Yes,Standard Extension Series (inch),NR,Music Wire,MW,ASTM A228,0.85,0.85,21.59,2.159,0.015,0.015,0.38,0.038,5,5,127,12.7,0.075,0.075,1.91,0.191,2.2,2.2,0.385,3.85,0.0393,0.393,39.3,393,0.22,0.22,0.0385,0.385,0.00393,0.0393,3.93,39.3,0.7,0.7,17.78,1.778,REF,Reference,Reference,Reference,46.3456,46.3,0.075,0.075,1.91,0.191,Standard Loops,1.7,1.7,7.562,0.7711,771.1,0.34,0.34,1.5124,0.15422,154.22,18.4,18.4,81.847,8.3462,8346.2,12.59,12.59,319.79,31.979,3.6,3.6,91.44,9.144,Factory Option,Zinc Plate and Bake per ASTM B633,0.15535,0.7,0.7,17.78,1.778,Random,0.075,0.075,1.91,0.191
LE 075H 09 S,LE 075H 09 S,LE075H09S,Extension Spring,11,Stock,,Yes,Yes,Yes,Yes,Yes,Yes,Yes,Yes,Yes,Standard Extension Series (inch),NR,Stainless Steel,SS,ASTM A313,0.85,0.85,21.59,2.159,0.015,0.015,0.38,0.038,5,5,127,12.7,0.075,0.075,1.91,0.191,1.83,1.83,0.32,3.2,0.0327,0.327,32.7,327,0.183,0.183,0.032,0.32,0.00327,0.0327,3.27,32.7,0.7,0.7,17.78,1.778,REF,Reference,Reference,Reference,46.43,46.4,0.075,0.075,1.91,0.191,Standard Loops,1.4161,1.4161,6.299,0.6423,642.3,0.28322,0.28322,1.2598,0.12847,128.47,15.3272,15.3272,68.179,6.9524,6952.4,12.59,12.59,319.79,31.979,3.6,3.6,91.44,9.144,Factory Option,Passivate per ASTM A967,0.15858,0.7,0.7,17.78,1.778,Random,0.075,0.075,1.91,0.191
LE 075J 01 M,LE 075J 01 M,LE075J01M,Extension Spring,11,Stock,,Yes,Yes,Yes,Yes,Yes,Yes,Yes,Yes,Yes,Standard Extension Series (inch),NR,Music Wire,MW,ASTM A228,1,1,25.4,2.54,0.02,0.02,0.51,0.051,2.5,2.5,63.5,6.35,0.05,0.05,1.27,0.127,6.3,6.3,1.103,11.03,0.1125,1.125,112.5,1125,0.63,0.63,0.1103,1.103,0.01125,0.1125,11.25,112.5,0.85,0.85,21.59,2.159,REF,Reference,Reference,Reference,9.5185,9.5,0.075,0.075,1.91,0.191,Standard Loops,1.4,1.4,6.228,0.635,635,0.28,0.28,1.2455,0.12701,127.01,15.7,15.7,69.837,7.1215,7121.5,4.77,4.77,121.16,12.116,0.8,0.8,20.32,2.032,Factory Option,Zinc Plate and Bake per ASTM B633,0.04418,0.85,0.85,21.59,2.159,Random,0.075,0.075,1.91,0.191
LE 075J 01 S,LE 075J 01 S,LE075J01S,Extension Spring,11,Stock,,Yes,Yes,Yes,Yes,Yes,Yes,Yes,Yes,Yes,Standard Extension Series (inch),NR,Stainless Steel,SS,ASTM A313,1,1,25.4,2.54,0.02,0.02,0.51,0.051,2.5,2.5,63.5,6.35,0.05,0.05,1.27,0.127,5.25,5.25,0.919,9.19,0.0938,0.938,93.8,938,0.525,0.525,0.0919,0.919,0.00938,0.0938,9.38,93.8,0.85,0.85,21.59,2.159,REF,Reference,Reference,Reference,9.5185,9.5,0.075,0.075,1.91,0.191,Standard Loops,1.1662,1.1662,5.188,0.529,529,0.23324,0.23324,1.0375,0.1058,105.8,13.0781,13.0781,58.174,5.9322,5932.2,4.77,4.77,121.16,12.116,0.8,0.8,20.32,2.032,Factory Option,Passivate per ASTM A967,0.04502,0.85,0.85,21.59,2.159,Random,0.075,0.075,1.91,0.191
LE 075J 02 M,LE 075J 02 M,LE075J02M,Extension Spring,11,Stock,,Yes,Yes,Yes,Yes,Yes,Yes,Yes,Yes,Yes,Standard Extension Series (inch),NR,Music Wire,MW,ASTM A228,1,1,25.4,2.54,0.02,0.02,0.51,0.051,2.75,2.75,69.85,6.985,0.05,0.05,1.27,0.127,4.6,4.6,0.806,8.06,0.0821,0.821,82.1,821,0.46,0.46,0.0806,0.806,0.00821,0.0821,8.21,82.1,0.85,0.85,21.59,2.159,REF,Reference,Reference,Reference,13.0362,13,0.075,0.075,1.91,0.191,Standard Loops,1.4,1.4,6.228,0.635,635,0.28,0.28,1.2455,0.12701,127.01,15.7,15.7,69.837,7.1215,7121.5,5.86,5.86,148.84,14.884,1.05,1.05,26.67,2.667,Factory Option,Zinc Plate and Bake per ASTM B633,0.05767,0.85,0.85,21.59,2.159,Random,0.075,0.075,1.91,0.191
LE 075J 02 S,LE 075J 02 S,LE075J02S,Extension Spring,11,Stock,,Yes,Yes,Yes,Yes,Yes,Yes,Yes,Yes,Yes,Standard Extension Series (inch),NR,Stainless Steel,SS,ASTM A313,1,1,25.4,2.54,0.02,0.02,0.51,0.051,2.75,2.75,69.85,6.985,0.05,0.05,1.27,0.127,3.83,3.83,0.671,6.71,0.0684,0.684,68.4,684,0.383,0.383,0.0671,0.671,0.00684,0.0684,6.84,68.4,0.85,0.85,21.59,2.159,REF,Reference,Reference,Reference,13.0476,13,0.075,0.075,1.91,0.191,Standard Loops,1.1662,1.1662,5.188,0.529,529,0.23324,0.23324,1.0375,0.1058,105.8,13.0781,13.0781,58.174,5.9322,5932.2,5.86,5.86,148.84,14.884,1.05,1.05,26.67,2.667,Factory Option,Passivate per ASTM A967,0.05881,0.85,0.85,21.59,2.159,Random,0.075,0.075,1.91,0.191
LE 075J 03 M,LE 075J 03 M,LE075J03M,Extension Spring,11,Stock,,Yes,Yes,Yes,Yes,Yes,Yes,Yes,Yes,Yes,Standard Extension Series (inch),NR,Music Wire,MW,ASTM A228,1,1,25.4,2.54,0.02,0.02,0.51,0.051,3,3,76.2,7.62,0.05,0.05,1.27,0.127,3.6,3.6,0.63,6.3,0.0643,0.643,64.3,643,0.36,0.36,0.063,0.63,0.00643,0.0643,6.43,64.3,0.85,0.85,21.59,2.159,REF,Reference,Reference,Reference,16.6574,16.7,0.075,0.075,1.91,0.191,Standard Loops,1.4,1.4,6.228,0.635,635,0.28,0.28,1.2455,0.12701,127.01,15.7,15.7,69.837,7.1215,7121.5,6.97,6.97,177.04,17.704,1.3,1.3,33.02,3.302,Factory Option,Zinc Plate and Bake per ASTM B633,0.07156,0.85,0.85,21.59,2.159,Random,0.075,0.075,1.91,0.191
LE 075J 03 S,LE 075J 03 S,LE075J03S,Extension Spring,11,Stock,,Yes,Yes,Yes,Yes,Yes,Yes,Yes,Yes,Yes,Standard Extension Series (inch),NR,Stainless Steel,SS,ASTM A313,1,1,25.4,2.54,0.02,0.02,0.51,0.051,3,3,76.2,7.62,0.05,0.05,1.27,0.127,3,3,0.525,5.25,0.0536,0.536,53.6,536,0.3,0.3,0.0525,0.525,0.00536,0.0536,5.36,53.6,0.85,0.85,21.59,2.159,REF,Reference,Reference,Reference,16.6574,16.7,0.075,0.075,1.91,0.191,Standard Loops,1.1662,1.1662,5.188,0.529,529,0.23324,0.23324,1.0375,0.1058,105.8,13.0781,13.0781,58.174,5.9322,5932.2,6.97,6.97,177.04,17.704,1.3,1.3,33.02,3.302,Factory Option,Passivate per ASTM A967,0.07292,0.85,0.85,21.59,2.159,Random,0.075,0.075,1.91,0.191
LE 075J 04 M,LE 075J 04 M,LE075J04M,Extension Spring,11,Stock,,Yes,Yes,Yes,Yes,Yes,Yes,Yes,Yes,Yes,Standard Extension Series (inch),NR,Music Wire,MW,ASTM A228,1,1,25.4,2.54,0.02,0.02,0.51,0.051,3.5,3.5,88.9,8.89,0.06,0.06,1.52,0.152,2.6,2.6,0.455,4.55,0.0464,0.464,46.4,464,0.26,0.26,0.0455,0.455,0.00464,0.0464,4.64,46.4,0.85,0.85,21.59,2.159,REF,Reference,Reference,Reference,23.0641,23.1,0.075,0.075,1.91,0.191,Standard Loops,1.4,1.4,6.228,0.635,635,0.28,0.28,1.2455,0.12701,127.01,15.7,15.7,69.837,7.1215,7121.5,9,9,228.6,22.86,1.8,1.8,45.72,4.572,Factory Option,Zinc Plate and Bake per ASTM B633,0.09613,0.85,0.85,21.59,2.159,Random,0.075,0.075,1.91,0.191
LE 075J 04 S,LE 075J 04 S,LE075J04S,Extension Spring,11,Stock,,Yes,Yes,Yes,Yes,Yes,Yes,Yes,Yes,Yes,Standard Extension Series (inch),NR,Stainless Steel,SS,ASTM A313,1,1,25.4,2.54,0.02,0.02,0.51,0.051,3.5,3.5,88.9,8.89,0.06,0.06,1.52,0.152,2.17,2.17,0.38,3.8,0.0388,0.388,38.8,388,0.217,0.217,0.038,0.38,0.00388,0.0388,3.88,38.8,0.85,0.85,21.59,2.159,REF,Reference,Reference,Reference,23.0287,23,0.075,0.075,1.91,0.191,Standard Loops,1.1662,1.1662,5.188,0.529,529,0.23324,0.23324,1.0375,0.1058,105.8,13.0781,13.0781,58.174,5.9322,5932.2,9,9,228.6,22.86,1.8,1.8,45.72,4.572,Factory Option,Passivate per ASTM A967,0.09782,0.85,0.85,21.59,2.159,Random,0.075,0.075,1.91,0.191
LE 075J 05 M,LE 075J 05 M,LE075J05M,Extension Spring,11,Stock,,Yes,Yes,Yes,Yes,Yes,Yes,Yes,Yes,Yes,Standard Extension Series (inch),NR,Music Wire,MW,ASTM A228,1,1,25.4,2.54,0.02,0.02,0.51,0.051,4,4,101.6,10.16,0.06,0.06,1.52,0.152,2,2,0.35,3.5,0.0357,0.357,35.7,357,0.2,0.2,0.035,0.35,0.00357,0.0357,3.57,35.7,0.85,0.85,21.59,2.159,REF,Reference,Reference,Reference,29.9834,30,0.075,0.075,1.91,0.191,Standard Loops,1.4,1.4,6.228,0.635,635,0.28,0.28,1.2455,0.12701,127.01,15.7,15.7,69.837,7.1215,7121.5,11.15,11.15,283.21,28.321,2.3,2.3,58.42,5.842,Factory Option,Zinc Plate and Bake per ASTM B633,0.12266,0.85,0.85,21.59,2.159,Random,0.075,0.075,1.91,0.191
LE 075J 05 S,LE 075J 05 S,LE075J05S,Extension Spring,11,Stock,,Yes,Yes,Yes,Yes,Yes,Yes,Yes,Yes,Yes,Standard Extension Series (inch),NR,Stainless Steel,SS,ASTM A313,1,1,25.4,2.54,0.02,0.02,0.51,0.051,4,4,101.6,10.16,0.06,0.06,1.52,0.152,1.67,1.67,0.292,2.92,0.0298,0.298,29.8,298,0.167,0.167,0.0292,0.292,0.00298,0.0298,2.98,29.8,0.85,0.85,21.59,2.159,REF,Reference,Reference,Reference,29.9235,29.9,0.075,0.075,1.91,0.191,Standard Loops,1.1662,1.1662,5.188,0.529,529,0.23324,0.23324,1.0375,0.1058,105.8,13.0781,13.0781,58.174,5.9322,5932.2,11.15,11.15,283.21,28.321,2.3,2.3,58.42,5.842,Factory Option,Passivate per ASTM A967,0.12477,0.85,0.85,21.59,2.159,Random,0.075,0.075,1.91,0.191
LE 075J 06 M,LE 075J 06 M,LE075J06M,Extension Spring,11,Stock,,Yes,Yes,Yes,Yes,Yes,Yes,Yes,Yes,Yes,Standard Extension Series (inch),NR,Music Wire,MW,ASTM A228,1,1,25.4,2.54,0.02,0.02,0.51,0.051,4.5,4.5,114.3,11.43,0.075,0.075,1.91,0.191,1.7,1.7,0.298,2.98,0.0304,0.304,30.4,304,0.17,0.17,0.0298,0.298,0.00304,0.0304,3.04,30.4,0.85,0.85,21.59,2.159,REF,Reference,Reference,Reference,35.2746,35.3,0.075,0.075,1.91,0.191,Standard Loops,1.4,1.4,6.228,0.635,635,0.28,0.28,1.2455,0.12701,127.01,15.7,15.7,69.837,7.1215,7121.5,12.91,12.91,327.91,32.791,2.8,2.8,71.12,7.112,Factory Option,Zinc Plate and Bake per ASTM B633,0.14296,0.85,0.85,21.59,2.159,Random,0.075,0.075,1.91,0.191
LE 075J 06 S,LE 075J 06 S,LE075J06S,Extension Spring,11,Stock,,Yes,Yes,Yes,Yes,Yes,Yes,Yes,Yes,Yes,Standard Extension Series (inch),NR,Stainless Steel,SS,ASTM A313,1,1,25.4,2.54,0.02,0.02,0.51,0.051,4.5,4.5,114.3,11.43,0.075,0.075,1.91,0.191,1.42,1.42,0.249,2.49,0.0254,0.254,25.4,254,0.142,0.142,0.0249,0.249,0.00254,0.0254,2.54,25.4,0.85,0.85,21.59,2.159,REF,Reference,Reference,Reference,35.1918,35.2,0.075,0.075,1.91,0.191,Standard Loops,1.1662,1.1662,5.188,0.529,529,0.23324,0.23324,1.0375,0.1058,105.8,13.0781,13.0781,58.174,5.9322,5932.2,12.91,12.91,327.91,32.791,2.8,2.8,71.12,7.112,Factory Option,Passivate per ASTM A967,0.14536,0.85,0.85,21.59,2.159,Random,0.075,0.075,1.91,0.191
LE 075J 07 M,LE 075J 07 M,LE075J07M,Extension Spring,11,Stock,,Yes,Yes,Yes,Yes,Yes,Yes,Yes,Yes,Yes,Standard Extension Series (inch),NR,Music Wire,MW,ASTM A228,1,1,25.4,2.54,0.02,0.02,0.51,0.051,5,5,127,12.7,0.075,0.075,1.91,0.191,1.4,1.4,0.245,2.45,0.025,0.25,25,250,0.14,0.14,0.0245,0.245,0.0025,0.025,2.5,25,0.85,0.85,21.59,2.159,REF,Reference,Reference,Reference,42.8334,42.8,0.075,0.075,1.91,0.191,Standard Loops,1.4,1.4,6.228,0.635,635,0.28,0.28,1.2455,0.12701,127.01,15.7,15.7,69.837,7.1215,7121.5,15.21,15.21,386.33,38.633,3.3,3.3,83.82,8.382,Factory Option,Zinc Plate and Bake per ASTM B633,0.17195,0.85,0.85,21.59,2.159,Random,0.075,0.075,1.91,0.191
LE 075J 07 S,LE 075J 07 S,LE075J07S,Extension Spring,11,Stock,,Yes,Yes,Yes,Yes,Yes,Yes,Yes,Yes,Yes,Standard Extension Series (inch),NR,Stainless Steel,SS,ASTM A313,1,1,25.4,2.54,0.02,0.02,0.51,0.051,5,5,127,12.7,0.075,0.075,1.91,0.191,1.17,1.17,0.205,2.05,0.0209,0.209,20.9,209,0.117,0.117,0.0205,0.205,0.00209,0.0209,2.09,20.9,0.85,0.85,21.59,2.159,REF,Reference,Reference,Reference,42.7114,42.7,0.075,0.075,1.91,0.191,Standard Loops,1.1662,1.1662,5.188,0.529,529,0.23324,0.23324,1.0375,0.1058,105.8,13.0781,13.0781,58.174,5.9322,5932.2,15.21,15.21,386.33,38.633,3.3,3.3,83.82,8.382,Factory Option,Passivate per ASTM A967,0.17474,0.85,0.85,21.59,2.159,Random,0.075,0.075,1.91,0.191
LE 085G 01 M,LE 085G 01 M,LE085G01M,Extension Spring,11,Stock,,Yes,Yes,Yes,Yes,Yes,Yes,Yes,Yes,Yes,Standard Extension Series (inch),NR,Music Wire,MW,ASTM A228,0.75,0.75,19.05,1.905,0.015,0.015,0.38,0.038,2,2,50.8,5.08,0.04,0.04,1.02,0.102,31.36,31.36,5.492,54.92,0.56,5.6,560,5600,3.136,3.136,0.5492,5.492,0.056,0.56,56,560,0.58,0.58,14.73,1.473,REF,Reference,Reference,Reference,8.4903,8.5,0.085,0.085,2.16,0.216,Standard Loops,2.8,2.8,12.455,1.2701,1270.1,0.56,0.56,2.491,0.25402,254.02,31.5,31.5,140.119,14.2884,14288.4,2.92,2.92,74.17,7.417,0.84,0.84,21.34,2.134,Factory Option,Zinc Plate and Bake per ASTM B633,0.03715,0.58,0.58,14.73,1.473,Random,0.085,0.085,2.16,0.216
LE 085G 01 S,LE 085G 01 S,LE085G01S,Extension Spring,11,Stock,,Yes,Yes,Yes,Yes,Yes,Yes,Yes,Yes,Yes,Standard Extension Series (inch),NR,Stainless Steel,SS,ASTM A313,0.75,0.75,19.05,1.905,0.015,0.015,0.38,0.038,2,2,50.8,5.08,0.04,0.04,1.02,0.102,26.12,26.12,4.574,45.74,0.4665,4.665,466.5,4665,2.612,2.612,0.4574,4.574,0.04665,0.4665,46.65,466.5,0.58,0.58,14.73,1.473,REF,Reference,Reference,Reference,8.4946,8.5,0.085,0.085,2.16,0.216,Standard Loops,2.3324,2.3324,10.375,1.058,1058,0.46648,0.46648,2.075,0.2116,211.6,26.2395,26.2395,116.719,11.9022,11902.2,2.92,2.92,74.17,7.417,0.84,0.84,21.34,2.134,Factory Option,Passivate per ASTM A967,0.03787,0.58,0.58,14.73,1.473,Random,0.085,0.085,2.16,0.216
LE 085G 02 M,LE 085G 02 M,LE085G02M,Extension Spring,11,Stock,,Yes,Yes,Yes,Yes,Yes,Yes,Yes,Yes,Yes,Standard Extension Series (inch),NR,Music Wire,MW,ASTM A228,0.75,0.75,19.05,1.905,0.015,0.015,0.38,0.038,2.25,2.25,57.15,5.715,0.05,0.05,1.27,0.127,23.18,23.18,4.06,40.6,0.4139,4.139,413.9,4139,2.318,2.318,0.406,4.06,0.04139,0.4139,41.39,413.9,0.58,0.58,14.73,1.473,REF,Reference,Reference,Reference,11.4865,11.5,0.085,0.085,2.16,0.216,Standard Loops,2.8,2.8,12.455,1.2701,1270.1,0.56,0.56,2.491,0.25402,254.02,31.5,31.5,140.119,14.2884,14288.4,3.49,3.49,88.65,8.865,1.09,1.09,27.69,2.769,Factory Option,Zinc Plate and Bake per ASTM B633,0.04776,0.58,0.58,14.73,1.473,Random,0.085,0.085,2.16,0.216
LE 085G 02 S,LE 085G 02 S,LE085G02S,Extension Spring,11,Stock,,Yes,Yes,Yes,Yes,Yes,Yes,Yes,Yes,Yes,Standard Extension Series (inch),NR,Stainless Steel,SS,ASTM A313,0.75,0.75,19.05,1.905,0.015,0.015,0.38,0.038,2.25,2.25,57.15,5.715,0.05,0.05,1.27,0.127,19.31,19.31,3.382,33.82,0.3448,3.448,344.8,3448,1.931,1.931,0.3382,3.382,0.03448,0.3448,34.48,344.8,0.58,0.58,14.73,1.473,REF,Reference,Reference,Reference,11.4904,11.5,0.085,0.085,2.16,0.216,Standard Loops,2.3324,2.3324,10.375,1.058,1058,0.46648,0.46648,2.075,0.2116,211.6,26.2395,26.2395,116.719,11.9022,11902.2,3.49,3.49,88.65,8.865,1.09,1.09,27.69,2.769,Factory Option,Passivate per ASTM A967,0.04869,0.58,0.58,14.73,1.473,Random,0.085,0.085,2.16,0.216
LE 085G 03 M,LE 085G 03 M,LE085G03M,Extension Spring,11,Stock,,Yes,Yes,Yes,Yes,Yes,Yes,Yes,Yes,Yes,Standard Extension Series (inch),NR,Music Wire,MW,ASTM A228,0.75,0.75,19.05,1.905,0.015,0.015,0.38,0.038,2.5,2.5,63.5,6.35,0.05,0.05,1.27,0.127,18.38,18.38,3.219,32.19,0.3282,3.282,328.2,3282,1.838,1.838,0.3219,3.219,0.03282,0.3282,32.82,328.2,0.58,0.58,14.73,1.473,REF,Reference,Reference,Reference,14.4862,14.5,0.085,0.085,2.16,0.216,Standard Loops,2.8,2.8,12.455,1.2701,1270.1,0.56,0.56,2.491,0.25402,254.02,31.5,31.5,140.119,14.2884,14288.4,4.06,4.06,103.12,10.312,1.34,1.34,34.04,3.404,Factory Option,Zinc Plate and Bake per ASTM B633,0.05839,0.58,0.58,14.73,1.473,Random,0.085,0.085,2.16,0.216
LE 085G 03 S,LE 085G 03 S,LE085G03S,Extension Spring,11,Stock,,Yes,Yes,Yes,Yes,Yes,Yes,Yes,Yes,Yes,Standard Extension Series (inch),NR,Stainless Steel,SS,ASTM A313,0.75,0.75,19.05,1.905,0.015,0.015,0.38,0.038,2.5,2.5,63.5,6.35,0.05,0.05,1.27,0.127,15.31,15.31,2.681,26.81,0.2734,2.734,273.4,2734,1.531,1.531,0.2681,2.681,0.02734,0.2734,27.34,273.4,0.58,0.58,14.73,1.473,REF,Reference,Reference,Reference,14.4925,14.5,0.085,0.085,2.16,0.216,Standard Loops,2.3324,2.3324,10.375,1.058,1058,0.46648,0.46648,2.075,0.2116,211.6,26.2395,26.2395,116.719,11.9022,11902.2,4.06,4.06,103.12,10.312,1.34,1.34,34.04,3.404,Factory Option,Passivate per ASTM A967,0.05952,0.58,0.58,14.73,1.473,Random,0.085,0.085,2.16,0.216
LE 085G 04 M,LE 085G 04 M,LE085G04M,Extension Spring,11,Stock,,Yes,Yes,Yes,Yes,Yes,Yes,Yes,Yes,Yes,Standard Extension Series (inch),NR,Music Wire,MW,ASTM A228,0.75,0.75,19.05,1.905,0.015,0.015,0.38,0.038,2.75,2.75,69.85,6.985,0.05,0.05,1.27,0.127,14.81,14.81,2.594,25.94,0.2645,2.645,264.5,2645,1.481,1.481,0.2594,2.594,0.02645,0.2645,26.45,264.5,0.58,0.58,14.73,1.473,REF,Reference,Reference,Reference,17.9782,18,0.085,0.085,2.16,0.216,Standard Loops,2.8,2.8,12.455,1.2701,1270.1,0.56,0.56,2.491,0.25402,254.02,31.5,31.5,140.119,14.2884,14288.4,4.69,4.69,119.13,11.913,1.59,1.59,40.39,4.039,Factory Option,Zinc Plate and Bake per ASTM B633,0.07075,0.58,0.58,14.73,1.473,Random,0.085,0.085,2.16,0.216
LE 085G 04 S,LE 085G 04 S,LE085G04S,Extension Spring,11,Stock,,Yes,Yes,Yes,Yes,Yes,Yes,Yes,Yes,Yes,Standard Extension Series (inch),NR,Stainless Steel,SS,ASTM A313,0.75,0.75,19.05,1.905,0.015,0.015,0.38,0.038,2.75,2.75,69.85,6.985,0.05,0.05,1.27,0.127,12.34,12.34,2.161,21.61,0.2204,2.204,220.4,2204,1.234,1.234,0.2161,2.161,0.02204,0.2204,22.04,220.4,0.58,0.58,14.73,1.473,REF,Reference,Reference,Reference,17.9806,18,0.085,0.085,2.16,0.216,Standard Loops,2.3324,2.3324,10.375,1.058,1058,0.46648,0.46648,2.075,0.2116,211.6,26.2395,26.2395,116.719,11.9022,11902.2,4.69,4.69,119.13,11.913,1.59,1.59,40.39,4.039,Factory Option,Passivate per ASTM A967,0.07211,0.58,0.58,14.73,1.473,Random,0.085,0.085,2.16,0.216
LE 085G 05 M,LE 085G 05 M,LE085G05M,Extension Spring,11,Stock,,Yes,Yes,Yes,Yes,Yes,Yes,Yes,Yes,Yes,Standard Extension Series (inch),NR,Music Wire,MW,ASTM A228,0.75,0.75,19.05,1.905,0.015,0.015,0.38,0.038,3,3,76.2,7.62,0.05,0.05,1.27,0.127,13,13,2.277,22.77,0.2322,2.322,232.2,2322,1.3,1.3,0.2277,2.277,0.02322,0.2322,23.22,232.2,0.58,0.58,14.73,1.473,REF,Reference,Reference,Reference,20.4813,20.5,0.085,0.085,2.16,0.216,Standard Loops,2.8,2.8,12.455,1.2701,1270.1,0.56,0.56,2.491,0.25402,254.02,31.5,31.5,140.119,14.2884,14288.4,5.21,5.21,132.33,13.233,1.84,1.84,46.74,4.674,Factory Option,Zinc Plate and Bake per ASTM B633,0.07962,0.58,0.58,14.73,1.473,Random,0.085,0.085,2.16,0.216
LE 085G 05 S,LE 085G 05 S,LE085G05S,Extension Spring,11,Stock,,Yes,Yes,Yes,Yes,Yes,Yes,Yes,Yes,Yes,Standard Extension Series (inch),NR,Stainless Steel,SS,ASTM A313,0.75,0.75,19.05,1.905,0.015,0.015,0.38,0.038,3,3,76.2,7.62,0.05,0.05,1.27,0.127,10.83,10.83,1.897,18.97,0.1934,1.934,193.4,1934,1.083,1.083,0.1897,1.897,0.01934,0.1934,19.34,193.4,0.58,0.58,14.73,1.473,REF,Reference,Reference,Reference,20.4876,20.5,0.085,0.085,2.16,0.216,Standard Loops,2.3324,2.3324,10.375,1.058,1058,0.46648,0.46648,2.075,0.2116,211.6,26.2395,26.2395,116.719,11.9022,11902.2,5.21,5.21,132.33,13.233,1.84,1.84,46.74,4.674,Factory Option,Passivate per ASTM A967,0.08116,0.58,0.58,14.73,1.473,Random,0.085,0.085,2.16,0.216
LE 085G 06 M,LE 085G 06 M,LE085G06M,Extension Spring,11,Stock,,Yes,Yes,Yes,Yes,Yes,Yes,Yes,Yes,Yes,Standard Extension Series (inch),NR,Music Wire,MW,ASTM A228,0.75,0.75,19.05,1.905,0.015,0.015,0.38,0.038,3.5,3.5,88.9,8.89,0.06,0.06,1.52,0.152,10,10,1.751,17.51,0.1786,1.786,178.6,1786,1,1,0.1751,1.751,0.01786,0.1786,17.86,178.6,0.58,0.58,14.73,1.473,REF,Reference,Reference,Reference,26.626,26.6,0.085,0.085,2.16,0.216,Standard Loops,2.8,2.8,12.455,1.2701,1270.1,0.56,0.56,2.491,0.25402,254.02,31.5,31.5,140.119,14.2884,14288.4,6.37,6.37,161.8,16.18,2.34,2.34,59.44,5.944,Factory Option,Zinc Plate and Bake per ASTM B633,0.10138,0.58,0.58,14.73,1.473,Random,0.085,0.085,2.16,0.216
LE 085G 06 S,LE 085G 06 S,LE085G06S,Extension Spring,11,Stock,,Yes,Yes,Yes,Yes,Yes,Yes,Yes,Yes,Yes,Standard Extension Series (inch),NR,Stainless Steel,SS,ASTM A313,0.75,0.75,19.05,1.905,0.015,0.015,0.38,0.038,3.5,3.5,88.9,8.89,0.06,0.06,1.52,0.152,8.33,8.33,1.459,14.59,0.1488,1.488,148.8,1488,0.833,0.833,0.1459,1.459,0.01488,0.1488,14.88,148.8,0.58,0.58,14.73,1.473,REF,Reference,Reference,Reference,26.6364,26.6,0.085,0.085,2.16,0.216,Standard Loops,2.3324,2.3324,10.375,1.058,1058,0.46648,0.46648,2.075,0.2116,211.6,26.2395,26.2395,116.719,11.9022,11902.2,6.37,6.37,161.8,16.18,2.34,2.34,59.44,5.944,Factory Option,Passivate per ASTM A967,0.10335,0.58,0.58,14.73,1.473,Random,0.085,0.085,2.16,0.216
LE 085G 07 M,LE 085G 07 M,LE085G07M,Extension Spring,11,Stock,,Yes,Yes,Yes,Yes,Yes,Yes,Yes,Yes,Yes,Standard Extension Series (inch),NR,Music Wire,MW,ASTM A228,0.75,0.75,19.05,1.905,0.015,0.015,0.38,0.038,4,4,101.6,10.16,0.06,0.06,1.52,0.152,8.2,8.2,1.436,14.36,0.1464,1.464,146.4,1464,0.82,0.82,0.1436,1.436,0.01464,0.1464,14.64,146.4,0.58,0.58,14.73,1.473,REF,Reference,Reference,Reference,32.47,32.5,0.085,0.085,2.16,0.216,Standard Loops,2.8,2.8,12.455,1.2701,1270.1,0.56,0.56,2.491,0.25402,254.02,31.5,31.5,140.119,14.2884,14288.4,7.5,7.5,190.5,19.05,2.84,2.84,72.14,7.214,Factory Option,Zinc Plate and Bake per ASTM B633,0.12208,0.58,0.58,14.73,1.473,Random,0.085,0.085,2.16,0.216
LE 085G 07 S,LE 085G 07 S,LE085G07S,Extension Spring,11,Stock,,Yes,Yes,Yes,Yes,Yes,Yes,Yes,Yes,Yes,Standard Extension Series (inch),NR,Stainless Steel,SS,ASTM A313,0.75,0.75,19.05,1.905,0.015,0.015,0.38,0.038,4,4,101.6,10.16,0.06,0.06,1.52,0.152,6.83,6.83,1.196,11.96,0.122,1.22,122,1220,0.683,0.683,0.1196,1.196,0.0122,0.122,12.2,122,0.58,0.58,14.73,1.473,REF,Reference,Reference,Reference,32.4862,32.5,0.085,0.085,2.16,0.216,Standard Loops,2.3324,2.3324,10.375,1.058,1058,0.46648,0.46648,2.075,0.2116,211.6,26.2395,26.2395,116.719,11.9022,11902.2,7.5,7.5,190.5,19.05,2.84,2.84,72.14,7.214,Factory Option,Passivate per ASTM A967,0.12446,0.58,0.58,14.73,1.473,Random,0.085,0.085,2.16,0.216
LE 085G 08 M,LE 085G 08 M,LE085G08M,Extension Spring,11,Stock,,Yes,Yes,Yes,Yes,Yes,Yes,Yes,Yes,Yes,Standard Extension Series (inch),NR,Music Wire,MW,ASTM A228,0.75,0.75,19.05,1.905,0.015,0.015,0.38,0.038,4.5,4.5,114.3,11.43,0.075,0.075,1.91,0.191,6.92,6.92,1.212,12.12,0.1236,1.236,123.6,1236,0.692,0.692,0.1212,1.212,0.01236,0.1236,12.36,123.6,0.58,0.58,14.73,1.473,REF,Reference,Reference,Reference,38.4765,38.5,0.085,0.085,2.16,0.216,Standard Loops,2.8,2.8,12.455,1.2701,1270.1,0.56,0.56,2.491,0.25402,254.02,31.5,31.5,140.119,14.2884,14288.4,8.65,8.65,219.71,21.971,3.34,3.34,84.84,8.484,Factory Option,Zinc Plate and Bake per ASTM B633,0.14335,0.58,0.58,14.73,1.473,Random,0.085,0.085,2.16,0.216
LE 085G 08 S,LE 085G 08 S,LE085G08S,Extension Spring,11,Stock,,Yes,Yes,Yes,Yes,Yes,Yes,Yes,Yes,Yes,Standard Extension Series (inch),NR,Stainless Steel,SS,ASTM A313,0.75,0.75,19.05,1.905,0.015,0.015,0.38,0.038,4.5,4.5,114.3,11.43,0.075,0.075,1.91,0.191,5.76,5.76,1.009,10.09,0.1029,1.029,102.9,1029,0.576,0.576,0.1009,1.009,0.01029,0.1029,10.29,102.9,0.58,0.58,14.73,1.473,REF,Reference,Reference,Reference,38.521,38.5,0.085,0.085,2.16,0.216,Standard Loops,2.3324,2.3324,10.375,1.058,1058,0.46648,0.46648,2.075,0.2116,211.6,26.2395,26.2395,116.719,11.9022,11902.2,8.65,8.65,219.71,21.971,3.34,3.34,84.84,8.484,Factory Option,Passivate per ASTM A967,0.14624,0.58,0.58,14.73,1.473,Random,0.085,0.085,2.16,0.216
LE 085G 09 M,LE 085G 09 M,LE085G09M,Extension Spring,11,Stock,,Yes,Yes,Yes,Yes,Yes,Yes,Yes,Yes,Yes,Standard Extension Series (inch),NR,Music Wire,MW,ASTM A228,0.75,0.75,19.05,1.905,0.015,0.015,0.38,0.038,5,5,127,12.7,0.075,0.075,1.91,0.191,6.06,6.06,1.061,10.61,0.1082,1.082,108.2,1082,0.606,0.606,0.1061,1.061,0.01082,0.1082,10.82,108.2,0.58,0.58,14.73,1.473,REF,Reference,Reference,Reference,43.9368,43.9,0.085,0.085,2.16,0.216,Standard Loops,2.8,2.8,12.455,1.2701,1270.1,0.56,0.56,2.491,0.25402,254.02,31.5,31.5,140.119,14.2884,14288.4,9.74,9.74,247.4,24.74,3.84,3.84,97.54,9.754,Factory Option,Zinc Plate and Bake per ASTM B633,0.16269,0.58,0.58,14.73,1.473,Random,0.085,0.085,2.16,0.216
LE 085G 09 S,LE 085G 09 S,LE085G09S,Extension Spring,11,Stock,,Yes,Yes,Yes,Yes,Yes,Yes,Yes,Yes,Yes,Standard Extension Series (inch),NR,Stainless Steel,SS,ASTM A313,0.75,0.75,19.05,1.905,0.015,0.015,0.38,0.038,5,5,127,12.7,0.075,0.075,1.91,0.191,5.05,5.05,0.884,8.84,0.0902,0.902,90.2,902,0.505,0.505,0.0884,0.884,0.00902,0.0902,9.02,90.2,0.58,0.58,14.73,1.473,REF,Reference,Reference,Reference,43.9368,43.9,0.085,0.085,2.16,0.216,Standard Loops,2.3324,2.3324,10.375,1.058,1058,0.46648,0.46648,2.075,0.2116,211.6,26.2395,26.2395,116.719,11.9022,11902.2,9.74,9.74,247.4,24.74,3.84,3.84,97.54,9.754,Factory Option,Passivate per ASTM A967,0.16578,0.58,0.58,14.73,1.473,Random,0.085,0.085,2.16,0.216
LE 085H 0 M,LE 085H 0 M,LE085H0M,Extension Spring,11,Stock,,Yes,Yes,Yes,Yes,Yes,Yes,Yes,Yes,Yes,Standard Extension Series (inch),NR,Music Wire,MW,ASTM A228,0.85,0.85,21.59,2.159,0.015,0.015,0.38,0.038,2,2,50.8,5.08,0.04,0.04,1.02,0.102,27,27,4.729,47.29,0.4822,4.822,482.2,4822,2.7,2.7,0.4729,4.729,0.04822,0.4822,48.22,482.2,0.68,0.68,17.27,1.727,REF,Reference,Reference,Reference,6.4776,6.5,0.085,0.085,2.16,0.216,Standard Loops,2.4,2.4,10.676,1.0886,1088.6,0.48,0.48,2.1351,0.21773,217.73,25.9,25.9,115.209,11.7482,11748.2,2.87,2.87,72.9,7.29,0.64,0.64,16.26,1.626,Factory Option,Zinc Plate and Bake per ASTM B633,0.03454,0.68,0.68,17.27,1.727,Random,0.085,0.085,2.16,0.216
LE 085H 0 S,LE 085H 0 S,LE085H0S,Extension Spring,11,Stock,,Yes,Yes,Yes,Yes,Yes,Yes,Yes,Yes,Yes,Standard Extension Series (inch),NR,Stainless Steel,SS,ASTM A313,0.85,0.85,21.59,2.159,0.015,0.015,0.38,0.038,2,2,50.8,5.08,0.04,0.04,1.02,0.102,22.49,22.49,3.939,39.39,0.4016,4.016,401.6,4016,2.249,2.249,0.3939,3.939,0.04016,0.4016,40.16,401.6,0.68,0.68,17.27,1.727,REF,Reference,Reference,Reference,6.4805,6.5,0.085,0.085,2.16,0.216,Standard Loops,1.9992,1.9992,8.893,0.9068,906.8,0.39984,0.39984,1.7786,0.18137,181.37,21.5747,21.5747,95.969,9.7863,9786.3,2.87,2.87,72.9,7.29,0.64,0.64,16.26,1.626,Factory Option,Passivate per ASTM A967,0.03521,0.68,0.68,17.27,1.727,Random,0.085,0.085,2.16,0.216
LE 085H 01 M,LE 085H 01 M,LE085H01M,Extension Spring,11,Stock,,Yes,Yes,Yes,Yes,Yes,Yes,Yes,Yes,Yes,Standard Extension Series (inch),NR,Music Wire,MW,ASTM A228,0.85,0.85,21.59,2.159,0.015,0.015,0.38,0.038,2.25,2.25,57.15,5.715,0.05,0.05,1.27,0.127,19.2,19.2,3.363,33.63,0.3429,3.429,342.9,3429,1.92,1.92,0.3363,3.363,0.03429,0.3429,34.29,342.9,0.68,0.68,17.27,1.727,REF,Reference,Reference,Reference,9.1092,9.1,0.085,0.085,2.16,0.216,Standard Loops,2.4,2.4,10.676,1.0886,1088.6,0.48,0.48,2.1351,0.21773,217.73,25.9,25.9,115.209,11.7482,11748.2,3.47,3.47,88.14,8.814,0.89,0.89,22.61,2.261,Factory Option,Zinc Plate and Bake per ASTM B633,0.04526,0.68,0.68,17.27,1.727,Random,0.085,0.085,2.16,0.216
LE 085H 01 S,LE 085H 01 S,LE085H01S,Extension Spring,11,Stock,,Yes,Yes,Yes,Yes,Yes,Yes,Yes,Yes,Yes,Standard Extension Series (inch),NR,Stainless Steel,SS,ASTM A313,0.85,0.85,21.59,2.159,0.015,0.015,0.38,0.038,2.25,2.25,57.15,5.715,0.05,0.05,1.27,0.127,15.99,15.99,2.8,28,0.2855,2.855,285.5,2855,1.599,1.599,0.28,2.8,0.02855,0.2855,28.55,285.5,0.68,0.68,17.27,1.727,REF,Reference,Reference,Reference,9.1149,9.1,0.085,0.085,2.16,0.216,Standard Loops,1.9992,1.9992,8.893,0.9068,906.8,0.39984,0.39984,1.7786,0.18137,181.37,21.5747,21.5747,95.969,9.7863,9786.3,3.47,3.47,88.14,8.814,0.89,0.89,22.61,2.261,Factory Option,Passivate per ASTM A967,0.04615,0.68,0.68,17.27,1.727,Random,0.085,0.085,2.16,0.216
LE 085H 02 M,LE 085H 02 M,LE085H02M,Extension Spring,11,Stock,,Yes,Yes,Yes,Yes,Yes,Yes,Yes,Yes,Yes,Standard Extension Series (inch),NR,Music Wire,MW,ASTM A228,0.85,0.85,21.59,2.159,0.015,0.015,0.38,0.038,2.5,2.5,63.5,6.35,0.05,0.05,1.27,0.127,14,14,2.452,24.52,0.25,2.5,250,2500,1.4,1.4,0.2452,2.452,0.025,0.25,25,250,0.68,0.68,17.27,1.727,REF,Reference,Reference,Reference,12.4926,12.5,0.085,0.085,2.16,0.216,Standard Loops,2.4,2.4,10.676,1.0886,1088.6,0.48,0.48,2.1351,0.21773,217.73,25.9,25.9,115.209,11.7482,11748.2,4.18,4.18,106.17,10.617,1.14,1.14,28.96,2.896,Factory Option,Zinc Plate and Bake per ASTM B633,0.05904,0.68,0.68,17.27,1.727,Random,0.085,0.085,2.16,0.216
LE 085H 02 S,LE 085H 02 S,LE085H02S,Extension Spring,11,Stock,,Yes,Yes,Yes,Yes,Yes,Yes,Yes,Yes,Yes,Standard Extension Series (inch),NR,Stainless Steel,SS,ASTM A313,0.85,0.85,21.59,2.159,0.015,0.015,0.38,0.038,2.5,2.5,63.5,6.35,0.05,0.05,1.27,0.127,11.66,11.66,2.042,20.42,0.2082,2.082,208.2,2082,1.166,1.166,0.2042,2.042,0.02082,0.2082,20.82,208.2,0.68,0.68,17.27,1.727,REF,Reference,Reference,Reference,12.4997,12.5,0.085,0.085,2.16,0.216,Standard Loops,1.9992,1.9992,8.893,0.9068,906.8,0.39984,0.39984,1.7786,0.18137,181.37,21.5747,21.5747,95.969,9.7863,9786.3,4.18,4.18,106.17,10.617,1.14,1.14,28.96,2.896,Factory Option,Passivate per ASTM A967,0.0602,0.68,0.68,17.27,1.727,Random,0.085,0.085,2.16,0.216
LE 085H 03 M,LE 085H 03 M,LE085H03M,Extension Spring,11,Stock,,Yes,Yes,Yes,Yes,Yes,Yes,Yes,Yes,Yes,Standard Extension Series (inch),NR,Music Wire,MW,ASTM A228,0.85,0.85,21.59,2.159,0.015,0.015,0.38,0.038,2.75,2.75,69.85,6.985,0.05,0.05,1.27,0.127,11.1,11.1,1.944,19.44,0.1982,1.982,198.2,1982,1.11,1.11,0.1944,1.944,0.01982,0.1982,19.82,198.2,0.68,0.68,17.27,1.727,REF,Reference,Reference,Reference,15.7564,15.8,0.085,0.085,2.16,0.216,Standard Loops,2.4,2.4,10.676,1.0886,1088.6,0.48,0.48,2.1351,0.21773,217.73,25.9,25.9,115.209,11.7482,11748.2,4.87,4.87,123.7,12.37,1.39,1.39,35.31,3.531,Factory Option,Zinc Plate and Bake per ASTM B633,0.07234,0.68,0.68,17.27,1.727,Random,0.085,0.085,2.16,0.216
LE 085H 03 S,LE 085H 03 S,LE085H03S,Extension Spring,11,Stock,,Yes,Yes,Yes,Yes,Yes,Yes,Yes,Yes,Yes,Standard Extension Series (inch),NR,Stainless Steel,SS,ASTM A313,0.85,0.85,21.59,2.159,0.015,0.015,0.38,0.038,2.75,2.75,69.85,6.985,0.05,0.05,1.27,0.127,9.25,9.25,1.62,16.2,0.1652,1.652,165.2,1652,0.925,0.925,0.162,1.62,0.01652,0.1652,16.52,165.2,0.68,0.68,17.27,1.727,REF,Reference,Reference,Reference,15.7564,15.8,0.085,0.085,2.16,0.216,Standard Loops,1.9992,1.9992,8.893,0.9068,906.8,0.39984,0.39984,1.7786,0.18137,181.37,21.5747,21.5747,95.969,9.7863,9786.3,4.87,4.87,123.7,12.37,1.39,1.39,35.31,3.531,Factory Option,Passivate per ASTM A967,0.07372,0.68,0.68,17.27,1.727,Random,0.085,0.085,2.16,0.216
LE 085H 04 M,LE 085H 04 M,LE085H04M,Extension Spring,11,Stock,,Yes,Yes,Yes,Yes,Yes,Yes,Yes,Yes,Yes,Standard Extension Series (inch),NR,Music Wire,MW,ASTM A228,0.85,0.85,21.59,2.159,0.015,0.015,0.38,0.038,3,3,76.2,7.62,0.05,0.05,1.27,0.127,9.5,9.5,1.664,16.64,0.1697,1.697,169.7,1697,0.95,0.95,0.1664,1.664,0.01697,0.1697,16.97,169.7,0.68,0.68,17.27,1.727,REF,Reference,Reference,Reference,18.4102,18.4,0.085,0.085,2.16,0.216,Standard Loops,2.4,2.4,10.676,1.0886,1088.6,0.48,0.48,2.1351,0.21773,217.73,25.9,25.9,115.209,11.7482,11748.2,5.47,5.47,138.94,13.894,1.64,1.64,41.66,4.166,Factory Option,Zinc Plate and Bake per ASTM B633,0.08315,0.68,0.68,17.27,1.727,Random,0.085,0.085,2.16,0.216
LE 085H 04 S,LE 085H 04 S,LE085H04S,Extension Spring,11,Stock,,Yes,Yes,Yes,Yes,Yes,Yes,Yes,Yes,Yes,Standard Extension Series (inch),NR,Stainless Steel,SS,ASTM A313,0.85,0.85,21.59,2.159,0.015,0.015,0.38,0.038,3,3,76.2,7.62,0.05,0.05,1.27,0.127,7.91,7.91,1.385,13.85,0.1413,1.413,141.3,1413,0.791,0.791,0.1385,1.385,0.01413,0.1413,14.13,141.3,0.68,0.68,17.27,1.727,REF,Reference,Reference,Reference,18.4257,18.4,0.085,0.085,2.16,0.216,Standard Loops,1.9992,1.9992,8.893,0.9068,906.8,0.39984,0.39984,1.7786,0.18137,181.37,21.5747,21.5747,95.969,9.7863,9786.3,5.47,5.47,138.94,13.894,1.64,1.64,41.66,4.166,Factory Option,Passivate per ASTM A967,0.0848,0.68,0.68,17.27,1.727,Random,0.085,0.085,2.16,0.216
LE 085H 05 M,LE 085H 05 M,LE085H05M,Extension Spring,11,Stock,,Yes,Yes,Yes,Yes,Yes,Yes,Yes,Yes,Yes,Standard Extension Series (inch),NR,Music Wire,MW,ASTM A228,0.85,0.85,21.59,2.159,0.015,0.015,0.38,0.038,3.5,3.5,88.9,8.89,0.06,0.06,1.52,0.152,7.3,7.3,1.278,12.78,0.1304,1.304,130.4,1304,0.73,0.73,0.1278,1.278,0.01304,0.1304,13.04,130.4,0.68,0.68,17.27,1.727,REF,Reference,Reference,Reference,23.9585,24,0.085,0.085,2.16,0.216,Standard Loops,2.4,2.4,10.676,1.0886,1088.6,0.48,0.48,2.1351,0.21773,217.73,25.9,25.9,115.209,11.7482,11748.2,6.72,6.72,170.69,17.069,2.14,2.14,54.36,5.436,Factory Option,Zinc Plate and Bake per ASTM B633,0.10576,0.68,0.68,17.27,1.727,Random,0.085,0.085,2.16,0.216
LE 085H 05 S,LE 085H 05 S,LE085H05S,Extension Spring,11,Stock,,Yes,Yes,Yes,Yes,Yes,Yes,Yes,Yes,Yes,Standard Extension Series (inch),NR,Stainless Steel,SS,ASTM A313,0.85,0.85,21.59,2.159,0.015,0.015,0.38,0.038,3.5,3.5,88.9,8.89,0.06,0.06,1.52,0.152,6.08,6.08,1.065,10.65,0.1086,1.086,108.6,1086,0.608,0.608,0.1065,1.065,0.01086,0.1086,10.86,108.6,0.68,0.68,17.27,1.727,REF,Reference,Reference,Reference,23.9716,24,0.085,0.085,2.16,0.216,Standard Loops,1.9992,1.9992,8.893,0.9068,906.8,0.39984,0.39984,1.7786,0.18137,181.37,21.5747,21.5747,95.969,9.7863,9786.3,6.72,6.72,170.69,17.069,2.14,2.14,54.36,5.436,Factory Option,Passivate per ASTM A967,0.10783,0.68,0.68,17.27,1.727,Random,0.085,0.085,2.16,0.216
